app/enm/output/Cyprinus_carpio/Cyprinus_carpio.asc
ncols         365
nrows         372
xllcorner     10.224615574
yllcorner     43.742729801
cellsize      5.0E-4
NODATA_value  -9999
[rows 168 to 195 of 372, columns 189 to 251 of 365]
2.70864E-1 2.76985E-1 2.83921E-1 2.89326E-1 2.96629E-1 3.03111E-1 3.09675E-1 3.16319E-1 3.23033E-1 3.30591E-1 3.37475E-1 3.44414E-1 3.51224E-1 3.58273E-1 3.65376E-1 3.72752E-1 3.79734E-1 3.88024E-1 3.95059E-1 4.02371E-1 4.09705E-1 4.18273E-1 4.24429E-1 4.31803E-1 4.39175E-1 4.48609E-1 4.55976E-1 4.62017E-1 4.69325E-1 4.77914E-1 4.85144E-1 4.92324E-1 4.9934E-1 5.06704E-1 5.14146E-1 5.20999E-1 5.27753E-1 5.33814E-1 5.40304E-1 5.4728E-1 5.54842E-1 5.60903E-1 5.6532E-1 5.70972E-1 5.77192E-1 5.83093E-1 5.88103E-1 5.91406E-1 5.96277E-1 6.01902E-1 6.05781E-1 6.07875E-1 6.11092E-1 6.15404E-1 6.17898E-1 6.21404E-1 6.20336E-1 6.22998E-1 6.23752E-1 6.24038E-1 6.23837E-1 6.23133E-1 6.2026E-1
2.63186E-1 2.6921E-1 2.75323E-1 2.81534E-1 2.88539E-1 2.94947E-1 3.01428E-1 3.07991E-1 3.14502E-1 3.21214E-1 3.2816E-1 3.35033E-1 3.43792E-1 3.4958E-1 3.56645E-1 3.6396E-1 3.72041E-1 3.78146E-1 3.85415E-1 3.9272E-1 4.02036E-1 4.09417E-1 4.15604E-1 4.2301E-1 4.31654E-1 4.39091E-1 4.46511E-1 4.53825E-1 4.61735E-1 4.69467E-1 4.76801E-1 4.84087E-1 4.90879E-1 4.98039E-1 5.05603E-1 5.13909E-1 5.19737E-1 5.26538E-1 5.33223E-1 5.4037E-1 5.46208E-1 5.53897E-1 5.586E-1 5.65083E-1 5.70811E-1 5.77759E-1 5.83057E-1 5.86685E-1 5.91491E-1 5.97467E-1 6.03106E-1 6.04521E-1 6.09541E-1 6.12767E-1 6.15627E-1 6.18089E-1 6.20145E-1 6.20488E-1 6.24351E-1 6.23644E-1 6.23801E-1 6.21904E-1 6.2094E-1
2.55615E-1 2.61529E-1 2.67537E-1 2.73549E-1 2.79745E-1 2.86124E-1 2.92503E-1 3.00513E-1 3.06134E-1 3.12759E-1 3.19609E-1 3.27258E-1 3.34137E-1 3.40044E-1 3.46862E-1 3.55956E-1 3.63095E-1 3.69174E-1 3.76402E-1 3.84812E-1 3.92141E-1 3.99507E-1 4.06512E-1 4.1512E-1 4.22551E-1 4.30002E-1 4.3745E-1 4.44574E-1 4.52003E-1 4.59776E-1 4.67944E-1 4.74911E-1 4.82218E-1 4.89478E-1 4.97126E-1 5.03807E-1 5.12226E-1 5.17214E-1 5.25344E-1 5.32078E-1 5.40089E-1 5.46571E-1 5.51488E-1 5.57654E-1 5.65056E-1 5.71365E-1 5.7693E-1 5.80837E-1 5.86549E-1 5.92201E-1 5.96754E-1 5.99571E-1 6.03982E-1 6.08825E-1 6.1203E-1 6.1485E-1 6.1608E-1 6.18011E-1 6.2076E-1 6.21807E-1 6.20955E-1 6.20845E-1 6.20208E-1
2.48303E-1 2.54843E-1 2.61459E-1 2.66653E-1 2.72761E-1 2.79054E-1 2.86151E-1 2.92554E-1 2.98114E-1 3.05416E-1 3.13028E-1 3.19771E-1 3.266E-1 3.32478E-1 3.40473E-1 3.47513E-1 3.55593E-1 3.61489E-1 3.69804E-1 3.76871E-1 3.84404E-1 3.91772E-1 3.99182E-1 4.06368E-1 4.15189E-1 4.22377E-1 4.29876E-1 4.37081E-1 4.44576E-1 4.52402E-1 4.59895E-1 4.68295E-1 4.75187E-1 4.82565E-1 4.90315E-1 4.98517E-1 5.0574E-1 5.11517E-1 5.18571E-1 5.2819E-1 5.34388E-1 5.41098E-1 5.46265E-1 5.53477E-1 5.60353E-1 5.66428E-1 5.72317E-1 5.78619E-1 5.83131E-1 5.89071E-1 5.93989E-1 5.97738E-1 6.02019E-1 6.06928E-1 6.10576E-1 6.12988E-1 6.15772E-1 6.1812E-1 6.21249E-1 6.21437E-1 6.23791E-1 6.2272E-1 6.23954E-1
2.41099E-1 2.46751E-1 2.5335E-1 2.59188E-1 2.65143E-1 2.71244E-1 2.78315E-1 2.84625E-1 2.90117E-1 2.96592E-1 3.0409E-1 3.1162E-1 3.18252E-1 3.25088E-1 3.31847E-1 3.38976E-1 3.46025E-1 3.5315E-1 3.6015E-1 3.68169E-1 3.75662E-1 3.8301E-1 3.90181E-1 3.97609E-1 4.05314E-1 4.12822E-1 4.22403E-1 4.28396E-1 4.3594E-1 4.43788E-1 4.52296E-1 4.59833E-1 4.66067E-1 4.73552E-1 4.83551E-1 4.90479E-1 4.97837E-1 5.03785E-1 5.11892E-1 5.19489E-1 5.26529E-1 5.33456E-1 5.4103E-1 5.46977E-1 5.54068E-1 5.60421E-1 5.65929E-1 5.71877E-1 5.77617E-1 5.8387E-1 5.8879E-1 5.93746E-1 5.984E-1 6.03661E-1 6.06758E-1 6.11838E-1 6.13653E-1 6.17897E-1 6.18996E-1 6.22299E-1 6.23674E-1 6.23072E-1 6.23333E-1
2.34012E-1 2.40368E-1 2.46083E-1 2.51106E-1 2.57E-1 2.63825E-1 2.70693E-1 2.76839E-1 2.82259E-1 2.8945E-1 2.96036E-1 3.02616E-1 3.0928E-1 3.15909E-1 3.23486E-1 3.30534E-1 3.37528E-1 3.44435E-1 3.5156E-1 3.58751E-1 3.66184E-1 3.7544E-1 3.81463E-1 3.88878E-1 3.96561E-1 4.05002E-1 4.12544E-1 4.18901E-1 4.26473E-1 4.36438E-1 4.437E-1 4.51306E-1 4.57626E-1 4.66487E-1 4.74046E-1 4.81578E-1 4.89072E-1 4.97232E-1 5.04176E-1 5.11905E-1 5.19122E-1 5.25756E-1 5.32757E-1 5.39642E-1 5.48262E-1 5.53566E-1 5.61389E-1 5.66232E-1 5.72275E-1 5.78103E-1 5.85131E-1 5.89058E-1 5.95504E-1 5.99254E-1 6.05105E-1 6.09183E-1 6.11455E-1 6.14749E-1 6.19048E-1 6.21453E-1 6.24768E-1 6.23299E-1 6.24108E-1
2.27241E-1 2.33399E-1 2.38973E-1 2.43908E-1 2.50428E-1 2.56394E-1 2.62405E-1 2.68511E-1 2.74633E-1 2.81626E-1 2.88112E-1 2.94602E-1 3.01081E-1 3.07742E-1 3.1449E-1 3.21445E-1 3.29138E-1 3.35985E-1 3.43056E-1 3.50196E-1 3.5848E-1 3.65762E-1 3.72007E-1 3.79394E-1 3.89009E-1 3.96262E-1 4.03805E-1 4.10195E-1 4.18991E-1 4.2662E-1 4.34272E-1 4.41934E-1 4.50374E-1 4.57711E-1 4.6567E-1 4.73301E-1 4.80899E-1 4.88078E-1 4.95582E-1 5.0469E-1 5.11531E-1 5.19737E-1 5.25579E-1 5.32665E-1 5.4016E-1 5.47882E-1 5.54592E-1 5.61073E-1 5.66645E-1 5.74203E-1 5.8015E-1 5.8444E-1 5.89893E-1 5.96493E-1 6.01371E-1 6.07308E-1 6.08952E-1 6.13161E-1 6.17501E-1 6.20414E-1 6.22843E-1 6.23519E-1 6.262E-1
2.20497E-1 2.25878E-1 2.3136E-1 2.36864E-1 2.43227E-1 2.49071E-1 2.54967E-1 2.609E-1 2.6699E-1 2.7318E-1 2.79542E-1 2.86543E-1 2.93934E-1 2.99594E-1 3.06253E-1 3.12993E-1 3.20806E-1 3.26732E-1 3.33723E-1 3.41554E-1 3.49748E-1 3.56981E-1 3.63191E-1 3.70528E-1 3.7905E-1 3.86518E-1 3.93775E-1 4.01217E-1 4.09744E-1 4.1761E-1 4.25266E-1 4.3295E-1 4.40356E-1 4.48045E-1 4.56809E-1 4.64494E-1 4.73122E-1 4.79456E-1 4.87056E-1 4.94991E-1 5.03447E-1 5.10894E-1 5.17595E-1 5.24848E-1 5.33381E-1 5.40443E-1 5.47371E-1 5.52766E-1 5.60784E-1 5.66435E-1 5.73998E-1 5.78612E-1 5.85097E-1 5.9134E-1 5.96586E-1 6.0153E-1 6.05277E-1 6.09697E-1 6.14432E-1 6.17808E-1 6.1963E-1 6.21978E-1 6.23763E-1
2.14555E-1 2.19841E-1 2.25224E-1 2.30678E-1 2.36267E-1 2.42685E-1 2.4845E-1 2.55105E-1 2.603E-1 2.66403E-1 2.72608E-1 2.79778E-1 2.86186E-1 2.92594E-1 2.99086E-1 3.06705E-1 3.13491E-1 3.19384E-1 3.26317E-1 3.34221E-1 3.41459E-1 3.49416E-1 3.55614E-1 3.6385E-1 3.71408E-1 3.78862E-1 3.86373E-1 3.93737E-1 4.02398E-1 4.09995E-1 4.17674E-1 4.25148E-1 4.32877E-1 4.4062E-1 4.48661E-1 4.57402E-1 4.66354E-1 4.72387E-1 4.8011E-1 4.89107E-1 4.96761E-1 5.04366E-1 5.10573E-1 5.19393E-1 5.2746E-1 5.34732E-1 5.41908E-1 5.4896E-1 5.55329E-1 5.62616E-1 5.69203E-1 5.76934E-1 5.81596E-1 5.88165E-1 5.93824E-1 5.99208E-1 6.03476E-1 6.08162E-1 6.13377E-1 6.1776E-1 6.21371E-1 6.22883E-1 6.25278E-1
2.0816E-1 2.13321E-1 2.19262E-1 2.23942E-1 2.29418E-1 2.35042E-1 2.41446E-1 2.47248E-1 2.53068E-1 2.59014E-1 2.65944E-1 2.72157E-1 2.7847E-1 2.83997E-1 2.91305E-1 2.98811E-1 3.05407E-1 3.11235E-1 3.18964E-1 3.25914E-1 3.33083E-1 3.40203E-1 3.47265E-1 3.55491E-1 3.62808E-1 3.70222E-1 3.77529E-1 3.85058E-1 3.92641E-1 4.00481E-1 4.07951E-1 4.17954E-1 4.24209E-1 4.31985E-1 4.39779E-1 4.48842E-1 4.56676E-1 4.63231E-1 4.71046E-1 4.80886E-1 4.88662E-1 4.96397E-1 5.04093E-1 5.11343E-1 5.19309E-1 5.26801E-1 5.35492E-1 5.41672E-1 5.48818E-1 5.56338E-1 5.63222E-1 5.69362E-1 5.75857E-1 5.82773E-1 5.90217E-1 5.95807E-1 5.99877E-1 6.0504E-1 6.10685E-1 6.15704E-1 6.19736E-1 6.21892E-1 6.25006E-1
2.01343E-1 2.07032E-1 2.12199E-1 2.17364E-1 2.22732E-1 2.28932E-1 2.34525E-1 2.40218E-1 2.45235E-1 2.51912E-1 2.58635E-1 2.64691E-1 2.70901E-1 2.77212E-1 2.83549E-1 2.90126E-1 2.96725E-1 3.03329E-1 3.10964E-1 3.17715E-1 3.24793E-1 3.31728E-1 3.38855E-1 3.46068E-1 3.53494E-1 3.60707E-1 3.70215E-1 3.7641E-1 3.83965E-1 3.91584E-1 4.00404E-1 4.08132E-1 4.14716E-1 4.23609E-1 4.3234E-1 4.40204E-1 4.48091E-1 4.54717E-1 4.63591E-1 4.71762E-1 4.79647E-1 4.88727E-1 4.95738E-1 5.03507E-1 5.11592E-1 5.19265E-1 5.27812E-1 5.33958E-1 5.41351E-1 5.50413E-1 5.57774E-1 5.63378E-1 5.70202E-1 5.7741E-1 5.84665E-1 5.90876E-1 5.95434E-1 6.01451E-1 6.08165E-1 6.1314E-1 6.17728E-1 6.20484E-1 6.25585E-1
1.95882E-1 2.00827E-1 2.05876E-1 2.10363E-1 2.16292E-1 2.22248E-1 2.27725E-1 2.33304E-1 2.38984E-1 2.44725E-1 2.50661E-1 2.56648E-1 2.62743E-1 2.69552E-1 2.75848E-1 2.82314E-1 2.88815E-1 2.95327E-1 3.02006E-1 3.08779E-1 3.15625E-1 3.24333E-1 3.3039E-1 3.37521E-1 3.44862E-1 3.53082E-1 3.60461E-1 3.66821E-1 3.75112E-1 3.83801E-1 3.91445E-1 3.99149E-1 4.05728E-1 4.14484E-1 4.22527E-1 4.304E-1 4.39081E-1 4.46752E-1 4.54674E-1 4.62873E-1 4.70822E-1 4.78449E-1 4.86353E-1 4.93758E-1 5.03158E-1 5.10597E-1 5.1967E-1 5.25994E-1 5.33576E-1 5.42432E-1 5.49822E-1 5.563E-1 5.63389E-1 5.71707E-1 5.78461E-1 5.85015E-1 5.89944E-1 5.97416E-1 6.03208E-1 6.08994E-1 6.14072E-1 6.18769E-1 6.2213E-1
1.89963E-1 1.948E-1 1.99741E-1 2.04784E-1 2.0991E-1 2.15175E-1 2.20531E-1 2.25988E-1 2.32129E-1 2.378E-1 2.43614E-1 2.49499E-1 2.56236E-1 2.61517E-1 2.67701E-1 2.73974E-1 2.81937E-1 2.87552E-1 2.94146E-1 3.00828E-1 3.08552E-1 3.15442E-1 3.21437E-1 3.2924E-1 3.37392E-1 3.44634E-1 3.51955E-1 3.58294E-1 3.66679E-1 3.74366E-1 3.81982E-1 3.90437E-1 3.97996E-1 4.05767E-1 4.13794E-1 4.21674E-1 4.29372E-1 4.37306E-1 4.44928E-1 4.543E-1 4.62039E-1 4.7131E-1 4.78037E-1 4.86023E-1 4.93986E-1 5.03241E-1 5.1187E-1 5.18376E-1 5.26153E-1 5.35206E-1 5.42829E-1 5.48975E-1 5.56374E-1 5.65009E-1 5.72676E-1 5.7959E-1 5.86312E-1 5.92211E-1 5.9906E-1 6.05042E-1 6.10704E-1 6.14168E-1 6.20351E-1
1.84213E-1 1.88939E-1 1.94314E-1 1.99238E-1 2.04282E-1 2.0945E-1 2.14702E-1 2.2004E-1 2.25498E-1 2.3106E-1 2.37388E-1 2.43902E-1 2.49804E-1 2.5501E-1 2.61108E-1 2.68137E-1 2.74451E-1 2.8077E-1 2.87194E-1 2.94709E-1 3.01425E-1 3.08241E-1 3.14194E-1 3.22152E-1 3.29247E-1 3.3733E-1 3.4445E-1 3.51802E-1 3.59105E-1 3.66738E-1 3.74317E-1 3.81966E-1 3.89524E-1 3.98088E-1 4.06093E-1 4.13795E-1 4.22909E-1 4.29686E-1 4.37692E-1 4.45724E-1 4.56178E-1 4.63909E-1 4.70727E-1 4.78812E-1 4.88184E-1 4.96259E-1 5.0431E-1 5.11006E-1 5.21221E-1 5.28925E-1 5.36769E-1 5.43165E-1 5.51774E-1 5.59744E-1 5.67168E-1 5.74449E-1 5.81591E-1 5.8847E-1 5.95693E-1 6.02142E-1 6.09069E-1 6.13517E-1 6.19011E-1
1.78621E-1 1.83237E-1 1.87953E-1 1.92769E-1 1.98243E-1 2.0328E-1 2.08408E-1 2.14329E-1 2.18997E-1 2.24447E-1 2.30001E-1 2.36408E-1 2.42861E-1 2.4793E-1 2.53918E-1 2.60816E-1 2.67028E-1 2.72491E-1 2.79751E-1 2.86198E-1 2.93673E-1 3.00304E-1 3.07119E-1 3.13942E-1 3.21037E-1 3.28132E-1 3.35323E-1 3.42483E-1 3.50608E-1 3.58174E-1 3.65698E-1 3.74251E-1 3.80821E-1 3.88557E-1 3.96514E-1 4.06417E-1 4.14099E-1 4.20894E-1 4.28902E-1 4.38169E-1 4.4627E-1 4.54398E-1 4.61298E-1 4.71647E-1 4.79674E-1 4.87841E-1 4.96005E-1 5.03851E-1 5.11959E-1 5.20347E-1 5.28383E-1 5.36698E-1 5.4457E-1 5.5274E-1 5.60444E-1 5.67598E-1 5.75028E-1 5.82299E-1 5.91214E-1 5.96753E-1 6.04752E-1 6.09727E-1 6.15795E-1
1.73189E-1 1.77697E-1 1.82887E-1 1.87013E-1 1.91819E-1 1.96729E-1 2.02391E-1 2.08097E-1 2.12654E-1 2.17991E-1 2.24141E-1 2.29703E-1 2.35372E-1 2.40383E-1 2.46988E-1 2.53698E-1 2.59744E-1 2.6512E-1 2.72202E-1 2.78608E-1 2.85169E-1 2.9178E-1 2.99234E-1 3.05949E-1 3.12934E-1 3.1994E-1 3.27944E-1 3.34139E-1 3.41416E-1 3.48895E-1 3.58228E-1 3.65613E-1 3.72151E-1 3.79838E-1 3.88711E-1 3.96552E-1 4.04461E-1 4.11254E-1 4.2152E-1 4.29318E-1 4.37429E-1 4.45578E-1 4.5355E-1 4.61749E-1 4.70203E-1 4.79637E-1 4.87233E-1 4.95467E-1 5.03692E-1 5.12187E-1 5.20062E-1 5.28196E-1 5.36275E-1 5.45925E-1 5.52913E-1 5.62105E-1 5.68468E-1 5.76065E-1 5.83524E-1 5.92185E-1 5.99289E-1 6.06132E-1 6.11828E-1
1.6746E-1 1.724E-1 1.77389E-1 1.81417E-1 1.86112E-1 1.91517E-1 1.96431E-1 2.01448E-1 2.05909E-1 2.11757E-1 2.17689E-1 2.23133E-1 2.2868E-1 2.34308E-1 2.40066E-1 2.45958E-1 2.51929E-1 2.58613E-1 2.64793E-1 2.71084E-1 2.77528E-1 2.83968E-1 2.90567E-1 2.97262E-1 3.04125E-1 3.12624E-1 3.19636E-1 3.25765E-1 3.3295E-1 3.41236E-1 3.48619E-1 3.56082E-1 3.6239E-1 3.72051E-1 3.79758E-1 3.87541E-1 3.95394E-1 4.03318E-1 4.1113E-1 4.19335E-1 4.2824E-1 4.36379E-1 4.44367E-1 4.52576E-1 4.61036E-1 4.69313E-1 4.78651E-1 4.85681E-1 4.94765E-1 5.03318E-1 5.12635E-1 5.19583E-1 5.27804E-1 5.35982E-1 5.45443E-1 5.5351E-1 5.60791E-1 5.6865E-1 5.77748E-1 5.85358E-1 5.92814E-1 5.98723E-1 6.06656E-1
1.62902E-1 1.67194E-1 1.71583E-1 1.75505E-1 1.80654E-1 1.85848E-1 1.90646E-1 1.95548E-1 2.00546E-1 2.05651E-1 2.10872E-1 2.16189E-1 2.22171E-1 2.27709E-1 2.33347E-1 2.39118E-1 2.44941E-1 2.50901E-1 2.56961E-1 2.63128E-1 2.70065E-1 2.77305E-1 2.82941E-1 2.89529E-1 2.9622E-1 3.03938E-1 3.10845E-1 3.16781E-1 3.24725E-1 3.32905E-1 3.40199E-1 3.47587E-1 3.55061E-1 3.62507E-1 3.70262E-1 3.78781E-1 3.86587E-1 3.94325E-1 4.02262E-1 4.10419E-1 4.18487E-1 4.27632E-1 4.34621E-1 4.43664E-1 4.52114E-1 4.61459E-1 4.69803E-1 4.76904E-1 4.85278E-1 4.94947E-1 5.02907E-1 5.11195E-1 5.19553E-1 5.29205E-1 5.37516E-1 5.45771E-1 5.52633E-1 5.61766E-1 5.70816E-1 5.78731E-1 5.86535E-1 5.93783E-1 6.01258E-1
1.58397E-1 1.62592E-1 1.6688E-1 1.71271E-1 1.75763E-1 1.80346E-1 1.85536E-1 1.90335E-1 1.95232E-1 2.00236E-1 2.05351E-1 2.10564E-1 2.16554E-1 2.2129E-1 2.27432E-1 2.3305E-1 2.39547E-1 2.44653E-1 2.50612E-1 2.56678E-1 2.63665E-1 2.69966E-1 2.7619E-1 2.82686E-1 2.90172E-1 2.96893E-1 3.03716E-1 3.09697E-1 3.17586E-1 3.25642E-1 3.32744E-1 3.40065E-1 3.47381E-1 3.54875E-1 3.62556E-1 3.70229E-1 3.7895E-1 3.86687E-1 3.94394E-1 4.02513E-1 4.11578E-1 4.19702E-1 4.26701E-1 4.34928E-1 4.44418E-1 4.53582E-1 4.61956E-1 4.69119E-1 4.78811E-1 4.87275E-1 4.9575E-1 5.02944E-1 5.13958E-1 5.21999E-1 5.30456E-1 5.38885E-1 5.46992E-1 5.55331E-1 5.63919E-1 5.72137E-1 5.8123E-1 5.88561E-1 5.96423E-1
1.53177E-1 1.5768E-1 1.61876E-1 1.66162E-1 1.70539E-1 1.75006E-1 1.79577E-1 1.84844E-1 1.89028E-1 1.94429E-1 1.9942E-1 2.05155E-1 2.1037E-1 2.15006E-1 2.20411E-1 2.26637E-1 2.32901E-1 2.37877E-1 2.43721E-1 2.50421E-1 2.56519E-1 2.62702E-1 2.68154E-1 2.75329E-1 2.82625E-1 2.89163E-1 2.95878E-1 3.02632E-1 3.0955E-1 3.1663E-1 3.23744E-1 3.3088E-1 3.39072E-1 3.4635E-1 3.53939E-1 3.61433E-1 3.70179E-1 3.76866E-1 3.84706E-1 3.92622E-1 4.02563E-1 4.10644E-1 4.17635E-1 4.27006E-1 4.3528E-1 4.43615E-1 4.51992E-1 4.61553E-1 4.69531E-1 4.78209E-1 4.86739E-1 4.95288E-1 5.03629E-1 5.12426E-1 5.20996E-1 5.30808E-1 5.38644E-1 5.4715E-1 5.55895E-1 5.6433E-1 5.7375E-1 5.80691E-1 5.88886E-1
1.48565E-1 1.52535E-1 1.57116E-1 1.60772E-1 1.65482E-1 1.69834E-1 1.7486E-1 1.79433E-1 1.83518E-1 1.88277E-1 1.93755E-1 1.99267E-1 2.04354E-1 2.08888E-1 2.14856E-1 2.20261E-1 2.25775E-1 2.30674E-1 2.37121E-1 2.43586E-1 2.49523E-1 2.55582E-1 2.61718E-1 2.67988E-1 2.74403E-1 2.80882E-1 2.8743E-1 2.94898E-1 3.01627E-1 3.08586E-1 3.15534E-1 3.23604E-1 3.29847E-1 3.3715E-1 3.4545E-1 3.53852E-1 3.61458E-1 3.68082E-1 3.7585E-1 3.84791E-1 3.92733E-1 4.00756E-1 4.0875E-1 4.17725E-1 4.26092E-1 4.3439E-1 4.4275E-1 4.51008E-1 4.59462E-1 4.68134E-1 4.77853E-1 4.85929E-1 4.94533E-1 5.03357E-1 5.12007E-1 5.21745E-1 5.29101E-1 5.37743E-1 5.47414E-1 5.57087E-1 5.65652E-1 5.72827E-1 5.81286E-1
1.44134E-1 1.48014E-1 1.52458E-1 1.5602E-1 1.60163E-1 1.64928E-1 1.69733E-1 1.7419E-1 1.78178E-1 1.83403E-1 1.88159E-1 1.93017E-1 1.97975E-1 2.03039E-1 2.08746E-1 2.14036E-1 2.19424E-1 2.24917E-1 2.30508E-1 2.36213E-1 2.42044E-1 2.47925E-1 2.54599E-1 2.60745E-1 2.67029E-1 2.73383E-1 2.80668E-1 2.86383E-1 2.93054E-1 3.0059E-1 3.08354E-1 3.15363E-1 3.21514E-1 3.28706E-1 3.36984E-1 3.44389E-1 3.51884E-1 3.59217E-1 3.6786E-1 3.75723E-1 3.83585E-1 3.91521E-1 3.99434E-1 4.07523E-1 4.15817E-1 4.24898E-1 4.34255E-1 4.41436E-1 4.49858E-1 4.58498E-1 4.68097E-1 4.75435E-1 4.84901E-1 4.93724E-1 5.03495E-1 5.12189E-1 5.1961E-1 5.28329E-1 5.38358E-1 5.47074E-1 5.56575E-1 5.63917E-1 5.73875E-1
1.39487E-1 1.4409E-1 1.47953E-1 1.51424E-1 1.55458E-1 1.60095E-1 1.64331E-1 1.68664E-1 1.72545E-1 1.78103E-1 1.82733E-1 1.87473E-1 1.92312E-1 1.9726E-1 2.02303E-1 2.07456E-1 2.12697E-1 2.18624E-1 2.24099E-1 2.29682E-1 2.35385E-1 2.41916E-1 2.47067E-1 2.5308E-1 2.5986E-1 2.66886E-1 2.73242E-1 2.78861E-1 2.85414E-1 2.92957E-1 2.99733E-1 3.0662E-1 3.13405E-1 3.21376E-1 3.28636E-1 3.35933E-1 3.43332E-1 3.50739E-1 3.58321E-1 3.66077E-1 3.74656E-1 3.82419E-1 3.90355E-1 3.98379E-1 4.06591E-1 4.14656E-1 4.24064E-1 4.32069E-1 4.40462E-1 4.48906E-1 4.58621E-1 4.65968E-1 4.74571E-1 4.84467E-1 4.93174E-1 5.02769E-1 5.10252E-1 5.20307E-1 5.29108E-1 5.37908E-1 5.46718E-1 5.55516E-1 5.63634E-1
1.36166E-1 1.39835E-1 1.43592E-1 1.47354E-1 1.51804E-1 1.55832E-1 1.59968E-1 1.64198E-1 1.68537E-1 1.72961E-1 1.77473E-1 1.8258E-1 1.87318E-1 1.92155E-1 1.97091E-1 2.02131E-1 2.07928E-1 2.12524E-1 2.18454E-1 2.2391E-1 2.30201E-1 2.359E-1 2.40964E-1 2.46861E-1 2.53648E-1 2.59777E-1 2.66718E-1 2.72199E-1 2.79493E-1 2.8606E-1 2.92735E-1 2.9952E-1 3.06402E-1 3.13342E-1 3.21231E-1 3.28432E-1 3.35667E-1 3.43067E-1 3.5056E-1 3.58225E-1 3.65827E-1 3.75621E-1 3.8228E-1 3.90234E-1 3.98274E-1 4.07522E-1 4.15729E-1 4.22852E-1 4.31193E-1 4.41879E-1 4.50147E-1 4.57484E-1 4.66083E-1 4.75957E-1 4.8466E-1 4.93406E-1 5.00927E-1 5.11719E-1 5.20736E-1 5.29604E-1 5.38476E-1 5.47168E-1 5.56058E-1
1.32197E-1 1.35764E-1 1.39417E-1 1.43179E-1 1.47009E-1 1.51299E-1 1.55338E-1 1.59474E-1 1.63686E-1 1.67992E-1 1.72385E-1 1.76902E-1 1.8208E-1 1.86692E-1 1.9151E-1 1.96429E-1 2.02081E-1 2.06572E-1 2.11801E-1 2.17816E-1 2.2327E-1 2.29433E-1 2.34366E-1 2.40878E-1 2.46772E-1 2.52775E-1 2.58889E-1 2.65102E-1 2.714E-1 2.78535E-1 2.85086E-1 2.91747E-1 2.98465E-1 3.05328E-1 3.12346E-1 3.19423E-1 3.28346E-1 3.34574E-1 3.41957E-1 3.49441E-1 3.58043E-1 3.65726E-1 3.72444E-1 3.8029E-1 3.90303E-1 3.98204E-1 4.06328E-1 4.13401E-1 4.22702E-1 4.31171E-1 4.39592E-1 4.46892E-1 4.57394E-1 4.66142E-1 4.74814E-1 4.83531E-1 4.92147E-1 5.00946E-1 5.09949E-1 5.20028E-1 5.29752E-1 5.37381E-1 5.46311E-1
1.28375E-1 1.31858E-1 1.35405E-1 1.39061E-1 1.42782E-1 1.46578E-1 1.50499E-1 1.54981E-1 1.58985E-1 1.63195E-1 1.6748E-1 1.72409E-1 1.76908E-1 1.80931E-1 1.85616E-1 1.90996E-1 1.96407E-1 2.0079E-1 2.05891E-1 2.11762E-1 2.1709E-1 2.22519E-1 2.27357E-1 2.34308E-1 2.40062E-1 2.45936E-1 2.51912E-1 2.57983E-1 2.64172E-1 2.70501E-1 2.76911E-1 2.84987E-1 2.90711E-1 2.9745E-1 3.04335E-1 3.12158E-1 3.19227E-1 3.25439E-1 3.32687E-1 3.41905E-1 3.49289E-1 3.56856E-1 3.63489E-1 3.72202E-1 3.8013E-1 3.8807E-1 3.97089E-1 4.0496E-1 4.13148E-1 4.21522E-1 4.29869E-1 4.38164E-1 4.46644E-1 4.55309E-1 4.6504E-1 4.73369E-1 4.82084E-1 4.90851E-1 4.99805E-1 5.08508E-1 5.18661E-1 5.26301E-1 5.36467E-1
1.24452E-1 1.27803E-1 1.31669E-1 1.35126E-1 1.38742E-1 1.42426E-1 1.46698E-1 1.50592E-1 1.54091E-1 1.58161E-1 1.62831E-1 1.67535E-1 1.71915E-1 1.75836E-1 1.8097E-1 1.85635E-1 1.90409E-1 1.94677E-1 2.00781E-1 2.05874E-1 2.11068E-1 2.16371E-1 2.2177E-1 2.27283E-1 2.32908E-1 2.38636E-1 2.45815E-1 2.51013E-1 2.5707E-1 2.63254E-1 2.70324E-1 2.76718E-1 2.82368E-1 2.88958E-1 2.97246E-1 3.04076E-1 3.11007E-1 3.17109E-1 3.25182E-1 3.32417E-1 3.39755E-1 3.47988E-1 3.55525E-1 3.63094E-1 3.70895E-1 3.78712E-1 3.86626E-1 3.94524E-1 4.02594E-1 4.1172E-1 4.19864E-1 4.28178E-1 4.36567E-1 4.45135E-1 4.53534E-1 4.63316E-1 4.70753E-1 4.80378E-1 4.89123E-1 4.99164E-1 5.08E-1 5.15615E-1 5.24518E-1
1.21277E-1 1.24945E-1 1.28293E-1 1.31316E-1 1.34825E-1 1.39212E-1 1.42919E-1 1.46712E-1 1.50126E-1 1.54575E-1 1.58646E-1 1.62809E-1 1.67489E-1 1.71885E-1 1.76347E-1 1.80898E-1 1.85562E-1 1.90335E-1 1.95198E-1 2.00164E-1 2.05754E-1 2.10942E-1 2.16229E-1 2.21623E-1 2.27129E-1 2.32732E-1 2.39173E-1 2.44267E-1 2.50813E-1 2.56858E-1 2.63806E-1 2.70085E-1 2.75638E-1 2.8211E-1 2.89547E-1 2.97015E-1 3.03778E-1 3.10698E-1 3.17676E-1 3.24846E-1 3.32071E-1 3.39398E-1 3.46761E-1 3.55177E-1 3.62771E-1 3.70488E-1 3.79282E-1 3.86115E-1 3.94086E-1 4.02238E-1 4.11402E-1 4.19534E-1 4.27698E-1 4.36071E-1 4.45681E-1 4.54195E-1 4.61574E-1 4.70196E-1 4.81226E-1 4.89783E-1 4.98568E-1 5.06145E-1 5.16098E-1
