app/enm/output/Cyprinus_carpio/Cyprinus_carpio.asc
ncols         365
nrows         372
xllcorner     10.224615574
yllcorner     43.742729801
cellsize      5.0E-4
NODATA_value  -9999
[rows 112 to 139 of 372, columns 126 to 188 of 365]
3.67287E-1 3.76446E-1 3.84693E-1 3.91941E-1 4.00387E-1 4.10115E-1 4.19887E-1 4.27486E-1 4.36339E-1 4.46401E-1 4.55536E-1 4.64641E-1 4.72533E-1 4.82937E-1 4.93429E-1 5.02918E-1 5.12282E-1 5.2148E-1 5.30867E-1 5.40483E-1 5.49885E-1 5.59035E-1 5.69709E-1 5.79021E-1 5.88579E-1 5.97489E-1 6.08097E-1 6.15686E-1 6.24649E-1 6.33477E-1 6.45084E-1 6.53699E-1 6.60675E-1 6.69006E-1 6.78667E-1 6.86667E-1 6.9449E-1 7.00546E-1 7.10269E-1 7.18082E-1 7.25106E-1 7.31928E-1 7.37868E-1 7.44238E-1 7.511E-1 7.56864E-1 7.63167E-1 7.68654E-1 7.73934E-1 7.79812E-1 7.83859E-1 7.8852E-1 7.92991E-1 7.97855E-1 8.02328E-1 8.07608E-1 8.09951E-1 8.13519E-1 8.16927E-1 8.21537E-1 8.24643E-1 8.27085E-1 8.29908E-1
3.58099E-1 3.66033E-1 3.74098E-1 3.81189E-1 3.90501E-1 3.98952E-1 4.07449E-1 4.15984E-1 4.25798E-1 4.34592E-1 4.43573E-1 4.52527E-1 4.61435E-1 4.70508E-1 4.79654E-1 4.90223E-1 4.99325E-1 5.08596E-1 5.17889E-1 5.27402E-1 5.365E-1 5.47206E-1 5.55088E-1 5.65671E-1 5.74911E-1 5.85532E-1 5.94673E-1 6.02267E-1 6.11235E-1 6.21595E-1 6.30376E-1 6.40419E-1 6.47426E-1 6.56866E-1 6.65583E-1 6.73679E-1 6.81623E-1 6.88842E-1 6.96399E-1 7.05734E-1 7.12817E-1 7.19176E-1 7.25942E-1 7.32497E-1 7.39539E-1 7.44987E-1 7.5091E-1 7.57965E-1 7.63242E-1 7.68535E-1 7.75058E-1 7.78498E-1 7.8319E-1 7.88559E-1 7.93419E-1 7.98825E-1 8.01042E-1 8.04816E-1 8.09814E-1 8.13258E-1 8.1656E-1 8.18346E-1 8.21744E-1
3.46175E-1 3.53895E-1 3.62707E-1 3.70728E-1 3.78765E-1 3.87018E-1 3.95327E-1 4.03733E-1 4.12157E-1 4.20755E-1 4.30656E-1 4.39481E-1 4.48224E-1 4.57146E-1 4.66135E-1 4.75334E-1 4.85568E-1 4.93398E-1 5.03804E-1 5.13217E-1 5.23597E-1 5.32823E-1 5.4064E-1 5.49834E-1 5.60421E-1 5.69568E-1 5.79998E-1 5.87574E-1 5.98004E-1 6.06895E-1 6.15702E-1 6.24404E-1 6.32992E-1 6.4101E-1 6.5117E-1 6.59302E-1 6.67338E-1 6.7468E-1 6.82367E-1 6.9045E-1 6.97807E-1 7.05855E-1 7.12524E-1 7.19265E-1 7.26485E-1 7.33622E-1 7.38267E-1 7.442E-1 7.49925E-1 7.56912E-1 7.63313E-1 7.66954E-1 7.71862E-1 7.78031E-1 7.82559E-1 7.86907E-1 7.8966E-1 7.95086E-1 7.99841E-1 8.03491E-1 8.07E-1 8.10347E-1 8.12568E-1
3.35536E-1 3.43054E-1 3.50701E-1 3.58413E-1 3.66281E-1 3.75365E-1 3.83476E-1 3.91625E-1 3.99936E-1 4.0835E-1 4.16947E-1 4.26629E-1 4.34111E-1 4.44037E-1 4.52863E-1 4.63023E-1 4.71988E-1 4.79697E-1 4.88732E-1 4.99124E-1 5.08235E-1 5.18634E-1 5.26385E-1 5.36887E-1 5.45994E-1 5.55079E-1 5.64129E-1 5.73136E-1 5.81749E-1 5.92296E-1 6.01101E-1 6.09822E-1 6.1803E-1 6.26519E-1 6.35343E-1 6.43609E-1 6.52742E-1 6.60495E-1 6.6829E-1 6.76483E-1 6.84897E-1 6.92182E-1 6.97774E-1 7.04699E-1 7.12929E-1 7.20643E-1 7.25464E-1 7.31595E-1 7.39006E-1 7.44726E-1 7.50257E-1 7.54117E-1 7.60732E-1 7.66722E-1 7.71471E-1 7.76037E-1 7.80424E-1 7.83712E-1 7.88678E-1 7.92559E-1 7.97576E-1 7.99759E-1 8.03155E-1
3.25231E-1 3.32547E-1 3.40927E-1 3.47504E-1 3.55173E-1 3.63012E-1 3.7191E-1 3.78893E-1 3.88038E-1 3.96258E-1 4.05717E-1 4.14147E-1 4.21489E-1 4.30062E-1 4.39931E-1 4.48696E-1 4.58671E-1 4.66257E-1 4.76449E-1 4.85398E-1 4.94381E-1 5.03391E-1 5.12415E-1 5.21194E-1 5.31739E-1 5.40754E-1 5.49747E-1 5.58383E-1 5.67284E-1 5.76466E-1 5.85253E-1 5.96372E-1 6.03509E-1 6.12022E-1 6.20873E-1 6.30217E-1 6.38386E-1 6.44922E-1 6.52803E-1 6.63333E-1 6.70901E-1 6.78309E-1 6.84026E-1 6.92594E-1 6.99464E-1 7.06162E-1 7.11152E-1 7.20134E-1 7.25481E-1 7.32143E-1 7.37861E-1 7.43383E-1 7.47887E-1 7.53867E-1 7.58822E-1 7.64627E-1 7.68308E-1 7.72703E-1 7.77854E-1 7.81931E-1 7.86321E-1 7.88619E-1 7.91784E-1
3.14255E-1 3.22256E-1 3.3043E-1 3.36838E-1 3.4431E-1 3.52908E-1 3.60627E-1 3.67406E-1 3.75327E-1 3.84432E-1 3.93657E-1 4.01913E-1 4.091E-1 4.18678E-1 4.2705E-1 4.35759E-1 4.44404E-1 4.53107E-1 4.62902E-1 4.71894E-1 4.80751E-1 4.89641E-1 4.98328E-1 5.07242E-1 5.16407E-1 5.25336E-1 5.3665E-1 5.44134E-1 5.52973E-1 5.6212E-1 5.71984E-1 5.80675E-1 5.87835E-1 5.96366E-1 6.07582E-1 6.15926E-1 6.24153E-1 6.30751E-1 6.4022E-1 6.48052E-1 6.55744E-1 6.63271E-1 6.71891E-1 6.7845E-1 6.86102E-1 6.92948E-1 6.99608E-1 7.0538E-1 7.11654E-1 7.18505E-1 7.25549E-1 7.30468E-1 7.35988E-1 7.42159E-1 7.4732E-1 7.5292E-1 7.56224E-1 7.6049E-1 7.67188E-1 7.71984E-1 7.76074E-1 7.78556E-1 7.82334E-1
3.06182E-1 3.1312E-1 3.20172E-1 3.26412E-1 3.35602E-1 3.43032E-1 3.50575E-1 3.57205E-1 3.65999E-1 3.73785E-1 3.81838E-1 3.89906E-1 3.99166E-1 4.07323E-1 4.15664E-1 4.24216E-1 4.32722E-1 4.41133E-1 4.49754E-1 4.58604E-1 4.68544E-1 4.78424E-1 4.85912E-1 4.94732E-1 5.03808E-1 5.13769E-1 5.22615E-1 5.30056E-1 5.40133E-1 5.50323E-1 5.59066E-1 5.67749E-1 5.74917E-1 5.84923E-1 5.9339E-1 6.01772E-1 6.11331E-1 6.17994E-1 6.27023E-1 6.35445E-1 6.43224E-1 6.50856E-1 6.57752E-1 6.65059E-1 6.74061E-1 6.81044E-1 6.87183E-1 6.93806E-1 7.00246E-1 7.07251E-1 7.14107E-1 7.18486E-1 7.2531E-1 7.3166E-1 7.37674E-1 7.42834E-1 7.46324E-1 7.51128E-1 7.57254E-1 7.61727E-1 7.66984E-1 7.69635E-1 7.7361E-1
2.96644E-1 3.03382E-1 3.10247E-1 3.16313E-1 3.24281E-1 3.31538E-1 3.38876E-1 3.463E-1 3.54799E-1 3.62477E-1 3.70337E-1 3.78224E-1 3.86109E-1 3.94173E-1 4.02331E-1 4.11809E-1 4.20012E-1 4.28416E-1 4.36887E-1 4.4558E-1 4.53992E-1 4.63893E-1 4.71281E-1 4.81195E-1 4.8992E-1 5.00009E-1 5.08778E-1 5.1616E-1 5.24883E-1 5.34997E-1 5.4369E-1 5.53621E-1 5.60781E-1 5.70378E-1 5.79237E-1 5.87628E-1 5.9593E-1 6.03665E-1 6.11744E-1 6.21482E-1 6.29334E-1 6.36507E-1 6.44064E-1 6.51481E-1 6.59371E-1 6.65861E-1 6.72807E-1 6.80771E-1 6.87371E-1 6.93799E-1 7.01567E-1 7.06126E-1 7.12023E-1 7.17745E-1 7.26187E-1 7.31236E-1 7.34904E-1 7.39908E-1 7.46245E-1 7.50907E-1 7.55404E-1 7.58256E-1 7.64298E-1
2.86557E-1 2.93885E-1 3.0059E-1 3.07344E-1 3.14245E-1 3.21307E-1 3.28442E-1 3.35634E-1 3.42995E-1 3.51415E-1 3.59117E-1 3.66733E-1 3.74528E-1 3.82421E-1 3.90402E-1 3.98469E-1 4.07773E-1 4.15934E-1 4.24274E-1 4.32655E-1 4.42323E-1 4.50831E-1 4.58116E-1 4.66691E-1 4.76602E-1 4.86468E-1 4.95134E-1 5.02456E-1 5.12188E-1 5.21135E-1 5.29772E-1 5.3838E-1 5.46588E-1 5.56415E-1 5.652E-1 5.73599E-1 5.81473E-1 5.89692E-1 5.97808E-1 6.06309E-1 6.13717E-1 6.24384E-1 6.30397E-1 6.37905E-1 6.45276E-1 6.54019E-1 6.59577E-1 6.66494E-1 6.73243E-1 6.82756E-1 6.88944E-1 6.93659E-1 6.99728E-1 7.07147E-1 7.12876E-1 7.18422E-1 7.22284E-1 7.29518E-1 7.35076E-1 7.39924E-1 7.44618E-1 7.482E-1 7.52546E-1
2.77635E-1 2.83973E-1 2.90423E-1 2.96962E-1 3.04527E-1 3.11389E-1 3.18338E-1 3.2534E-1 3.32508E-1 3.39785E-1 3.47247E-1 3.55688E-1 3.63271E-1 3.70976E-1 3.78778E-1 3.87777E-1 3.95782E-1 4.02712E-1 4.1085E-1 4.20245E-1 4.29676E-1 4.38039E-1 4.45205E-1 4.54711E-1 4.63413E-1 4.71947E-1 4.80493E-1 4.88788E-1 4.98585E-1 5.07441E-1 5.1601E-1 5.24222E-1 5.32722E-1 5.41183E-1 5.49978E-1 5.5789E-1 5.6896E-1 5.75724E-1 5.83849E-1 5.91891E-1 6.01319E-1 6.09159E-1 6.15379E-1 6.22819E-1 6.33159E-1 6.40486E-1 6.46144E-1 6.53167E-1 6.60887E-1 6.68286E-1 6.7484E-1 6.7945E-1 6.87838E-1 6.9465E-1 7.00529E-1 7.0624E-1 7.10945E-1 7.16301E-1 7.22371E-1 7.27048E-1 7.32371E-1 7.37052E-1 7.4158E-1
2.69672E-1 2.75833E-1 2.8291E-1 2.88487E-1 2.94997E-1 3.01671E-1 3.10163E-1 3.1615E-1 3.23144E-1 3.30248E-1 3.38444E-1 3.4579E-1 3.5222E-1 3.59741E-1 3.6946E-1 3.77217E-1 3.85063E-1 3.91869E-1 4.01005E-1 4.09091E-1 4.17252E-1 4.25471E-1 4.34899E-1 4.43044E-1 4.51629E-1 4.6006E-1 4.68513E-1 4.76745E-1 4.8522E-1 4.93993E-1 5.0371E-1 5.13269E-1 5.20352E-1 5.28786E-1 5.37548E-1 5.4695E-1 5.55254E-1 5.62042E-1 5.71438E-1 5.80983E-1 5.88977E-1 5.96868E-1 6.03154E-1 6.12321E-1 6.19876E-1 6.27301E-1 6.34275E-1 6.42934E-1 6.49275E-1 6.56786E-1 6.63484E-1 6.70025E-1 6.75666E-1 6.82632E-1 6.89796E-1 6.95679E-1 7.00563E-1 7.06093E-1 7.12319E-1 7.17549E-1 7.23223E-1 7.27966E-1 7.3227E-1
2.60459E-1 2.67945E-1 2.7405E-1 2.79467E-1 2.85788E-1 2.93087E-1 2.99663E-1 3.05468E-1 3.12257E-1 3.21001E-1 3.28052E-1 3.35212E-1 3.41484E-1 3.49844E-1 3.57216E-1 3.64879E-1 3.73534E-1 3.81326E-1 3.89049E-1 3.97103E-1 4.05111E-1 4.13182E-1 4.21147E-1 4.29326E-1 4.38905E-1 4.47207E-1 4.56592E-1 4.63682E-1 4.72058E-1 4.80728E-1 4.90197E-1 4.98609E-1 5.06907E-1 5.15248E-1 5.25E-1 5.3333E-1 5.41605E-1 5.484E-1 5.58008E-1 5.66107E-1 5.75468E-1 5.83283E-1 5.91119E-1 5.98312E-1 6.0647E-1 6.13977E-1 6.21353E-1 6.27978E-1 6.36474E-1 6.4387E-1 6.50693E-1 6.56663E-1 6.6316E-1 6.70263E-1 6.76474E-1 6.83275E-1 6.89016E-1 6.94394E-1 7.00781E-1 7.06838E-1 7.12054E-1 7.15573E-1 7.20463E-1
2.52996E-1 2.58786E-1 2.64689E-1 2.70668E-1 2.77656E-1 2.83933E-1 2.90326E-1 2.95969E-1 3.0345E-1 3.10133E-1 3.17033E-1 3.24874E-1 3.31996E-1 3.39101E-1 3.46377E-1 3.5386E-1 3.61344E-1 3.68804E-1 3.76463E-1 3.85365E-1 3.93235E-1 4.02152E-1 4.0898E-1 4.17022E-1 4.25307E-1 4.34493E-1 4.42704E-1 4.50861E-1 4.59126E-1 4.68723E-1 4.77049E-1 4.85392E-1 4.92379E-1 5.0205E-1 5.10366E-1 5.19928E-1 5.28116E-1 5.36324E-1 5.44072E-1 5.52587E-1 5.60611E-1 5.68576E-1 5.75949E-1 5.85067E-1 5.93117E-1 6.00684E-1 6.07564E-1 6.14874E-1 6.22075E-1 6.29777E-1 6.37583E-1 6.44242E-1 6.50628E-1 6.5785E-1 6.64984E-1 6.71172E-1 6.75665E-1 6.81534E-1 6.8879E-1 6.95394E-1 7.0077E-1 7.04457E-1 7.11063E-1
2.45056E-1 2.50661E-1 2.56384E-1 2.62222E-1 2.68149E-1 2.74258E-1 2.81256E-1 2.87574E-1 2.93964E-1 3.00508E-1 3.07223E-1 3.13996E-1 3.20807E-1 3.27793E-1 3.35822E-1 3.43122E-1 3.51351E-1 3.57729E-1 3.65216E-1 3.72919E-1 3.81552E-1 3.89315E-1 3.97071E-1 4.04975E-1 4.14115E-1 4.22149E-1 4.30239E-1 4.37132E-1 4.46535E-1 4.54738E-1 4.64122E-1 4.72379E-1 4.80633E-1 4.88575E-1 4.9714E-1 5.05373E-1 5.13585E-1 5.2138E-1 5.3071E-1 5.39197E-1 5.47231E-1 5.56188E-1 5.62611E-1 5.70408E-1 5.78633E-1 5.87206E-1 5.94422E-1 6.01813E-1 6.09091E-1 6.17758E-1 6.24791E-1 6.30172E-1 6.36933E-1 6.45088E-1 6.52693E-1 6.59016E-1 6.63657E-1 6.71219E-1 6.77091E-1 6.82803E-1 6.88367E-1 6.93777E-1 6.99137E-1
2.36759E-1 2.42833E-1 2.48374E-1 2.54014E-1 2.59785E-1 2.65704E-1 2.71708E-1 2.77793E-1 2.84064E-1 2.91201E-1 2.97732E-1 3.0515E-1 3.10953E-1 3.1775E-1 3.24656E-1 3.32641E-1 3.39799E-1 3.46956E-1 3.54272E-1 3.6273E-1 3.70252E-1 3.77849E-1 3.84413E-1 3.93269E-1 4.01098E-1 4.10062E-1 4.18012E-1 4.26014E-1 4.33837E-1 4.42144E-1 4.50256E-1 4.58397E-1 4.66233E-1 4.75585E-1 4.84054E-1 4.92225E-1 5.01392E-1 5.08144E-1 5.16216E-1 5.24663E-1 5.34868E-1 5.42826E-1 5.49267E-1 5.57073E-1 5.66265E-1 5.73915E-1 5.79992E-1 5.87439E-1 5.97451E-1 6.04682E-1 6.11797E-1 6.17266E-1 6.25647E-1 6.32375E-1 6.38968E-1 6.45428E-1 6.52834E-1 6.582E-1 6.64986E-1 6.70841E-1 6.76548E-1 6.81241E-1 6.86622E-1
2.29902E-1 2.35159E-1 2.41162E-1 2.46703E-1 2.52317E-1 2.58066E-1 2.63883E-1 2.69835E-1 2.75897E-1 2.8208E-1 2.89162E-1 2.96494E-1 3.02157E-1 3.08796E-1 3.15537E-1 3.23335E-1 3.30313E-1 3.36398E-1 3.44483E-1 3.528E-1 3.60168E-1 3.67622E-1 3.74072E-1 3.82622E-1 3.90467E-1 3.98222E-1 4.07121E-1 4.14811E-1 4.22735E-1 4.30929E-1 4.38955E-1 4.46751E-1 4.54814E-1 4.62892E-1 4.7249E-1 4.80232E-1 4.89674E-1 4.96402E-1 5.04458E-1 5.12481E-1 5.21869E-1 5.29826E-1 5.37604E-1 5.45312E-1 5.54514E-1 5.62205E-1 5.68348E-1 5.75858E-1 5.84188E-1 5.92075E-1 6.00657E-1 6.06016E-1 6.13835E-1 6.21334E-1 6.28037E-1 6.34615E-1 6.40327E-1 6.46605E-1 6.54933E-1 6.60605E-1 6.65632E-1 6.71322E-1 6.76862E-1
2.22687E-1 2.2776E-1 2.33628E-1 2.38262E-1 2.43677E-1 2.4989E-1 2.56344E-1 2.61371E-1 2.67263E-1 2.73262E-1 2.80202E-1 2.86442E-1 2.91942E-1 2.99207E-1 3.06639E-1 3.13407E-1 3.20204E-1 3.26143E-1 3.34002E-1 3.41203E-1 3.48388E-1 3.56634E-1 3.63895E-1 3.71349E-1 3.79037E-1 3.86648E-1 3.94147E-1 4.01883E-1 4.09671E-1 4.18829E-1 4.26491E-1 4.35662E-1 4.42389E-1 4.50371E-1 4.58378E-1 4.67701E-1 4.75731E-1 4.83582E-1 4.91589E-1 5.00948E-1 5.08919E-1 5.16856E-1 5.23331E-1 5.32141E-1 5.40369E-1 5.49259E-1 5.55438E-1 5.63927E-1 5.7138E-1 5.79312E-1 5.86588E-1 5.93146E-1 6.00191E-1 6.08901E-1 6.15715E-1 6.21709E-1 6.28247E-1 6.34657E-1 6.41685E-1 6.47057E-1 6.54597E-1 6.5993E-1 6.65626E-1
2.157E-1 2.21242E-1 2.26285E-1 2.30772E-1 2.36022E-1 2.42081E-1 2.47571E-1 2.52434E-1 2.5888E-1 2.65445E-1 2.71441E-1 2.77504E-1 2.82857E-1 2.89912E-1 2.96306E-1 3.02873E-1 3.10366E-1 3.17009E-1 3.23832E-1 3.30852E-1 3.37873E-1 3.44878E-1 3.52069E-1 3.59354E-1 3.67871E-1 3.75175E-1 3.83815E-1 3.90294E-1 3.97953E-1 4.05669E-1 4.14618E-1 4.22452E-1 4.30183E-1 4.38074E-1 4.47259E-1 4.55204E-1 4.63166E-1 4.69812E-1 4.78755E-1 4.87037E-1 4.96124E-1 5.04041E-1 5.11498E-1 5.19318E-1 5.27531E-1 5.35261E-1 5.42429E-1 5.50006E-1 5.58655E-1 5.66614E-1 5.73384E-1 5.80608E-1 5.87727E-1 5.95373E-1 6.01637E-1 6.11327E-1 6.16176E-1 6.22701E-1 6.29091E-1 6.36889E-1 6.43024E-1 6.47471E-1 6.53313E-1
2.08922E-1 2.13678E-1 2.19132E-1 2.23519E-1 2.2926E-1 2.34471E-1 2.39788E-1 2.44505E-1 2.50759E-1 2.56378E-1 2.629E-1 2.68833E-1 2.74835E-1 2.80894E-1 2.87108E-1 2.935E-1 2.99941E-1 3.06401E-1 3.13898E-1 3.2077E-1 3.27633E-1 3.35456E-1 3.41513E-1 3.48636E-1 3.55986E-1 3.64206E-1 3.72599E-1 3.78968E-1 3.86486E-1 3.95219E-1 4.02878E-1 4.10589E-1 4.17138E-1 4.25891E-1 4.35108E-1 4.42921E-1 4.508E-1 4.58386E-1 4.66274E-1 4.74485E-1 4.82377E-1 4.89872E-1 4.98954E-1 5.06635E-1 5.14824E-1 5.22105E-1 5.29761E-1 5.37356E-1 5.44886E-1 5.52336E-1 5.62521E-1 5.68134E-1 5.75315E-1 5.82404E-1 5.9089E-1 5.97772E-1 6.03022E-1 6.0966E-1 6.19099E-1 6.2517E-1 6.31422E-1 6.36007E-1 6.42734E-1
2.02427E-1 2.07021E-1 2.11725E-1 2.16535E-1 2.21437E-1 2.27134E-1 2.32288E-1 2.37548E-1 2.42888E-1 2.4837E-1 2.53996E-1 2.597E-1 2.65468E-1 2.72171E-1 2.7821E-1 2.84424E-1 2.91482E-1 2.96983E-1 3.03452E-1 3.1011E-1 3.17623E-1 3.25317E-1 3.3123E-1 3.382E-1 3.46269E-1 3.53424E-1 3.60663E-1 3.66898E-1 3.7536E-1 3.83839E-1 3.91362E-1 3.98946E-1 4.06582E-1 4.14026E-1 4.21974E-1 4.2973E-1 4.37506E-1 4.4611E-1 4.53911E-1 4.62044E-1 4.69866E-1 4.78657E-1 4.85101E-1 4.9286E-1 5.01005E-1 5.1081E-1 5.17066E-1 5.2466E-1 5.32193E-1 5.41104E-1 5.48516E-1 5.54382E-1 5.61392E-1 5.71357E-1 5.78411E-1 5.85363E-1 5.90701E-1 5.98941E-1 6.05559E-1 6.12046E-1 6.18077E-1 6.25708E-1 6.31024E-1
1.96625E-1 2.01075E-1 2.05636E-1 2.10287E-1 2.15058E-1 2.1995E-1 2.24935E-1 2.30679E-1 2.35896E-1 2.41221E-1 2.46693E-1 2.52943E-1 2.57862E-1 2.63627E-1 2.69502E-1 2.77091E-1 2.83216E-1 2.88594E-1 2.94908E-1 3.02222E-1 3.08763E-1 3.15399E-1 3.21186E-1 3.2988E-1 3.36814E-1 3.43835E-1 3.5094E-1 3.58129E-1 3.6523E-1 3.72729E-1 3.80125E-1 3.88608E-1 3.95931E-1 4.03502E-1 4.11351E-1 4.19016E-1 4.27681E-1 4.34169E-1 4.41902E-1 4.51051E-1 4.59806E-1 4.67577E-1 4.7401E-1 4.81751E-1 4.90826E-1 4.98522E-1 5.04804E-1 5.13539E-1 5.22506E-1 5.3002E-1 5.3747E-1 5.43403E-1 5.5216E-1 5.59373E-1 5.66515E-1 5.74643E-1 5.81581E-1 5.87751E-1 5.9513E-1 6.01734E-1 6.0822E-1 6.13843E-1 6.21461E-1
1.89937E-1 1.94228E-1 1.9975E-1 2.03689E-1 2.08302E-1 2.13033E-1 2.18469E-1 2.22771E-1 2.2781E-1 2.32955E-1 2.39605E-1 2.44997E-1 2.49771E-1 2.5537E-1 2.61844E-1 2.67678E-1 2.73619E-1 2.78843E-1 2.86641E-1 2.9291E-1 2.99286E-1 3.05761E-1 3.12334E-1 3.18898E-1 3.25767E-1 3.33535E-1 3.40497E-1 3.47394E-1 3.54509E-1 3.6185E-1 3.69119E-1 3.77374E-1 3.83655E-1 3.92149E-1 3.9984E-1 4.08356E-1 4.15956E-1 4.22377E-1 4.30028E-1 4.38956E-1 4.46655E-1 4.55548E-1 4.61867E-1 4.70885E-1 4.78582E-1 4.86254E-1 4.92535E-1 5.01515E-1 5.08641E-1 5.17905E-1 5.25206E-1 5.32614E-1 5.39424E-1 5.47224E-1 5.54419E-1 5.61516E-1 5.67923E-1 5.76184E-1 5.83333E-1 5.90035E-1 5.97446E-1 6.02388E-1 6.08721E-1
1.84019E-1 1.88154E-1 1.92939E-1 1.96738E-1 2.01722E-1 2.06323E-1 2.11599E-1 2.15761E-1 2.20641E-1 2.25624E-1 2.31391E-1 2.36608E-1 2.41885E-1 2.4736E-1 2.53601E-1 2.59313E-1 2.65087E-1 2.70165E-1 2.76889E-1 2.83045E-1 2.90039E-1 2.96383E-1 3.02703E-1 3.09204E-1 3.1591E-1 3.22611E-1 3.30258E-1 3.36142E-1 3.44036E-1 3.51235E-1 3.59257E-1 3.6647E-1 3.72646E-1 3.79964E-1 3.88478E-1 3.95925E-1 4.04504E-1 4.10802E-1 4.19575E-1 4.2718E-1 4.34812E-1 4.42449E-1 4.50106E-1 4.57419E-1 4.66609E-1 4.74146E-1 4.81766E-1 4.88951E-1 4.96505E-1 5.04469E-1 5.11952E-1 5.18891E-1 5.27556E-1 5.35157E-1 5.42397E-1 5.5045E-1 5.56048E-1 5.63013E-1 5.70519E-1 5.78161E-1 5.85888E-1 5.90945E-1 5.97392E-1
1.78296E-1 1.828E-1 1.8691E-1 1.90576E-1 1.94869E-1 1.99835E-1 2.04348E-1 2.08929E-1 2.13692E-1 2.19132E-1 2.24103E-1 2.29157E-1 2.33638E-1 2.39557E-1 2.44935E-1 2.51152E-1 2.568E-1 2.62461E-1 2.68277E-1 2.74266E-1 2.80298E-1 2.86357E-1 2.92588E-1 2.99769E-1 3.0631E-1 3.12747E-1 3.20329E-1 3.26094E-1 3.32897E-1 3.39786E-1 3.4779E-1 3.5581E-1 3.61883E-1 3.69079E-1 3.77445E-1 3.84782E-1 3.92164E-1 3.98429E-1 4.06818E-1 4.15618E-1 4.23169E-1 4.30738E-1 4.38014E-1 4.45596E-1 4.53516E-1 4.61118E-1 4.6833E-1 4.7697E-1 4.84502E-1 4.92442E-1 5.00858E-1 5.06902E-1 5.14282E-1 5.22111E-1 5.3029E-1 5.38571E-1 5.44232E-1 5.5127E-1 5.59691E-1 5.66554E-1 5.73319E-1 5.78483E-1 5.8654E-1
1.7279E-1 1.76686E-1 1.81117E-1 1.84664E-1 1.89332E-1 1.93605E-1 1.97966E-1 2.01855E-1 2.06985E-1 2.11697E-1 2.17082E-1 2.21982E-1 2.26953E-1 2.32063E-1 2.37277E-1 2.42637E-1 2.48025E-1 2.53589E-1 2.59944E-1 2.65765E-1 2.71569E-1 2.78362E-1 2.83605E-1 2.89773E-1 2.96047E-1 3.03326E-1 3.10662E-1 3.16302E-1 3.22956E-1 3.30679E-1 3.37523E-1 3.44449E-1 3.50406E-1 3.58315E-1 3.66619E-1 3.73826E-1 3.81099E-1 3.88191E-1 3.95546E-1 4.03186E-1 4.10634E-1 4.18861E-1 4.26355E-1 4.33863E-1 4.41709E-1 4.48901E-1 4.56421E-1 4.63939E-1 4.71435E-1 4.79978E-1 4.88797E-1 4.94849E-1 5.02225E-1 5.0955E-1 5.18238E-1 5.25462E-1 5.31191E-1 5.39322E-1 5.47778E-1 5.54696E-1 5.61531E-1 5.66776E-1 5.74225E-1
1.67877E-1 1.7161E-1 1.75436E-1 1.79833E-1 1.83899E-1 1.88038E-1 1.92265E-1 1.96596E-1 2.01012E-1 2.05543E-1 2.10203E-1 2.15535E-1 2.20407E-1 2.25372E-1 2.30446E-1 2.35659E-1 2.41619E-1 2.46296E-1 2.51792E-1 2.58162E-1 2.64644E-1 2.70488E-1 2.75611E-1 2.81643E-1 2.88635E-1 2.9488E-1 3.01224E-1 3.07595E-1 3.14949E-1 3.21701E-1 3.28421E-1 3.35216E-1 3.41948E-1 3.48888E-1 3.56084E-1 3.64167E-1 3.71112E-1 3.78324E-1 3.8559E-1 3.93139E-1 4.00251E-1 4.0884E-1 4.15068E-1 4.23641E-1 4.3102E-1 4.39764E-1 4.45988E-1 4.53471E-1 4.60953E-1 4.69755E-1 4.77211E-1 4.84537E-1 4.91747E-1 5.00486E-1 5.07806E-1 5.15071E-1 5.20858E-1 5.28876E-1 5.36495E-1 5.44824E-1 5.51445E-1 5.57641E-1 5.64357E-1
1.6269E-1 1.66292E-1 1.69981E-1 1.73761E-1 1.7764E-1 1.81624E-1 1.8619E-1 1.90407E-1 1.94688E-1 1.99072E-1 2.03576E-1 2.08749E-1 2.12837E-1 2.17635E-1 2.23147E-1 2.28878E-1 2.34025E-1 2.38568E-1 2.43904E-1 2.50089E-1 2.55659E-1 2.61329E-1 2.6705E-1 2.73765E-1 2.79754E-1 2.85849E-1 2.92039E-1 2.98334E-1 3.046E-1 3.11188E-1 3.18628E-1 3.25291E-1 3.3189E-1 3.38703E-1 3.45753E-1 3.52724E-1 3.60647E-1 3.66667E-1 3.74788E-1 3.82219E-1 3.90403E-1 3.97719E-1 4.03894E-1 4.11257E-1 4.19878E-1 4.27314E-1 4.3453E-1 4.41973E-1 4.50345E-1 4.58165E-1 4.65605E-1 4.71695E-1 4.80003E-1 4.87798E-1 4.96182E-1 5.03468E-1 5.102E-1 5.17364E-1 5.25007E-1 5.32065E-1 5.38463E-1 5.45338E-1 5.53146E-1
1.57232E-1 1.61151E-1 1.65159E-1 1.68358E-1 1.72098E-1 1.75943E-1 1.80374E-1 1.83894E-1 1.88022E-1 1.92808E-1 1.97713E-1 2.02168E-1 2.06127E-1 2.10773E-1 2.16153E-1 2.21021E-1 2.25997E-1 2.31072E-1 2.3695E-1 2.42259E-1 2.47671E-1 2.53183E-1 2.58806E-1 2.64454E-1 2.70352E-1 2.77064E-1 2.83104E-1 2.89147E-1 2.95372E-1 3.01802E-1 3.08223E-1 3.15547E-1 3.21188E-1 3.28751E-1 3.35659E-1 3.43366E-1 3.50292E-1 3.56217E-1 3.63258E-1 3.7145E-1 3.78621E-1 3.86811E-1 3.92919E-1 4.01389E-1 4.08725E-1 4.1609E-1 4.22247E-1 4.3055E-1 4.37948E-1 4.46726E-1 4.54147E-1 4.61159E-1 4.68529E-1 4.76299E-1 4.83636E-1 4.90474E-1 4.97716E-1 5.05951E-1 5.13602E-1 5.20163E-1 5.28608E-1 5.34117E-1 5.4098E-1
