app/enm/output/Cyprinus_carpio/Cyprinus_carpio.asc
ncols         365
nrows         372
xllcorner     10.224615574
yllcorner     43.742729801
cellsize      5.0E-4
NODATA_value  -9999
[rows 140 to 167 of 372, columns 63 to 125 of 365]
5.71626E-2 5.75253E-2 5.79815E-2 5.83912E-2 5.88245E-2 5.92858E-2 5.97638E-2 6.02692E-2 6.07997E-2 6.13552E-2 6.20232E-2 6.27209E-2 6.32778E-2 6.39409E-2 6.46334E-2 6.54453E-2 6.61954E-2 6.68764E-2 6.77908E-2 6.87487E-2 6.96239E-2 7.05302E-2 7.1353E-2 7.24443E-2 7.34484E-2 7.44883E-2 7.55654E-2 7.68356E-2 7.79895E-2 7.91779E-2 8.04088E-2 8.1841E-2 8.2994E-2 8.43463E-2 8.5738E-2 8.75558E-2 8.88668E-2 9.04033E-2 9.19857E-2 9.38166E-2 9.55039E-2 9.70282E-2 9.88117E-2 1.01122E-1 1.03026E-1 1.04987E-1 1.06756E-1 1.0908E-1 1.11225E-1 1.13418E-1 1.15678E-1 1.18317E-1 1.20727E-1 1.23189E-1 1.25727E-1 1.28339E-1 1.31028E-1 1.33782E-1 1.36611E-1 1.39912E-1 1.43291E-1 1.45994E-1 1.49156E-1
5.63901E-2 5.67336E-2 5.70948E-2 5.74822E-2 5.78963E-2 5.84078E-2 5.89236E-2 5.93422E-2 5.98472E-2 6.03771E-2 6.10055E-2 6.1587E-2 6.21149E-2 6.28437E-2 6.35894E-2 6.42798E-2 6.49972E-2 6.56481E-2 6.65168E-2 6.73205E-2 6.81534E-2 6.91418E-2 7.00414E-2 7.09724E-2 7.19338E-2 7.29294E-2 7.39602E-2 7.50282E-2 7.61291E-2 7.74211E-2 7.85985E-2 7.99709E-2 8.10768E-2 8.23722E-2 8.37054E-2 8.52597E-2 8.65133E-2 8.81787E-2 8.96978E-2 9.14545E-2 9.30717E-2 9.45344E-2 9.62429E-2 9.82298E-2 1.00043E-1 1.02174E-1 1.03871E-1 1.06112E-1 1.08164E-1 1.10268E-1 1.1244E-1 1.14685E-1 1.16984E-1 1.19661E-1 1.221E-1 1.24928E-1 1.27197E-1 1.29848E-1 1.32568E-1 1.35725E-1 1.38613E-1 1.41601E-1 1.44649E-1
5.56993E-2 5.60669E-2 5.63663E-2 5.67351E-2 5.71259E-2 5.75951E-2 5.81071E-2 5.85107E-2 5.89925E-2 5.9566E-2 6.00979E-2 6.06545E-2 6.11599E-2 6.1842E-2 6.24721E-2 6.32325E-2 6.39206E-2 6.46344E-2 6.53766E-2 6.61464E-2 6.69454E-2 6.77733E-2 6.86323E-2 6.96365E-2 7.05732E-2 7.15295E-2 7.2644E-2 7.35422E-2 7.45979E-2 7.56873E-2 7.69586E-2 7.82735E-2 7.93533E-2 8.05979E-2 8.20446E-2 8.33733E-2 8.45772E-2 8.59867E-2 8.76206E-2 8.93068E-2 9.0887E-2 9.22925E-2 9.41477E-2 9.58498E-2 9.75958E-2 9.94005E-2 1.01264E-1 1.03408E-1 1.05414E-1 1.07442E-1 1.09541E-1 1.11694E-1 1.13911E-1 1.16184E-1 1.18536E-1 1.21538E-1 1.23761E-1 1.26318E-1 1.2895E-1 1.31992E-1 1.34778E-1 1.37283E-1 1.40217E-1
5.49291E-2 5.53021E-2 5.55892E-2 5.59379E-2 5.63601E-2 5.67546E-2 5.71697E-2 5.75447E-2 5.80643E-2 5.86196E-2 5.91352E-2 5.96661E-2 6.02197E-2 6.07945E-2 6.13961E-2 6.20263E-2 6.26777E-2 6.33561E-2 6.41687E-2 6.49058E-2 6.56688E-2 6.65601E-2 6.72802E-2 6.81293E-2 6.90088E-2 7.00339E-2 7.11163E-2 7.19754E-2 7.29862E-2 7.41617E-2 7.52463E-2 7.63642E-2 7.73759E-2 7.8711E-2 8.01138E-2 8.13879E-2 8.25406E-2 8.40578E-2 8.54623E-2 8.68976E-2 8.83826E-2 8.99143E-2 9.1713E-2 9.33455E-2 9.50198E-2 9.67515E-2 9.85388E-2 1.00374E-1 1.02263E-1 1.04201E-1 1.06732E-1 1.08551E-1 1.1068E-1 1.12862E-1 1.15401E-1 1.17727E-1 1.1982E-1 1.22271E-1 1.25447E-1 1.28054E-1 1.30738E-1 1.3315E-1 1.36328E-1
5.42042E-2 5.44965E-2 5.47615E-2 5.51383E-2 5.55553E-2 5.59342E-2 5.63283E-2 5.67424E-2 5.71738E-2 5.76314E-2 5.8116E-2 5.86172E-2 5.92195E-2 5.97785E-2 6.03526E-2 6.09528E-2 6.16556E-2 6.22216E-2 6.28944E-2 6.35953E-2 6.45134E-2 6.52832E-2 6.59688E-2 6.67807E-2 6.77294E-2 6.86036E-2 6.95076E-2 7.03247E-2 7.14084E-2 7.25516E-2 7.35882E-2 7.46589E-2 7.57646E-2 7.69095E-2 7.80836E-2 7.92995E-2 8.0552E-2 8.20308E-2 8.33713E-2 8.47478E-2 8.61696E-2 8.76407E-2 8.9154E-2 9.07118E-2 9.25072E-2 9.44029E-2 9.59073E-2 9.76678E-2 9.94812E-2 1.01576E-1 1.03506E-1 1.05243E-1 1.07528E-1 1.09921E-1 1.12094E-1 1.14325E-1 1.16339E-1 1.18986E-1 1.21416E-1 1.23918E-1 1.26799E-1 1.29484E-1 1.32214E-1
5.35009E-2 5.37757E-2 5.40255E-2 5.43778E-2 5.47106E-2 5.50687E-2 5.54462E-2 5.59022E-2 5.63181E-2 5.67524E-2 5.7214E-2 5.77526E-2 5.81875E-2 5.87104E-2 5.92636E-2 5.99937E-2 6.05891E-2 6.11298E-2 6.17724E-2 6.25278E-2 6.32236E-2 6.3945E-2 6.4598E-2 6.55883E-2 6.63955E-2 6.72305E-2 6.80956E-2 6.89899E-2 6.99161E-2 7.08714E-2 7.18584E-2 7.3028E-2 7.40877E-2 7.51804E-2 7.63071E-2 7.74714E-2 7.86745E-2 7.99141E-2 8.11911E-2 8.26923E-2 8.42296E-2 8.5465E-2 8.6914E-2 8.84084E-2 9.01381E-2 9.17284E-2 9.3166E-2 9.50823E-2 9.70365E-2 9.88338E-2 1.00684E-1 1.02353E-1 1.04551E-1 1.06569E-1 1.08646E-1 1.11077E-1 1.13284E-1 1.1556E-1 1.17892E-1 1.20293E-1 1.22765E-1 1.2531E-1 1.27921E-1
5.27459E-2 5.30681E-2 5.3347E-2 5.36368E-2 5.39508E-2 5.42907E-2 5.46381E-2 5.50104E-2 5.5403E-2 5.58912E-2 5.63251E-2 5.68429E-2 5.72569E-2 5.77541E-2 5.82734E-2 5.88867E-2 5.94548E-2 5.99746E-2 6.06748E-2 6.13953E-2 6.20605E-2 6.27487E-2 6.33722E-2 6.42041E-2 6.49732E-2 6.57688E-2 6.67148E-2 6.75705E-2 6.8455E-2 6.93692E-2 7.03137E-2 7.14141E-2 7.23001E-2 7.33583E-2 7.45692E-2 7.58246E-2 7.68355E-2 7.80218E-2 7.92465E-2 8.0665E-2 8.19729E-2 8.31754E-2 8.47287E-2 8.63371E-2 8.78179E-2 8.93427E-2 9.07208E-2 9.25321E-2 9.42036E-2 9.59461E-2 9.7931E-2 9.97576E-2 1.01646E-1 1.03575E-1 1.0557E-1 1.07624E-1 1.09741E-1 1.11945E-1 1.1445E-1 1.16759E-1 1.19436E-1 1.21581E-1 1.24092E-1
5.21296E-2 5.2374E-2 5.26297E-2 5.29694E-2 5.32732E-2 5.35968E-2 5.39752E-2 5.42809E-2 5.4654E-2 5.50471E-2 5.55165E-2 5.6025E-2 5.64262E-2 5.69002E-2 5.74609E-2 5.79837E-2 5.85262E-2 5.90155E-2 5.96749E-2 6.03759E-2 6.1023E-2 6.16825E-2 6.23664E-2 6.30763E-2 6.38143E-2 6.45762E-2 6.53646E-2 6.61813E-2 6.71528E-2 6.80304E-2 6.89373E-2 6.99942E-2 7.08432E-2 7.18418E-2 7.28749E-2 7.40752E-2 7.51997E-2 7.63392E-2 7.75133E-2 7.88784E-2 8.01321E-2 8.12652E-2 8.25943E-2 8.4138E-2 8.57542E-2 8.72185E-2 8.85443E-2 9.0291E-2 9.18947E-2 9.35417E-2 9.52442E-2 9.69999E-2 9.90557E-2 1.00916E-1 1.02836E-1 1.05062E-1 1.06851E-1 1.08946E-1 1.11096E-1 1.13866E-1 1.16198E-1 1.18266E-1 1.20688E-1
5.14687E-2 5.17298E-2 5.19395E-2 5.2203E-2 5.24851E-2 5.28279E-2 5.32158E-2 5.3504E-2 5.38586E-2 5.42841E-2 5.46778E-2 5.50911E-2 5.54645E-2 5.59754E-2 5.652E-2 5.70277E-2 5.7544E-2 5.8081E-2 5.86376E-2 5.9223E-2 5.98271E-2 6.04553E-2 6.11958E-2 6.18864E-2 6.25903E-2 6.33187E-2 6.41686E-2 6.48524E-2 6.56585E-2 6.6495E-2 6.75823E-2 6.84972E-2 6.93087E-2 7.02644E-2 7.13778E-2 7.24001E-2 7.33242E-2 7.44091E-2 7.5816E-2 7.6998E-2 7.82001E-2 7.92838E-2 8.07188E-2 8.2036E-2 8.33901E-2 8.47888E-2 8.64144E-2 8.79304E-2 8.94676E-2 9.10463E-2 9.26829E-2 9.4363E-2 9.60917E-2 9.78685E-2 9.99339E-2 1.02098E-1 1.03816E-1 1.05824E-1 1.07893E-1 1.10286E-1 1.12485E-1 1.14467E-1 1.17361E-1
5.08468E-2 5.10684E-2 5.12654E-2 5.15142E-2 5.1821E-2 5.21059E-2 5.2407E-2 5.26787E-2 5.3063E-2 5.34816E-2 5.38625E-2 5.42544E-2 5.46659E-2 5.50914E-2 5.55409E-2 5.6015E-2 5.65044E-2 5.70981E-2 5.7632E-2 5.81912E-2 5.87665E-2 5.94418E-2 5.99845E-2 6.0629E-2 6.12992E-2 6.21775E-2 6.29121E-2 6.35641E-2 6.43364E-2 6.52362E-2 6.60644E-2 6.69219E-2 6.76932E-2 6.88399E-2 6.98048E-2 7.0783E-2 7.1665E-2 7.28357E-2 7.39126E-2 7.50214E-2 7.61658E-2 7.74994E-2 7.87423E-2 8.00046E-2 8.13003E-2 8.26448E-2 8.40247E-2 8.54478E-2 8.69158E-2 8.86149E-2 9.03997E-2 9.18154E-2 9.34739E-2 9.51818E-2 9.71614E-2 9.8979E-2 1.00621E-1 1.02778E-1 1.05043E-1 1.07095E-1 1.09206E-1 1.11109E-1 1.13619E-1
5.01631E-2 5.03681E-2 5.05519E-2 5.08832E-2 5.11296E-2 5.14053E-2 5.16917E-2 5.19928E-2 5.23062E-2 5.26425E-2 5.30021E-2 5.34469E-2 5.38331E-2 5.42422E-2 5.46708E-2 5.51229E-2 5.56496E-2 5.60708E-2 5.65773E-2 5.71174E-2 5.78185E-2 5.83928E-2 5.89096E-2 5.95255E-2 6.02474E-2 6.09123E-2 6.16003E-2 6.22336E-2 6.31646E-2 6.39297E-2 6.47222E-2 6.55406E-2 6.63862E-2 6.72612E-2 6.81645E-2 6.91142E-2 7.02023E-2 7.1201E-2 7.22314E-2 7.32926E-2 7.43894E-2 7.55206E-2 7.66872E-2 7.79121E-2 7.93084E-2 8.07532E-2 8.19157E-2 8.32802E-2 8.46866E-2 8.63155E-2 8.7812E-2 8.91922E-2 9.09733E-2 9.28167E-2 9.45104E-2 9.62546E-2 9.78283E-2 9.99061E-2 1.01808E-1 1.03801E-1 1.06072E-1 1.08164E-1 1.10311E-1
4.9546E-2 4.97382E-2 4.99452E-2 5.016E-2 5.03971E-2 5.06607E-2 5.09892E-2 5.12679E-2 5.15699E-2 5.1889E-2 5.2231E-2 5.26287E-2 5.29473E-2 5.33351E-2 5.38175E-2 5.43026E-2 5.47498E-2 5.51511E-2 5.56328E-2 5.62048E-2 5.67284E-2 5.72734E-2 5.78582E-2 5.85236E-2 5.91356E-2 5.97696E-2 6.04253E-2 6.11057E-2 6.18078E-2 6.25383E-2 6.34087E-2 6.41915E-2 6.49987E-2 6.58338E-2 6.66979E-2 6.75895E-2 6.85101E-2 6.94602E-2 7.05876E-2 7.16029E-2 7.27837E-2 7.37337E-2 7.48498E-2 7.60011E-2 7.73375E-2 7.85643E-2 7.98565E-2 8.11616E-2 8.26773E-2 8.40674E-2 8.55038E-2 8.67986E-2 8.85043E-2 9.00743E-2 9.19239E-2 9.35946E-2 9.53183E-2 9.70976E-2 9.89204E-2 1.00803E-1 1.02739E-1 1.04739E-1 1.07082E-1
4.89939E-2 4.91748E-2 4.93623E-2 4.95725E-2 4.97972E-2 5.00436E-2 5.0291E-2 5.05622E-2 5.0913E-2 5.12156E-2 5.15352E-2 5.19213E-2 5.22249E-2 5.2594E-2 5.29812E-2 5.34438E-2 5.39389E-2 5.43296E-2 5.48545E-2 5.53371E-2 5.58375E-2 5.63596E-2 5.69012E-2 5.746E-2 5.81317E-2 5.87494E-2 5.93787E-2 6.00281E-2 6.07031E-2 6.14022E-2 6.21251E-2 6.29656E-2 6.37471E-2 6.45628E-2 6.53919E-2 6.63557E-2 6.71294E-2 6.80395E-2 6.8982E-2 7.0076E-2 7.1212E-2 7.21444E-2 7.32136E-2 7.44576E-2 7.56013E-2 7.678E-2 7.78445E-2 7.92505E-2 8.07093E-2 8.207E-2 8.34479E-2 8.48691E-2 8.63363E-2 8.78408E-2 8.9397E-2 9.09991E-2 9.28596E-2 9.45973E-2 9.6352E-2 9.81614E-2 1.00265E-1 1.01955E-1 1.03933E-1
4.83506E-2 4.85191E-2 4.87439E-2 4.89452E-2 4.91567E-2 4.93906E-2 4.96629E-2 4.98794E-2 5.01504E-2 5.04362E-2 5.08428E-2 5.11695E-2 5.14574E-2 5.18085E-2 5.22235E-2 5.26154E-2 5.30202E-2 5.33824E-2 5.38746E-2 5.44195E-2 5.48981E-2 5.53934E-2 5.59066E-2 5.64426E-2 5.70025E-2 5.75784E-2 5.82525E-2 5.88815E-2 5.95369E-2 6.02069E-2 6.09836E-2 6.17005E-2 6.23449E-2 6.31069E-2 6.39952E-2 6.4922E-2 6.56777E-2 6.65478E-2 6.75627E-2 6.84955E-2 6.94569E-2 7.03227E-2 7.14723E-2 7.26875E-2 7.37809E-2 7.49082E-2 7.60713E-2 7.72724E-2 7.85107E-2 7.97836E-2 8.10986E-2 8.26524E-2 8.40555E-2 8.54985E-2 8.6986E-2 8.8716E-2 9.01069E-2 9.17362E-2 9.34124E-2 9.56112E-2 9.74074E-2 9.9025E-2 1.00924E-1
4.7774E-2 4.79519E-2 4.80941E-2 4.82775E-2 4.84755E-2 4.87768E-2 4.90091E-2 4.92135E-2 4.94698E-2 4.97828E-2 5.00696E-2 5.03726E-2 5.06429E-2 5.10869E-2 5.1438E-2 5.18126E-2 5.21951E-2 5.25967E-2 5.30096E-2 5.34502E-2 5.39036E-2 5.44436E-2 5.49454E-2 5.54561E-2 5.59906E-2 5.65364E-2 5.71835E-2 5.76977E-2 5.83102E-2 5.89439E-2 5.9792E-2 6.04755E-2 6.10898E-2 6.18178E-2 6.26679E-2 6.34472E-2 6.41497E-2 6.49784E-2 6.60765E-2 6.69676E-2 6.78865E-2 6.87153E-2 6.98152E-2 7.08252E-2 7.1865E-2 7.30802E-2 7.42154E-2 7.53619E-2 7.65457E-2 7.77647E-2 7.91832E-2 8.03215E-2 8.16581E-2 8.32087E-2 8.48437E-2 8.63181E-2 8.76492E-2 8.92118E-2 9.1021E-2 9.26866E-2 9.44E-2 9.61679E-2 9.82465E-2
4.72309E-2 4.73799E-2 4.75122E-2 4.7685E-2 4.79034E-2 4.81051E-2 4.83203E-2 4.85163E-2 4.88514E-2 4.91019E-2 4.93811E-2 4.96688E-2 4.99704E-2 5.02805E-2 5.06132E-2 5.0967E-2 5.14035E-2 5.17784E-2 5.21768E-2 5.25967E-2 5.30296E-2 5.35366E-2 5.39405E-2 5.44259E-2 5.5022E-2 5.56127E-2 5.61603E-2 5.66511E-2 5.72353E-2 5.79198E-2 5.85483E-2 5.9198E-2 5.98918E-2 6.06746E-2 6.13995E-2 6.2145E-2 6.28158E-2 6.37078E-2 6.45302E-2 6.53788E-2 6.63893E-2 6.72955E-2 6.82318E-2 6.91994E-2 7.01952E-2 7.12242E-2 7.2283E-2 7.33768E-2 7.46742E-2 7.58417E-2 7.71985E-2 7.82878E-2 7.95677E-2 8.10519E-2 8.24177E-2 8.38256E-2 8.53076E-2 8.69902E-2 8.85383E-2 9.01327E-2 9.17756E-2 9.34699E-2 9.522E-2
4.66295E-2 4.67675E-2 4.69408E-2 4.71326E-2 4.72999E-2 4.74981E-2 4.77006E-2 4.79159E-2 4.81374E-2 4.83804E-2 4.86504E-2 4.89768E-2 4.92572E-2 4.95576E-2 4.98737E-2 5.02104E-2 5.06005E-2 5.09111E-2 5.12961E-2 5.17616E-2 5.2226E-2 5.26555E-2 5.30404E-2 5.35023E-2 5.40494E-2 5.45495E-2 5.50674E-2 5.56243E-2 5.62572E-2 5.68367E-2 5.74359E-2 5.80567E-2 5.86981E-2 5.9359E-2 6.00479E-2 6.08698E-2 6.16051E-2 6.23623E-2 6.31469E-2 6.39595E-2 6.47963E-2 6.56578E-2 6.65477E-2 6.76096E-2 6.85615E-2 6.96697E-2 7.05585E-2 7.16038E-2 7.26812E-2 7.39347E-2 7.50864E-2 7.63004E-2 7.75251E-2 7.89457E-2 8.02526E-2 8.16E-2 8.28167E-2 8.44246E-2 8.58964E-2 8.76388E-2 8.92154E-2 9.08413E-2 9.25138E-2
4.6137E-2 4.62657E-2 4.64063E-2 4.65508E-2 4.67653E-2 4.69558E-2 4.71474E-2 4.73429E-2 4.75609E-2 4.77914E-2 4.80424E-2 4.83328E-2 4.86198E-2 4.89109E-2 4.92126E-2 4.95754E-2 4.99067E-2 5.0202E-2 5.05622E-2 5.09918E-2 5.14507E-2 5.18693E-2 5.22373E-2 5.27404E-2 5.32013E-2 5.36805E-2 5.41768E-2 5.4691E-2 5.52206E-2 5.58698E-2 5.64442E-2 5.7038E-2 5.76487E-2 5.82855E-2 5.89446E-2 5.96237E-2 6.0323E-2 6.11639E-2 6.19165E-2 6.26942E-2 6.35977E-2 6.43212E-2 6.51749E-2 6.60569E-2 6.70826E-2 6.81691E-2 6.90207E-2 7.00251E-2 7.11893E-2 7.22603E-2 7.33648E-2 7.43603E-2 7.56807E-2 7.70723E-2 7.83251E-2 7.96186E-2 8.09549E-2 8.23307E-2 8.37453E-2 8.52072E-2 8.691E-2 8.84989E-2 9.0107E-2
4.56084E-2 4.57289E-2 4.58515E-2 4.5994E-2 4.61494E-2 4.63256E-2 4.65271E-2 4.67409E-2 4.69465E-2 4.71644E-2 4.74327E-2 4.76775E-2 4.78945E-2 4.81651E-2 4.84929E-2 4.88498E-2 4.91712E-2 4.94515E-2 4.98438E-2 5.0203E-2 5.05769E-2 5.09657E-2 5.13712E-2 5.18543E-2 5.23087E-2 5.27646E-2 5.32372E-2 5.37228E-2 5.42311E-2 5.47623E-2 5.53073E-2 5.60279E-2 5.65505E-2 5.71557E-2 5.77875E-2 5.85178E-2 5.91017E-2 5.97932E-2 6.05081E-2 6.14442E-2 6.22291E-2 6.29206E-2 6.37364E-2 6.4686E-2 6.55579E-2 6.64572E-2 6.72676E-2 6.84703E-2 6.94828E-2 7.05066E-2 7.15614E-2 7.26504E-2 7.37753E-2 7.49313E-2 7.6125E-2 7.75168E-2 7.882E-2 8.01361E-2 8.1491E-2 8.28887E-2 8.45143E-2 8.58216E-2 8.73555E-2
4.50469E-2 4.52017E-2 4.53172E-2 4.54509E-2 4.55959E-2 4.57525E-2 4.59523E-2 4.61014E-2 4.62946E-2 4.64981E-2 4.6807E-2 4.70388E-2 4.7245E-2 4.75004E-2 4.78037E-2 4.80962E-2 4.83934E-2 4.86573E-2 4.9082E-2 4.94376E-2 4.97923E-2 5.01631E-2 5.0542E-2 5.09435E-2 5.13654E-2 5.1799E-2 5.23764E-2 5.27909E-2 5.32748E-2 5.37821E-2 5.43688E-2 5.49079E-2 5.53927E-2 5.59677E-2 5.67312E-2 5.73649E-2 5.79208E-2 5.85816E-2 5.93545E-2 6.00606E-2 6.07914E-2 6.14477E-2 6.24299E-2 6.32521E-2 6.40866E-2 6.49459E-2 6.5833E-2 6.67459E-2 6.76902E-2 6.86638E-2 6.98017E-2 7.08643E-2 7.19369E-2 7.30425E-2 7.41843E-2 7.55133E-2 7.6579E-2 7.78325E-2 7.92876E-2 8.08245E-2 8.22103E-2 8.34599E-2 8.4929E-2
4.45452E-2 4.46614E-2 4.4752E-2 4.48757E-2 4.50599E-2 4.52344E-2 4.53946E-2 4.55351E-2 4.57157E-2 4.59423E-2 4.61486E-2 4.6367E-2 4.66169E-2 4.68992E-2 4.71481E-2 4.7425E-2 4.77074E-2 4.79968E-2 4.83054E-2 4.86356E-2 4.898E-2 4.93861E-2 4.97534E-2 5.01364E-2 5.05387E-2 5.09451E-2 5.14333E-2 5.18171E-2 5.22879E-2 5.29061E-2 5.34041E-2 5.39189E-2 5.43802E-2 5.50042E-2 5.55756E-2 5.61651E-2 5.67084E-2 5.75098E-2 5.81607E-2 5.88399E-2 5.95372E-2 6.02576E-2 6.09978E-2 6.17658E-2 6.25774E-2 6.35065E-2 6.43524E-2 6.52264E-2 6.61287E-2 6.70604E-2 6.81411E-2 6.90106E-2 7.00551E-2 7.12478E-2 7.24775E-2 7.36074E-2 7.46284E-2 7.58272E-2 7.72162E-2 7.84977E-2 7.98443E-2 8.12116E-2 8.27928E-2
4.41061E-2 4.42026E-2 4.42862E-2 4.44026E-2 4.45553E-2 4.46934E-2 4.48885E-2 4.5024E-2 4.52266E-2 4.54026E-2 4.56062E-2 4.58131E-2 4.6032E-2 4.62556E-2 4.65502E-2 4.68214E-2 4.70895E-2 4.73641E-2 4.76585E-2 4.79746E-2 4.82964E-2 4.86742E-2 4.90343E-2 4.94078E-2 4.97934E-2 5.02375E-2 5.06486E-2 5.10143E-2 5.14542E-2 5.19746E-2 5.25222E-2 5.30262E-2 5.34663E-2 5.40598E-2 5.46113E-2 5.51767E-2 5.5682E-2 5.63602E-2 5.70726E-2 5.77377E-2 5.84049E-2 5.90914E-2 5.98036E-2 6.05383E-2 6.13003E-2 6.21824E-2 6.29988E-2 6.38551E-2 6.47197E-2 6.57252E-2 6.66487E-2 6.74813E-2 6.84605E-2 6.95979E-2 7.07818E-2 7.18903E-2 7.28679E-2 7.41607E-2 7.53506E-2 7.65799E-2 7.78453E-2 7.91526E-2 8.06771E-2
4.3621E-2 4.37116E-2 4.37888E-2 4.392E-2 4.40304E-2 4.41689E-2 4.43092E-2 4.44601E-2 4.46128E-2 4.48363E-2 4.50297E-2 4.52253E-2 4.54243E-2 4.56425E-2 4.58722E-2 4.61231E-2 4.641E-2 4.66888E-2 4.69759E-2 4.72755E-2 4.762E-2 4.79406E-2 4.82247E-2 4.85702E-2 4.89816E-2 4.94209E-2 4.98205E-2 5.01691E-2 5.06486E-2 5.10847E-2 5.15361E-2 5.20044E-2 5.24834E-2 5.30614E-2 5.35991E-2 5.41378E-2 5.46897E-2 5.52655E-2 5.58607E-2 5.64787E-2 5.71093E-2 5.78569E-2 5.85535E-2 5.92536E-2 5.99782E-2 6.08229E-2 6.14965E-2 6.22935E-2 6.31143E-2 6.41861E-2 6.50871E-2 6.58814E-2 6.68162E-2 6.79039E-2 6.89021E-2 6.99326E-2 7.09967E-2 7.22397E-2 7.34002E-2 7.45728E-2 7.57821E-2 7.70347E-2 7.83232E-2
4.31085E-2 4.31896E-2 4.32798E-2 4.34125E-2 4.35262E-2 4.36569E-2 4.37889E-2 4.39213E-2 4.4073E-2 4.42354E-2 4.44171E-2 4.46712E-2 4.48395E-2 4.50461E-2 4.52638E-2 4.55316E-2 4.57736E-2 4.59876E-2 4.62527E-2 4.65718E-2 4.69248E-2 4.72287E-2 4.7499E-2 4.78775E-2 4.82199E-2 4.85782E-2 4.89485E-2 4.93339E-2 4.97914E-2 5.02238E-2 5.06536E-2 5.1101E-2 5.15567E-2 5.20347E-2 5.25349E-2 5.30464E-2 5.36482E-2 5.42098E-2 5.47769E-2 5.53677E-2 5.60498E-2 5.65939E-2 5.72392E-2 5.79051E-2 5.87806E-2 5.9513E-2 6.01559E-2 6.09154E-2 6.17977E-2 6.26115E-2 6.34498E-2 6.42033E-2 6.53238E-2 6.62711E-2 6.72236E-2 6.82086E-2 6.92235E-2 7.02717E-2 7.13523E-2 7.2468E-2 7.39173E-2 7.49913E-2 7.62232E-2
4.26467E-2 4.27205E-2 4.27951E-2 4.28881E-2 4.29912E-2 4.31125E-2 4.32927E-2 4.34038E-2 4.35458E-2 4.36994E-2 4.38922E-2 4.40667E-2 4.42202E-2 4.44146E-2 4.47027E-2 4.49267E-2 4.51558E-2 4.53587E-2 4.56496E-2 4.59145E-2 4.61896E-2 4.64782E-2 4.67786E-2 4.71481E-2 4.74827E-2 4.78219E-2 4.81751E-2 4.85344E-2 4.89152E-2 4.93162E-2 4.9725E-2 5.02812E-2 5.06607E-2 5.11157E-2 5.15941E-2 5.21438E-2 5.25803E-2 5.31007E-2 5.36397E-2 5.43678E-2 5.49465E-2 5.54644E-2 5.60802E-2 5.67999E-2 5.74578E-2 5.81377E-2 5.87477E-2 5.968E-2 6.04294E-2 6.12065E-2 6.20052E-2 6.28283E-2 6.36807E-2 6.45594E-2 6.54646E-2 6.6547E-2 6.75171E-2 6.85169E-2 6.95489E-2 7.06147E-2 7.18528E-2 7.28498E-2 7.40218E-2
4.21594E-2 4.22655E-2 4.23331E-2 4.24196E-2 4.25144E-2 4.262E-2 4.27583E-2 4.28576E-2 4.29945E-2 4.3181E-2 4.3364E-2 4.35283E-2 4.36727E-2 4.38887E-2 4.40763E-2 4.4291E-2 4.45077E-2 4.47898E-2 4.50212E-2 4.52808E-2 4.55437E-2 4.58181E-2 4.60961E-2 4.6394E-2 4.67108E-2 4.70988E-2 4.74777E-2 4.77768E-2 4.81405E-2 4.85232E-2 4.89628E-2 4.93681E-2 4.97275E-2 5.02404E-2 5.07529E-2 5.122E-2 5.16355E-2 5.21331E-2 5.27184E-2 5.32513E-2 5.38011E-2 5.43898E-2 5.50575E-2 5.56606E-2 5.62936E-2 5.6943E-2 5.7612E-2 5.82999E-2 5.9013E-2 5.98718E-2 6.06347E-2 6.14203E-2 6.22329E-2 6.3073E-2 6.39369E-2 6.4944E-2 6.5752E-2 6.68518E-2 6.78364E-2 6.89827E-2 7.00374E-2 7.09893E-2 7.21086E-2
4.17538E-2 4.18236E-2 4.19146E-2 4.19974E-2 4.20862E-2 4.2207E-2 4.23142E-2 4.24079E-2 4.25332E-2 4.26854E-2 4.28837E-2 4.30431E-2 4.31792E-2 4.3376E-2 4.35614E-2 4.37668E-2 4.39728E-2 4.41815E-2 4.44087E-2 4.47053E-2 4.49605E-2 4.52133E-2 4.54865E-2 4.57713E-2 4.60744E-2 4.64216E-2 4.67428E-2 4.7086E-2 4.74399E-2 4.78526E-2 4.82269E-2 4.8615E-2 4.89578E-2 4.94322E-2 4.98617E-2 5.03761E-2 5.07837E-2 5.13271E-2 5.18147E-2 5.23291E-2 5.2856E-2 5.34006E-2 5.39568E-2 5.46208E-2 5.52424E-2 5.58635E-2 5.64993E-2 5.71609E-2 5.78445E-2 5.85512E-2 5.9371E-2 6.0129E-2 6.09267E-2 6.17297E-2 6.2663E-2 6.35213E-2 6.42943E-2 6.52052E-2 6.62642E-2 6.73655E-2 6.84003E-2 6.93118E-2 7.05162E-2
4.13282E-2 4.13848E-2 4.14325E-2 4.15057E-2 4.16073E-2 4.17374E-2 4.18413E-2 4.19273E-2 4.20704E-2 4.21883E-2 4.23345E-2 4.24809E-2 4.26372E-2 4.28366E-2 4.30157E-2 4.32107E-2 4.34058E-2 4.36022E-2 4.38189E-2 4.40535E-2 4.4281E-2 4.45683E-2 4.48439E-2 4.51138E-2 4.53959E-2 4.57339E-2 4.60404E-2 4.63093E-2 4.66379E-2 4.70296E-2 4.74454E-2 4.78232E-2 4.81499E-2 4.85951E-2 4.90113E-2 4.9435E-2 4.98739E-2 5.03207E-2 5.08726E-2 5.13659E-2 5.18677E-2 5.23804E-2 5.29167E-2 5.34693E-2 5.40457E-2 5.47092E-2 5.53407E-2 5.59716E-2 5.66226E-2 5.7383E-2 5.8079E-2 5.87035E-2 5.94415E-2 6.03021E-2 6.12201E-2 6.20383E-2 6.27739E-2 6.37528E-2 6.46521E-2 6.55805E-2 6.65383E-2 6.7529E-2 6.87124E-2
