app/enm/output/Cyprinus_carpio/Cyprinus_carpio.asc
ncols         365
nrows         372
xllcorner     10.224615574
yllcorner     43.742729801
cellsize      5.0E-4
NODATA_value  -9999
[rows 224 to 251 of 372, columns 252 to 314 of 365]
2.39987E-1 2.4394E-1 2.4836E-1 2.516E-1 2.55523E-1 2.60177E-1 2.64467E-1 2.68229E-1 2.7122E-1 2.7486E-1 2.79158E-1 2.82657E-1 2.86781E-1 2.89344E-1 2.92949E-1 2.96418E-1 2.99394E-1 3.02246E-1 3.04488E-1 3.07016E-1 3.10605E-1 3.12807E-1 3.1426E-1 3.16049E-1 3.18246E-1 3.19621E-1 3.20894E-1 3.21604E-1 3.22189E-1 3.23303E-1 3.23363E-1 3.2311E-1 3.21752E-1 3.20913E-1 3.20586E-1 3.19639E-1 3.17879E-1 3.15025E-1 3.12388E-1 3.10883E-1 3.0803E-1 3.04939E-1 3.00701E-1 2.97154E-1 2.94673E-1 2.90841E-1 2.85684E-1 -9999 -9999 -9999 -9999 -9999 -9999 -9999 -9999 -9999 -9999 -9999 -9999 -9999 -9999 -9999 -9999
2.33895E-1 2.38228E-1 2.42062E-1 2.45223E-1 2.49006E-1 2.5342E-1 2.57748E-1 2.61481E-1 2.64425E-1 2.68701E-1 2.72215E-1 2.75661E-1 2.79022E-1 2.81971E-1 2.85812E-1 2.89266E-1 2.92239E-1 2.94665E-1 2.97359E-1 2.99908E-1 3.02782E-1 3.0527E-1 3.07274E-1 3.0914E-1 3.11404E-1 3.12257E-1 3.14292E-1 3.14505E-1 3.15267E-1 3.16571E-1 3.17449E-1 3.17418E-1 3.16316E-1 3.16538E-1 3.15682E-1 3.14541E-1 3.13922E-1 3.11868E-1 3.08835E-1 3.07634E-1 3.05149E-1 3.0131E-1 2.98362E-1 2.95229E-1 2.93868E-1 2.88656E-1 2.85789E-1 -9999 -9999 -9999 -9999 -9999 -9999 -9999 -9999 -9999 -9999 -9999 -9999 -9999 -9999 -9999 -9999
2.26749E-1 2.31623E-1 2.35407E-1 2.38488E-1 2.42171E-1 2.46483E-1 2.50118E-1 2.53711E-1 2.57262E-1 2.61124E-1 2.64861E-1 2.68244E-1 2.71553E-1 2.74466E-1 2.77592E-1 2.8098E-1 2.84231E-1 2.87785E-1 2.89737E-1 2.92296E-1 2.94714E-1 2.97735E-1 2.99079E-1 3.01014E-1 3.03501E-1 3.05746E-1 3.07094E-1 3.07446E-1 3.08355E-1 3.09814E-1 3.10252E-1 3.11221E-1 3.10153E-1 3.09755E-1 3.09994E-1 3.09129E-1 3.08004E-1 3.05654E-1 3.03993E-1 3.0388E-1 3.01335E-1 2.98656E-1 2.95304E-1 2.92524E-1 2.89575E-1 2.87204E-1 2.84734E-1 -9999 -9999 -9999 -9999 -9999 -9999 -9999 -9999 -9999 -9999 -9999 -9999 -9999 -9999 -9999 -9999
2.21141E-1 2.24769E-1 2.28394E-1 2.31391E-1 2.35965E-1 2.39765E-1 2.43318E-1 2.46832E-1 2.5008E-1 2.53491E-1 2.57109E-1 2.61041E-1 2.6473E-1 2.67212E-1 2.70299E-1 2.73635E-1 2.76917E-1 2.79725E-1 2.81689E-1 2.84937E-1 2.88094E-1 2.90394E-1 2.9179E-1 2.93777E-1 2.96349E-1 2.97997E-1 2.99446E-1 3.00562E-1 3.01719E-1 3.03193E-1 3.03793E-1 3.04163E-1 3.03535E-1 3.03402E-1 3.04609E-1 3.03741E-1 3.02758E-1 3.00864E-1 2.99493E-1 2.9886E-1 2.96817E-1 2.95538E-1 2.92097E-1 2.89642E-1 2.87751E-1 2.84977E-1 -9999 -9999 -9999 -9999 -9999 -9999 -9999 -9999 -9999 -9999 -9999 -9999 -9999 -9999 -9999 -9999 -9999
2.1518E-1 2.18713E-1 2.22237E-1 2.25596E-1 2.29087E-1 2.32738E-1 2.36782E-1 2.40644E-1 2.43399E-1 2.4674E-1 2.50278E-1 2.53936E-1 2.57124E-1 2.59574E-1 2.63242E-1 2.66899E-1 2.69782E-1 2.72565E-1 2.7454E-1 2.77415E-1 2.80264E-1 2.82577E-1 2.8466E-1 2.86926E-1 2.89289E-1 2.90996E-1 2.92525E-1 2.93282E-1 2.94403E-1 2.96559E-1 2.97291E-1 2.97108E-1 2.97381E-1 2.97424E-1 2.98025E-1 2.96828E-1 2.9739E-1 2.95745E-1 2.94622E-1 2.94019E-1 2.92458E-1 2.90688E-1 2.88002E-1 2.86588E-1 2.8453E-1 2.8204E-1 -9999 -9999 -9999 -9999 -9999 -9999 -9999 -9999 -9999 -9999 -9999 -9999 -9999 -9999 -9999 -9999 -9999
2.0978E-1 2.13281E-1 2.16583E-1 2.2001E-1 2.23424E-1 2.26995E-1 2.30195E-1 2.34157E-1 2.37406E-1 2.40725E-1 2.43968E-1 2.47807E-1 2.50958E-1 2.53385E-1 2.57061E-1 2.60007E-1 2.63489E-1 2.66262E-1 2.68948E-1 2.7114E-1 2.73987E-1 2.76334E-1 2.78103E-1 2.80842E-1 2.83175E-1 2.84954E-1 2.86028E-1 2.87452E-1 2.88691E-1 2.90357E-1 2.90603E-1 2.92723E-1 2.92252E-1 2.92477E-1 2.92496E-1 2.93033E-1 2.92612E-1 2.91247E-1 2.91134E-1 2.90459E-1 2.89177E-1 2.87685E-1 2.86013E-1 2.83198E-1 2.82136E-1 2.80699E-1 -9999 -9999 -9999 -9999 -9999 -9999 -9999 -9999 -9999 -9999 -9999 -9999 -9999 -9999 -9999 -9999 -9999
2.03685E-1 2.06909E-1 2.10799E-1 2.14061E-1 2.17438E-1 2.20753E-1 2.24637E-1 2.27923E-1 2.30572E-1 2.33787E-1 2.38133E-1 2.41303E-1 2.44398E-1 2.46799E-1 2.5014E-1 2.5333E-1 2.56167E-1 2.58929E-1 2.6187E-1 2.64407E-1 2.67247E-1 2.69605E-1 2.71429E-1 2.73522E-1 2.75947E-1 2.77301E-1 2.80362E-1 2.81061E-1 2.82395E-1 2.8356E-1 2.85262E-1 2.86064E-1 2.85952E-1 2.87074E-1 2.87789E-1 2.8778E-1 2.87575E-1 2.86439E-1 2.85729E-1 2.85718E-1 2.84707E-1 2.84231E-1 2.81553E-1 2.79957E-1 2.79123E-1 2.77225E-1 -9999 -9999 -9999 -9999 -9999 -9999 -9999 -9999 -9999 -9999 -9999 -9999 -9999 -9999 -9999 -9999 -9999
1.98242E-1 2.01912E-1 2.05173E-1 2.07885E-1 2.11126E-1 2.15407E-1 2.18675E-1 2.21886E-1 2.24489E-1 2.2803E-1 2.31351E-1 2.34438E-1 2.37479E-1 2.40776E-1 2.43715E-1 2.46861E-1 2.49675E-1 2.52745E-1 2.54736E-1 2.57292E-1 2.60112E-1 2.63405E-1 2.64935E-1 2.67063E-1 2.69507E-1 2.71631E-1 2.73366E-1 2.74256E-1 2.7636E-1 2.78208E-1 2.79309E-1 2.80234E-1 2.80275E-1 2.80897E-1 2.8192E-1 2.82108E-1 2.82812E-1 2.81599E-1 2.81176E-1 2.81353E-1 2.80571E-1 2.78778E-1 2.77621E-1 2.77007E-1 2.75994E-1 2.74143E-1 -9999 -9999 -9999 -9999 -9999 -9999 -9999 -9999 -9999 -9999 -9999 -9999 -9999 -9999 -9999 -9999 -9999
1.93328E-1 1.96551E-1 1.9973E-1 2.02377E-1 2.05937E-1 2.09239E-1 2.12389E-1 2.15527E-1 2.18955E-1 2.22069E-1 2.25326E-1 2.28355E-1 2.31122E-1 2.34051E-1 2.36937E-1 2.40033E-1 2.43097E-1 2.46428E-1 2.48423E-1 2.50969E-1 2.54076E-1 2.56446E-1 2.58056E-1 2.60837E-1 2.63487E-1 2.65406E-1 2.67204E-1 2.68181E-1 2.69871E-1 2.71739E-1 2.72951E-1 2.74666E-1 2.74791E-1 2.75472E-1 2.76614E-1 2.76966E-1 2.76451E-1 2.7642E-1 2.769E-1 2.76964E-1 2.75628E-1 2.75556E-1 2.73945E-1 2.72863E-1 2.71623E-1 2.70919E-1 -9999 -9999 -9999 -9999 -9999 -9999 -9999 -9999 -9999 -9999 -9999 -9999 -9999 -9999 -9999 -9999 -9999
1.87854E-1 1.90942E-1 1.94029E-1 1.976E-1 2.00556E-1 2.03778E-1 2.06856E-1 2.09755E-1 2.12792E-1 2.15808E-1 2.18989E-1 2.22276E-1 2.25787E-1 2.28088E-1 2.30928E-1 2.33717E-1 2.37056E-1 2.39736E-1 2.42272E-1 2.44802E-1 2.47883E-1 2.50254E-1 2.51884E-1 2.54705E-1 2.56775E-1 2.58732E-1 2.61106E-1 2.6281E-1 2.63906E-1 2.65817E-1 2.67107E-1 2.68241E-1 2.68665E-1 2.69945E-1 2.71185E-1 2.71035E-1 2.72006E-1 2.71446E-1 2.71404E-1 2.71183E-1 2.71475E-1 2.71281E-1 2.69875E-1 2.68994E-1 2.68629E-1 2.67449E-1 2.66138E-1 -9999 -9999 -9999 -9999 -9999 -9999 -9999 -9999 -9999 -9999 -9999 -9999 -9999 -9999 -9999 -9999
1.83325E-1 1.8634E-1 1.89362E-1 1.92265E-1 1.95276E-1 1.98865E-1 2.01918E-1 2.05298E-1 2.0775E-1 2.1071E-1 2.1365E-1 2.1712E-1 2.20515E-1 2.22808E-1 2.25617E-1 2.28968E-1 2.31683E-1 2.34344E-1 2.36339E-1 2.39173E-1 2.42503E-1 2.44847E-1 2.46514E-1 2.48978E-1 2.51445E-1 2.53437E-1 2.55326E-1 2.57271E-1 2.58802E-1 2.60774E-1 2.62151E-1 2.63528E-1 2.63941E-1 2.64866E-1 2.65634E-1 2.6757E-1 2.67816E-1 2.67426E-1 2.67547E-1 2.68178E-1 2.6798E-1 2.67622E-1 2.67122E-1 2.66024E-1 2.65957E-1 2.64993E-1 2.63902E-1 -9999 -9999 -9999 -9999 -9999 -9999 -9999 -9999 -9999 -9999 -9999 -9999 -9999 -9999 -9999 -9999
1.78503E-1 1.81484E-1 1.84794E-1 1.87261E-1 1.90202E-1 1.93271E-1 1.96584E-1 1.99963E-1 2.02394E-1 2.05299E-1 2.08719E-1 2.11588E-1 2.14427E-1 2.16677E-1 2.19782E-1 2.23245E-1 2.25934E-1 2.28568E-1 2.30876E-1 2.33379E-1 2.36115E-1 2.38495E-1 2.40466E-1 2.43182E-1 2.45654E-1 2.47679E-1 2.49835E-1 2.51004E-1 2.52691E-1 2.54709E-1 2.56957E-1 2.58135E-1 2.58659E-1 2.59685E-1 2.61226E-1 2.61967E-1 2.62557E-1 2.62989E-1 2.63068E-1 2.63824E-1 2.638E-1 2.63619E-1 2.62595E-1 2.62112E-1 2.62222E-1 2.62143E-1 2.60127E-1 2.59105E-1 2.57976E-1 -9999 -9999 -9999 -9999 -9999 -9999 -9999 -9999 -9999 -9999 -9999 -9999 -9999 -9999
1.73501E-1 1.76715E-1 1.79971E-1 1.82417E-1 1.85289E-1 1.88645E-1 1.91521E-1 1.94388E-1 1.96743E-1 2.00095E-1 2.03384E-1 2.06218E-1 2.0901E-1 2.11579E-1 2.14295E-1 2.17199E-1 2.19856E-1 2.22728E-1 2.25264E-1 2.27751E-1 2.30463E-1 2.32537E-1 2.34829E-1 2.37034E-1 2.39504E-1 2.4177E-1 2.44258E-1 2.45481E-1 2.47219E-1 2.49468E-1 2.50978E-1 2.52366E-1 2.53613E-1 2.55228E-1 2.56225E-1 2.57081E-1 2.57794E-1 2.57788E-1 2.58206E-1 2.59095E-1 2.5988E-1 2.58957E-1 2.58785E-1 2.58483E-1 2.58746E-1 2.57481E-1 2.57426E-1 2.56637E-1 2.55314E-1 2.54278E-1 2.53768E-1 2.52548E-1 -9999 -9999 -9999 -9999 -9999 -9999 -9999 -9999 -9999 -9999 -9999
1.68947E-1 1.72165E-1 1.7496E-1 1.77306E-1 1.80565E-1 1.83771E-1 1.86615E-1 1.89426E-1 1.92227E-1 1.94867E-1 1.97794E-1 2.00553E-1 2.03747E-1 2.06294E-1 2.08973E-1 2.11831E-1 2.14228E-1 2.17351E-1 2.19317E-1 2.21791E-1 2.24727E-1 2.27627E-1 2.29337E-1 2.31555E-1 2.33699E-1 2.36349E-1 2.38323E-1 2.39608E-1 2.41871E-1 2.44157E-1 2.45729E-1 2.47188E-1 2.48531E-1 2.49275E-1 2.50848E-1 2.52433E-1 2.53088E-1 2.53232E-1 2.53775E-1 2.54779E-1 2.54467E-1 2.55238E-1 2.55247E-1 2.54829E-1 2.54565E-1 2.54799E-1 2.54292E-1 2.53044E-1 2.5231E-1 2.52092E-1 2.51806E-1 2.50346E-1 2.48623E-1 -9999 -9999 -9999 -9999 -9999 -9999 -9999 -9999 -9999 -9999
1.65083E-1 1.67793E-1 1.70519E-1 1.7281E-1 1.7588E-1 1.78727E-1 1.8147E-1 1.84638E-1 1.87246E-1 1.89966E-1 1.92834E-1 1.95537E-1 1.9856E-1 2.00714E-1 2.03347E-1 2.06617E-1 2.0952E-1 2.1206E-1 2.1402E-1 2.16465E-1 2.19413E-1 2.21762E-1 2.2348E-1 2.2617E-1 2.28891E-1 2.30962E-1 2.32951E-1 2.34272E-1 2.36301E-1 2.38394E-1 2.40477E-1 2.41985E-1 2.4295E-1 2.44218E-1 2.45849E-1 2.46903E-1 2.47942E-1 2.47919E-1 2.49175E-1 2.50262E-1 2.50717E-1 2.50988E-1 2.50508E-1 2.50526E-1 2.51041E-1 2.51118E-1 2.50763E-1 2.49681E-1 2.49027E-1 2.49043E-1 2.48274E-1 2.47412E-1 2.45946E-1 2.4491E-1 -9999 -9999 -9999 -9999 -9999 -9999 -9999 -9999 -9999
1.6084E-1 1.63837E-1 1.66537E-1 1.69114E-1 1.7179E-1 1.74574E-1 1.77262E-1 1.79828E-1 1.82507E-1 1.85587E-1 1.88417E-1 1.91416E-1 1.94062E-1 1.96193E-1 1.98792E-1 2.01875E-1 2.04426E-1 2.07413E-1 2.09357E-1 2.12094E-1 2.14719E-1 2.1706E-1 2.18795E-1 2.2129E-1 2.24258E-1 2.26296E-1 2.28314E-1 2.29914E-1 2.31752E-1 2.33871E-1 2.35547E-1 2.36723E-1 2.38749E-1 2.39972E-1 2.41664E-1 2.42946E-1 2.4396E-1 2.44256E-1 2.45029E-1 2.46895E-1 2.4721E-1 2.47616E-1 2.47288E-1 2.47465E-1 2.48112E-1 2.48046E-1 2.48482E-1 2.47201E-1 2.4678E-1 2.46942E-1 2.4634E-1 2.44958E-1 2.44179E-1 2.43326E-1 -9999 -9999 -9999 -9999 -9999 -9999 -9999 -9999 -9999
1.56772E-1 1.59352E-1 1.6186E-1 1.64461E-1 1.6742E-1 1.70173E-1 1.7269E-1 1.75756E-1 1.77935E-1 1.80552E-1 1.83168E-1 1.86649E-1 1.89252E-1 1.91366E-1 1.94413E-1 1.96957E-1 1.99474E-1 2.01963E-1 2.04417E-1 2.07077E-1 2.09658E-1 2.11988E-1 2.14012E-1 2.16227E-1 2.18662E-1 2.20762E-1 2.22489E-1 2.2496E-1 2.2676E-1 2.28897E-1 2.30249E-1 2.32434E-1 2.33374E-1 2.34795E-1 2.36677E-1 2.38333E-1 2.3944E-1 2.39837E-1 2.4131E-1 2.42081E-1 2.42733E-1 2.43275E-1 2.44298E-1 2.43783E-1 2.44542E-1 2.44617E-1 2.43973E-1 2.43827E-1 2.43578E-1 2.44489E-1 2.43037E-1 2.43095E-1 2.41885E-1 -9999 -9999 -9999 -9999 -9999 -9999 -9999 -9999 -9999 -9999
1.52829E-1 1.55272E-1 1.58191E-1 1.60328E-1 1.62875E-1 1.65426E-1 1.68767E-1 1.71369E-1 1.73502E-1 1.7607E-1 1.79081E-1 1.81641E-1 1.84189E-1 1.86259E-1 1.89506E-1 1.9218E-1 1.94662E-1 1.9712E-1 1.99347E-1 2.01729E-1 2.04293E-1 2.0661E-1 2.09114E-1 2.1129E-1 2.13709E-1 2.15538E-1 2.18118E-1 2.19539E-1 2.21434E-1 2.23777E-1 2.25994E-1 2.27648E-1 2.28654E-1 2.30134E-1 2.32091E-1 2.33383E-1 2.34571E-1 2.35645E-1 2.36561E-1 2.37901E-1 2.3866E-1 2.39316E-1 2.39332E-1 2.39759E-1 2.41218E-1 2.41168E-1 2.41282E-1 2.40689E-1 2.40588E-1 -9999 -9999 -9999 -9999 -9999 -9999 -9999 -9999 -9999 -9999 -9999 -9999 -9999 -9999
1.487E-1 1.51801E-1 1.54269E-1 1.56356E-1 1.58841E-1 1.61738E-1 1.64241E-1 1.66754E-1 1.68841E-1 1.72049E-1 1.74682E-1 1.7719E-1 1.79695E-1 1.82037E-1 1.84507E-1 1.87122E-1 1.89565E-1 1.92706E-1 1.9461E-1 1.96963E-1 1.99496E-1 2.02074E-1 2.0381E-1 2.06005E-1 2.0884E-1 2.112E-1 2.13245E-1 2.14686E-1 2.16594E-1 2.18978E-1 2.20746E-1 2.22443E-1 2.23915E-1 2.25622E-1 2.27429E-1 2.28773E-1 2.30026E-1 2.30749E-1 2.31794E-1 2.33569E-1 2.34419E-1 2.35248E-1 2.35304E-1 2.35829E-1 2.36786E-1 2.37159E-1 -9999 -9999 -9999 -9999 -9999 -9999 -9999 -9999 -9999 -9999 -9999 -9999 -9999 -9999 -9999 -9999 -9999
1.45303E-1 1.47689E-1 1.5009E-1 1.5213E-1 1.55205E-1 1.57729E-1 1.60175E-1 1.62633E-1 1.64987E-1 1.67444E-1 1.70016E-1 1.72471E-1 1.75185E-1 1.77625E-1 1.80054E-1 1.82624E-1 1.85332E-1 1.87713E-1 1.896E-1 1.92342E-1 1.95131E-1 1.97399E-1 1.99139E-1 2.01325E-1 2.03975E-1 2.06076E-1 2.08122E-1 2.10015E-1 2.12177E-1 2.14331E-1 2.16128E-1 2.17859E-1 2.19169E-1 2.20732E-1 2.22978E-1 2.24383E-1 2.25302E-1 2.26518E-1 2.27638E-1 2.29105E-1 2.29601E-1 2.31002E-1 2.31525E-1 2.32162E-1 -9999 -9999 -9999 -9999 -9999 -9999 -9999 -9999 -9999 -9999 -9999 -9999 -9999 -9999 -9999 -9999 -9999 -9999 -9999
1.42E-1 1.44335E-1 1.46683E-1 1.49049E-1 1.51347E-1 1.53813E-1 1.56536E-1 1.58877E-1 1.61287E-1 1.63697E-1 1.6622E-1 1.68523E-1 1.71352E-1 1.73707E-1 1.76109E-1 1.78495E-1 1.81314E-1 1.83675E-1 1.8555E-1 1.87863E-1 1.90617E-1 1.93305E-1 1.95025E-1 1.97699E-1 1.99847E-1 2.01949E-1 2.04009E-1 2.06012E-1 2.08165E-1 2.10268E-1 2.12094E-1 2.13543E-1 2.15225E-1 2.16835E-1 2.18715E-1 2.1982E-1 2.22259E-1 2.22865E-1 2.24059E-1 2.25171E-1 2.26747E-1 2.27677E-1 2.27966E-1 -9999 -9999 -9999 -9999 -9999 -9999 -9999 -9999 -9999 -9999 -9999 -9999 -9999 -9999 -9999 -9999 -9999 -9999 -9999 -9999
1.38476E-1 1.40753E-1 1.43078E-1 1.45315E-1 1.47632E-1 1.5004E-1 1.52382E-1 1.55029E-1 1.57327E-1 1.5971E-1 1.62075E-1 1.6485E-1 1.67218E-1 1.69165E-1 1.71517E-1 1.74291E-1 1.77013E-1 1.79342E-1 1.81199E-1 1.83768E-1 1.86202E-1 1.88441E-1 1.9018E-1 1.93052E-1 1.95402E-1 1.97469E-1 1.99522E-1 2.01285E-1 2.03234E-1 2.05399E-1 2.0725E-1 2.0974E-1 2.10855E-1 2.12498E-1 2.14072E-1 2.16103E-1 2.17534E-1 2.18354E-1 2.2014E-1 2.21713E-1 2.22812E-1 2.23828E-1 -9999 -9999 -9999 -9999 -9999 -9999 -9999 -9999 -9999 -9999 -9999 -9999 -9999 -9999 -9999 -9999 -9999 -9999 -9999 -9999 -9999
1.34819E-1 1.37032E-1 1.39547E-1 1.41739E-1 1.44027E-1 1.46378E-1 1.48955E-1 1.51257E-1 1.53187E-1 1.55498E-1 1.58197E-1 1.60861E-1 1.63201E-1 1.65114E-1 1.67717E-1 1.70155E-1 1.72454E-1 1.74746E-1 1.77256E-1 1.79499E-1 1.81902E-1 1.8412E-1 1.86123E-1 1.88276E-1 1.90599E-1 1.92694E-1 1.95441E-1 1.96918E-1 1.98877E-1 2.01039E-1 2.03135E-1 2.0494E-1 2.06178E-1 2.08338E-1 2.10473E-1 2.11917E-1 2.13393E-1 2.14277E-1 2.15769E-1 2.17386E-1 2.18567E-1 -9999 -9999 -9999 -9999 -9999 -9999 -9999 -9999 -9999 -9999 -9999 -9999 -9999 -9999 -9999 -9999 -9999 -9999 -9999 -9999 -9999 -9999
1.31569E-1 1.34004E-1 1.3618E-1 1.38039E-1 1.40244E-1 1.42806E-1 1.45364E-1 1.47615E-1 1.49506E-1 1.52138E-1 1.54409E-1 1.56682E-1 1.58955E-1 1.61473E-1 1.63744E-1 1.66131E-1 1.68396E-1 1.70511E-1 1.72745E-1 1.74962E-1 1.77324E-1 1.79721E-1 1.8188E-1 1.84014E-1 1.86312E-1 1.8865E-1 1.90687E-1 1.92219E-1 1.94175E-1 1.96949E-1 1.98811E-1 2.00626E-1 2.01895E-1 2.04089E-1 2.05733E-1 2.07314E-1 2.092E-1 2.10312E-1 2.11675E-1 2.13326E-1 2.14559E-1 -9999 -9999 -9999 -9999 -9999 -9999 -9999 -9999 -9999 -9999 -9999 -9999 -9999 -9999 -9999 -9999 -9999 -9999 -9999 -9999 -9999 -9999
1.28058E-1 1.3076E-1 1.32887E-1 1.34704E-1 1.37186E-1 1.39359E-1 1.41541E-1 1.43737E-1 1.46265E-1 1.48401E-1 1.50708E-1 1.5294E-1 1.55171E-1 1.57297E-1 1.59526E-1 1.61864E-1 1.64322E-1 1.66943E-1 1.68738E-1 1.70928E-1 1.73101E-1 1.7569E-1 1.774E-1 1.79514E-1 1.81972E-1 1.84485E-1 1.86517E-1 1.88055E-1 1.90478E-1 1.92399E-1 1.94275E-1 1.96479E-1 1.9826E-1 1.99713E-1 2.0166E-1 2.03276E-1 2.04828E-1 2.06005E-1 2.07773E-1 2.09463E-1 2.10402E-1 -9999 -9999 -9999 -9999 -9999 -9999 -9999 -9999 -9999 -9999 -9999 -9999 -9999 -9999 -9999 -9999 -9999 -9999 -9999 -9999 -9999 -9999
1.25528E-1 1.27585E-1 1.2992E-1 1.31725E-1 1.34099E-1 1.36285E-1 1.38425E-1 1.40578E-1 1.42666E-1 1.44835E-1 1.47404E-1 1.49612E-1 1.52082E-1 1.53904E-1 1.561E-1 1.58404E-1 1.60871E-1 1.63061E-1 1.65194E-1 1.67358E-1 1.69925E-1 1.72073E-1 1.73777E-1 1.75878E-1 1.78392E-1 1.80849E-1 1.82848E-1 1.84398E-1 1.86605E-1 1.88745E-1 1.90632E-1 1.92482E-1 1.94034E-1 1.96226E-1 1.98106E-1 1.99755E-1 2.01544E-1 2.02586E-1 2.04049E-1 2.05456E-1 2.07778E-1 -9999 -9999 -9999 -9999 -9999 -9999 -9999 -9999 -9999 -9999 -9999 -9999 -9999 -9999 -9999 -9999 -9999 -9999 -9999 -9999 -9999 -9999
1.22521E-1 1.24528E-1 1.26555E-1 1.28546E-1 1.30601E-1 1.32996E-1 1.35115E-1 1.37153E-1 1.39266E-1 1.4139E-1 1.43602E-1 1.46013E-1 1.48476E-1 1.50269E-1 1.52434E-1 1.54963E-1 1.57122E-1 1.59277E-1 1.61037E-1 1.63437E-1 1.66056E-1 1.68167E-1 1.69862E-1 1.72204E-1 1.74429E-1 1.76478E-1 1.78497E-1 1.80302E-1 1.82662E-1 1.84741E-1 1.86637E-1 1.88265E-1 1.90074E-1 1.91833E-1 1.93806E-1 1.96133E-1 1.97657E-1 1.98745E-1 2.00251E-1 2.02184E-1 2.03574E-1 2.04906E-1 -9999 -9999 -9999 -9999 -9999 -9999 -9999 -9999 -9999 -9999 -9999 -9999 -9999 -9999 -9999 -9999 -9999 -9999 -9999 -9999 -9999
1.19575E-1 1.21562E-1 1.23491E-1 1.25482E-1 1.27492E-1 1.29568E-1 1.3155E-1 1.34193E-1 1.35961E-1 1.38041E-1 1.40129E-1 1.42566E-1 1.44678E-1 1.46439E-1 1.48909E-1 1.51346E-1 1.53476E-1 1.55597E-1 1.57594E-1 1.59702E-1 1.61927E-1 1.64019E-1 1.6596E-1 1.6838E-1 1.70561E-1 1.72593E-1 1.74431E-1 1.76408E-1 1.78358E-1 1.80472E-1 1.82568E-1 1.84815E-1 1.86187E-1 1.87958E-1 1.90152E-1 1.91842E-1 1.93488E-1 1.94617E-1 1.97085E-1 1.98465E-1 1.99899E-1 2.01277E-1 -9999 -9999 -9999 -9999 -9999 -9999 -9999 -9999 -9999 -9999 -9999 -9999 -9999 -9999 -9999 -9999 -9999 -9999 -9999 -9999 -9999
