app/data/climate/rcp85/2100/Precipitation.asc
ncols        365
nrows        372
xllcorner    10.224615574000
yllcorner    43.742729801000
cellsize     0.000500000000
NODATA_value  -9999
[rows 286 to 307 of 372, columns 204 to 254 of 365]
722.590502441655 722.983446251068 723.342676109638 723.704440023337 724.068682904011 724.435404751657 724.851044880919 725.176395524182 725.550719537214 726.013074421892 726.392962338577 726.775329222236 727.111807672803 727.547279537854 727.936918057969 728.329090633213 728.723687087275 729.161031949596 729.560806690225 729.963005309674 730.367407455321 730.774398744252 731.183813912002 731.595432605951 732.051672705427 732.520693256856 732.93991411619 733.308674225571 733.732247049149 734.211513997403 734.640044754928 735.070779038651 735.493911156989 735.983644854688 736.421265157783 736.861199163387 737.247862923134 737.747402312417 738.193726543998 738.642199213623 739.139424900397 739.592249534265 740.047222606176 740.504289027976 740.963283535201 741.482158866879 741.887277158541 742.400974203653 742.868121757813 743.395921370597 743.867145448225
722.192435433829 722.590943146894 722.902962456654 723.261971962605 723.660534763825 724.070390636815 724.437498101546 724.760590130455 725.132380088359 725.553418856808 725.930442189435 726.30977922457 726.730542552244 727.115112962101 727.502162338933 727.891525418273 728.283422552741 728.677633389719 729.07421301736 729.514036846655 729.915794760863 730.37060256831 730.726361873117 731.135115983007 731.546349059871 732.011733793072 732.427814627573 732.836568737463 733.309941253135 733.733238635938 734.15873954494 734.58644398014 735.016462117849 735.448573605447 735.882998795554 736.364579446317 736.803632041442 737.244667810145 737.687962193203 738.133349926149 738.580775920829 739.030350353553 739.528898156047 739.982824553014 740.495805452111 740.953973637011 741.356392609079 741.818361876672 742.340101792409 742.80603740716 743.323205006034
721.875348013812 722.227581676701 722.537783077346 722.894478880788 723.298825938281 723.697994709206 724.062843559583 724.383952414914 724.799702720485 725.171713031009 725.546257396662 725.923280729288 726.302727940733 726.723656532872 727.108282030885 727.495166143251 727.933392416051 728.276371268905 728.670527017728 729.066996469059 729.516020020233 729.958763521741 730.312264212195 730.718539355111 731.178305096505 731.589427997059 732.002974776432 732.3666116874 732.836734001928 733.300190649705 733.723047327268 734.14810753103 734.575371260991 735.004783428995 735.436509299509 735.870383608066 736.351413377279 736.789804914544 737.230234713543 737.67297821505 738.173343926658 738.564304562493 739.013162849202 739.463894133181 740.0208904681 740.476249157096 740.876354426655 741.335293845725 741.854003912938 742.317130031786 742.782018971592
721.47942944403 721.829184139945 722.137182014392 722.536075344542 722.893101676914 723.252662064414 723.614701418889 723.979054475872 724.383676974139 724.753318493999 725.125218628213 725.499707905711 725.876510885717 726.255682656388 726.637498658496 727.069610146095 727.495992465576 727.836657615921 728.228058956995 728.671243163742 729.067712615074 729.466550857069 729.817407316084 730.312539652969 730.718594443266 731.126907847916 731.537479866921 731.950530852899 732.36562010061 732.783023050831 733.202629527251 733.721009065534 734.092413406354 734.5189609903 734.947601924135 735.432542952351 735.811494370401 736.246525530213 736.683815304378 737.223954663876 737.665816754904 738.054188247454 738.499961597486 739.003852951012 739.453923177131 739.905976576829 740.303051997865 740.863794327322 741.321962512222 741.78189351808 742.243807697518
721.048805336616 721.395915801093 721.745560320698 722.134041989559 722.488754619422 722.845836039948 723.205396427449 723.567325605613 723.931788838906 724.298510686553 724.667711501173 725.124227041424 725.451891387195 725.828529102737 726.207480520787 726.636782512482 727.0209122171 727.358878047851 727.836106734371 728.227508075445 728.621333295338 729.01736204143 729.415649401875 729.816415729294 730.219385582912 730.624669139039 731.074243571763 731.484264709218 731.896654637336 732.311082827188 732.727879807704 733.199379326107 733.568084347333 733.991381730136 734.514333585282 734.942588902032 735.319006264954 735.751117752552 736.239859863461 736.676543667922 737.115155557807 737.500662466299 738.044878349264 738.489935553281 738.936975930876 739.385999482051 739.836951118649 740.289830840672 740.744583559963 741.249576676589 741.765917953139
720.655310645653 721.000162495776 721.347383136563 721.697027656168 722.049096054592 722.40353324368 722.84231039803 723.157029027384 723.518848029238 723.883145998066 724.295866455114 724.665177446044 724.990417912997 725.40286292927 725.826545929158 726.205607523518 726.587037908542 726.970781996075 727.357005050582 727.745486719443 728.136282090812 728.569991134904 728.965579175756 729.363480919117 729.763806541296 730.166225513365 730.621749466826 730.978004565028 731.387254468313 731.84129104159 732.30722665634 732.723582931617 733.089753897714 733.510131608303 733.985817826483 734.41071276578 734.828776773861 735.311954981118 735.743570675321 736.177114454948 736.61291684893 737.050647328335 737.490471157629 737.932278160502 738.422617827905 738.868611530556 739.316643494941 739.766438280285 740.218216239208 740.671922283555 741.184462477412
720.227496034143 720.648534802592 720.950528068146 721.297748708933 721.647503404849 722.043697415405 722.398520221578 722.710814972113 723.107394599754 723.514606241305 723.879179650908 724.246066763019 724.568883351154 724.986892271079 725.360830667027 725.736972589174 726.154871332789 726.536026277039 726.919550011952 727.305387449374 727.693593677459 728.132921713359 728.476616712227 728.871708959684 729.310045408794 729.759895282293 730.162204078052 730.51609038559 730.922475704816 731.38246179883 731.793584699384 732.24982479886 732.613461709828 733.083528936202 733.503465941551 733.925716649409 734.296735373144 734.776277762173 735.204698343388 735.680274385258 736.113046930716 736.547802649753 736.984651718679 737.423594137493 737.864409553577 738.362681915296 738.751879730171 739.245745039493 739.694548238047 740.201744880872 740.654514426584
719.871957081955 720.254819759009 720.590637151716 720.935874618924 721.327000519223 721.677251008533 722.029815200352 722.340292041773 722.742105044137 723.101885784257 723.501550348577 723.866178846334 724.233121046601 724.602487125686 724.974056730971 725.348105303229 725.724247225375 726.102868114496 726.52341108955 726.906824648153 727.292551909265 727.729235713726 728.070837362706 728.463395555034 728.907681524881 729.346238326611 729.74612324355 730.097750936735 730.552338391561 730.958778798943 731.367477820678 731.778215104147 732.191155913815 732.64948936318 733.06700248971 733.48660896613 733.908198616128 734.331936704171 734.757768142102 735.185692929922 735.669422018729 736.092939754152 736.527144591639 736.96338769086 737.456426677856 737.89669121239 738.283740589222 738.727585853829 739.276649494432 739.724956899592 740.175027125711
719.524130471464 719.86237174299 720.160233396922 720.502936809001 720.891198125242 721.27532782986 721.625523231015 721.978197599144 722.333130581627 722.690377266618 723.049992742274 723.411921920438 723.814285804351 724.180952563843 724.550098290308 724.921612807438 725.342210870647 725.671362596603 726.049708044948 726.430367195803 726.901150568191 727.286767652993 727.626165775774 728.064998018279 728.457390946142 728.852042488359 729.248897556776 729.648011239546 730.091030181828 730.494771269616 730.900550619138 731.308588583013 731.718719896777 732.131054736741 732.545482926593 733.005634285072 733.424524615477 733.845343031306 734.268420061488 734.693425177095 735.174014241068 735.549605281665 735.980670094319 736.513703081825 736.949174946877 737.386685073662 737.771090219055 738.267379407195 738.710563613942 739.155675906114 739.602551019245
719.134987744744 719.471025490071 719.766959058579 720.150042088253 720.493076029261 720.838423672779 721.186085018806 721.572914043017 721.925478234836 722.280356129164 722.637602814155 723.042225312422 723.358816939045 723.723004731563 724.089340962125 724.542991918317 724.914506435446 725.241509723358 725.617210940265 726.042711849267 726.423371000121 726.80617858902 727.142987568517 727.619004315628 728.008863188362 728.400815410986 728.795081336119 729.191495699295 729.590058500516 729.990714651625 730.435771855641 730.891901778807 731.248487405939 731.658012749999 732.069631443947 732.535291617923 732.899203969666 733.317102713282 733.781165330764 734.256410843705 734.680754901452 735.05392206323 735.535778154768 735.966181909562 736.3987341024 736.833049116196 737.315566265594 737.754012891014 738.194387601857 738.63652513366 739.080480574578
718.711910714561 719.045359316605 719.416984010044 719.75544563419 720.09616587269 720.439199813699 720.784547457217 721.132318979553 721.482238939933 721.834472602823 722.270991142819 722.628403092275 722.943011545318 723.304665282708 723.714355891232 724.080857386259 724.449672583795 724.774251992888 725.233301588268 725.609112981484 725.987072812746 726.367456522825 726.749878494639 727.134614168961 727.521553369483 727.951461330882 728.392056394346 728.736742980004 729.13260646163 729.530728557611 729.98112931266 730.383768637348 730.737765121196 731.187064113145 731.647270559779 732.058448548488 732.420047197722 732.835136445434 733.304542613948 733.723983825903 734.145353123282 734.560552547303 735.039378790317 735.466917961053 735.896550481677 736.328055999571 736.761434514733 737.19674111532 737.680525292281 738.119908416336 738.616307780786
718.325026602195 718.656492030659 718.990160985323 719.326198730651 719.664440002177 720.041187894028 720.427300772225 720.729679654865 721.077341000891 721.427316049427 721.823730412603 722.178553218776 722.490903057466 722.932930412959 723.294749414813 723.658827031021 724.025218349738 724.393813194653 724.764666653923 725.137668551237 725.552537446329 725.930221836815 726.31021992981 726.692366460848 727.076771606241 727.463325189677 727.900780228308 728.242877670682 728.677302860789 729.122249888496 729.520096543701 729.920036548796 730.27166424198 730.726196608652 731.132416663414 731.540674979909 731.942873599357 732.406936216839 732.821694935621 733.238271563517 733.656996629457 734.077704868976 734.500286105764 734.969857538743 735.396680563464 735.879087536551 736.256000692868 736.688552885706 737.122922987658 737.613813536611 738.052149985721
717.9743904958 718.345188866914 718.635503443615 718.969558015364 719.305761025156 719.68686088125 720.064269830962 720.364775716332 720.71034371247 721.101855229854 721.452326071784 721.805000439913 722.115477281333 722.517125019232 722.914475881043 723.276405059207 723.640592851725 724.006984170442 724.375634103513 724.746432474627 725.119434371941 725.541795256109 725.911932569364 726.291820486049 726.673856840778 727.106298857306 727.492852440742 727.832911621383 728.223651904597 728.665624171935 729.102583417171 729.500044455292 729.899709019611 730.30146693382 730.705263109763 731.111042459284 731.519025335005 731.972290674112 732.384460249611 732.798668086843 733.214859097654 733.63297819389 734.053135551859 734.475276083407 734.899179435914 735.423949200175 735.798713918448 736.228566791692 736.714609583007 737.148594067874 737.584341373701
717.595659430369 717.958139490083 718.24663615767 718.578377026909 718.954298596437 719.290997399624 719.62989972901 719.928257176336 720.314370054533 720.696792026347 721.044949165768 721.395309831388 721.747929111362 722.10280700569 722.459888426216 722.819173372942 723.226054485563 723.58291555347 723.949086519567 724.317516100018 724.734588521309 725.107535330467 725.435805645943 725.812884066725 726.27986635642 726.661847622994 727.045922239457 727.383832982053 727.820461698359 728.211036717109 728.603649997592 728.998301539809 729.437078694159 729.836082200619 730.237289233278 730.640424351361 731.045597731178 731.452919549039 731.862169452324 732.273347441033 732.782417081126 733.146053992095 733.56351203047 733.982843066115 734.456876639647 734.880229110604 735.252349597438 735.679392974779 736.207798557268 736.638973546231 737.071966444309
717.211805166526 717.537100721634 717.823504039332 718.194247322292 718.561905668573 718.896290769251 719.233044660593 719.571836813669 719.912997757409 720.256472403658 720.602150576105 720.949867010287 721.337246916048 721.689811107867 722.044578825885 722.401494981946 722.805731863129 723.122103137131 723.485574783635 723.936030626839 724.304460207289 724.675038225784 725.001049926907 725.422749753215 725.799828173997 726.178999944667 726.560320153381 726.984443858508 727.37017111962 727.758212083241 728.148181132286 728.54024353122 728.934399280042 729.330758555064 729.728935739199 730.222029814351 730.57437365355 730.978996151817 731.385491647354 731.845367565057 732.256215024836 732.617262792521 733.031690982373 733.54478205778 733.96361730003 734.384270451394 734.753967059409 735.231361010394 735.65768824172 736.085888470315 736.562070481891
716.829162842093 717.152254871002 717.477605514265 717.805159683727 718.135082643852 718.467043865712 718.80131879008 719.173990158464 719.51289248785 719.854108519744 720.197528077838 720.586395363783 720.890867596312 721.240897733002 721.630701517582 722.029705024042 722.386786444569 722.701064368683 723.107449687909 723.471086598877 723.836927036044 724.204915911256 724.61427599085 724.986782094769 725.361326460422 725.738184528583 726.116970682169 726.497960361953 726.880988303471 727.266109594879 727.694585264249 728.132921713359 728.475735301748 728.869450345331 729.314672813812 729.712629645328 730.062549605708 730.507055928175 730.961643383001 731.367808349608 731.776066666103 732.134745643124 732.598202290901 733.012134687358 733.42799516924 733.890570406537 734.310452323732 734.732207238195 735.155780061773 735.581336058929 736.062145475522
716.447457016294 716.803326497411 717.126804143405 717.452430227443 717.780370013989 718.110403150425 718.484451722683 718.777245266357 719.150192075516 719.489369845677 719.873499550295 720.217359813628 720.520014137043 720.867950923844 721.261996496357 721.614560688176 722.007229056814 722.319633983658 722.723705600376 723.0851940733 723.448830984269 723.814561245126 724.182439944027 724.552467080972 724.964306127541 725.338795405038 725.762643669391 726.094164186011 726.474933513175 726.857796190228 727.291009440926 727.719595286606 728.060260436951 728.451661778025 728.894240015068 729.28993823223 729.637764842721 730.08717401098 730.488821748879 730.93547650939 731.341310947066 731.748963293857 732.158653902382 732.570217508175 732.983709199393 733.399018799725 733.816311573635 734.280374191117 734.701633312186 735.124655254214 735.602765351213
716.066852953594 716.38581337088 716.70703240252 717.065435938766 717.391227287269 717.76031792558 718.09084685541 718.381712313661 718.716207590649 719.095269185009 719.434502043325 719.812627139051 720.113298288886 720.502330839297 720.850487978718 721.200793556183 721.553247571692 721.907850025245 722.264545828687 722.661951778653 723.023164810802 723.432139273312 723.752091277388 724.119804711824 724.489446231684 724.908006033159 725.322158782237 725.651420684503 726.029766132849 726.457856185134 726.840663774032 727.225399448355 727.563805984346 728.001095758511 728.433703039504 728.826757025227 729.172325021365 729.618924693721 730.017928200181 730.418969968375 730.821884733838 731.226727584725 731.677238516084 732.086157890439 732.497005350218 732.961508672939 733.324319261583 733.740730625014 734.159014985715 734.677174171379 735.099590143702
715.687130301374 716.043881192971 716.323178138677 716.644452258472 716.967929904466 717.334596663958 717.698288663081 717.987281124063 718.361494960786 718.696375854859 719.033405186976 719.372582957137 719.713909165341 720.094458139886 720.440301576798 720.78834853991 721.138543941065 721.490887780264 721.845324969352 722.201910596484 722.560589573505 723.005371336746 723.323340167243 723.688519546551 724.102011237768 724.471707845783 724.843442715533 725.170556179755 725.593302681008 726.011807394328 726.391970751788 726.774337635446 727.158632604529 727.544910747191 727.933282239741 728.323636905871 728.715974745579 729.15254837373 729.549072913216 729.947470449972 730.398036469486 730.75021504422 731.154341749092 731.560506715699 732.063626835055 732.473923413285 732.834475387575 733.248297607722 733.716106219742 734.133839698892 734.553225822692
715.313357169891 715.662946601341 715.940480726089 716.25971658415 716.621480497849 716.945398849083 717.271410550206 717.558419837608 717.965851831779 718.298529199653 718.633465181881 718.970494513998 719.309672284159 719.650888316054 719.994362962302 720.34004113475 720.76884733305 721.075247651002 721.427426225737 721.781753238515 722.182905183019 722.541639248195 722.857294376182 723.219994788516 723.66978957386 724.037117391212 724.406538558452 724.777942899271 725.151385501825 725.527086718732 725.904605844753 726.325038643497 726.706909733761 727.090763997604 727.476601435026 727.864422046027 728.254225830606 728.64606787692 729.039727832348 729.478009193303 729.925710628758 730.275520412829 730.677168150727 731.131369988469 731.537039161681 731.944581332162 732.302599251323 732.809685717837 733.222846880125 733.638046304147 734.054953460973
714.935562603095 715.248463323334 715.524234627123 715.915856320817 716.235532884117 716.557302797307 716.881221148541 717.207287937818 717.535558253295 717.865977006815 718.198489110225 718.611540096202 718.906592254231 719.245659848082 719.586930968132 719.973374375258 720.319162724016 720.623414603925 720.97316929984 721.407098696552 721.761480797485 722.118011336462 722.431628202716 722.837132111463 723.199887611952 723.564681374174 723.971011605246 724.340102243556 724.711231143601 725.084453393534 725.459658817046 725.884002874793 726.215964096653 726.597119040902 727.021628363114 727.455282319052 727.794405001057 728.183602815933 728.574949068852 729.01725186512 729.412674641507 729.760060546758 730.25216303512 730.65337006778 731.056505185863 731.461403124905 731.868284237526 732.276873082951 732.6873900138 733.1444564356 733.558719360988
714.592969367326 714.904162354761 715.217448692085 715.532883467453 715.850466680865 716.205399663348 716.527500105468 716.851693897476 717.178091215683 717.506526795625 717.83711081361 718.211600091108 718.504724163712 718.87833203073 719.260203120994 719.601804769974 719.945609945152 720.248154092257 720.639390168866 720.989530481866 721.379664795376 721.734101984464 722.090632523441 722.449146235997 722.809698210287 723.172453710776 723.537192384843 723.90391423249 724.312503077915 724.68341162534 725.103238454379 725.478498966047 725.808477014327 726.187483520533 726.616289718832 726.999427836661 727.377883461316 727.764987926303 728.202608229398 728.593789217852 728.986843203575 729.332356111558 729.778680343139 730.220597522322 730.621418937896 731.024113350739 731.428680760851 731.835010991923 732.243104043953 732.653070093253 733.116361476565
