app/data/climate/rcp85/2100/Precipitation.asc
ncols        365
nrows        372
xllcorner    10.224615574000
yllcorner    43.742729801000
cellsize     0.000500000000
NODATA_value  -9999
[rows 308 to 329 of 372, columns 102 to 152 of 365]
-9999 -9999 -9999 -9999 -9999 -9999 694.040019452619 694.154988432045 694.26285103948 694.386579035546 694.498683430913 694.61288117617 694.714298469473 694.84711601111 694.967208188948 695.112365477298 695.236534178605 695.3627962298 695.491151630884 695.621490205547 695.753811953789 695.905194203651 696.024680411785 696.186749763712 696.327389823354 696.488026883252 696.633018907138 696.761539572687 696.910332679265 697.080224549198 697.233369620019 697.393565974677 697.550732480811 697.730044425244 697.891507807466 698.055174715887 698.200111651618 698.388678406086 698.558515187864 698.755730782663 698.929864440528 699.106091448283 699.284356717771 699.464715337149 699.64722239457 699.854904738813 700.018351294614 700.233250187159 700.424130644136 700.641398327344 700.836796013029
-9999 -9999 -9999 -9999 -9999 -9999 -9999 -9999 694.00790305827 694.117032693269 694.250786733541 694.363937803853 694.479182224053 694.596354729678 694.715565497037 694.83681452613 694.959991640647 695.085262105052 695.235762944435 695.365054844154 695.496495181916 695.646665492369 695.765380466333 695.902715236678 696.059881742812 696.201678653709 696.369422085598 696.497061340667 696.663427568682 696.813487702825 696.965696275012 697.100441902073 697.276007851967 697.434276121201 697.619427410061 697.781937467228 697.946485786128 698.113127454918 698.281807385441 698.452580665853 698.647262205523 698.800297100035 699.002966422176 699.182002925834 699.386104540004 699.56965827237 699.732058153226 699.919523144595 700.1328795688 700.324861788877 700.545269496919
-9999 -9999 -9999 -9999 -9999 -9999 -9999 -9999 -9999 -9999 693.980248804475 694.092573552462 694.206826385873 694.345703624557 694.464032981436 694.584345511895 694.722065899324 694.830920093548 694.957182144743 695.085537545827 695.255704856535 695.388357133707 695.506135609036 695.642588968901 695.798598623781 695.939293771579 696.08213735742 696.226909028686 696.397957749873 696.546971209072 696.697967841849 696.851168000826 697.006186068916 697.163407663205 697.322667519228 697.483910548831 697.672312038834 697.837741768214 698.005319935638 698.19625548077 698.368185612437 698.520339096468 698.696180487138 698.896370842305 699.102345453745 699.284742334856 699.446040452613 699.655705970436 699.844217636749 700.034877741106 700.227576107197
-9999 -9999 -9999 -9999 -9999 -9999 -9999 -9999 -9999 -9999 -9999 -9999 693.957277043851 694.072521464052 694.189859234142 694.347080828431 694.468715474609 694.576798434663 694.702123987224 694.84557354277 694.975085795109 695.106691397336 695.223533374031 695.399540029166 695.537260416595 695.677074153913 695.818871064811 695.962651149287 696.108524583652 696.256381191596 696.406276061274 696.582613245338 696.736584638484 696.892759557829 697.050862562598 697.231331358285 697.373293533647 697.537566411773 697.703877551633 697.918721356022 698.08943954828 698.240546357367 698.437155982461 698.61409913623 698.793025463578 698.974045140816 699.157213256096 699.368421242258 699.555776057317 699.745114045955 699.936545384481
-9999 -9999 -9999 -9999 -9999 -9999 -9999 -9999 -9999 -9999 -9999 -9999 -9999 -9999 693.976117192852 694.094832166816 694.215475226204 694.345813800867 694.485958067115 694.612715911705 694.741401841719 694.872070945312 695.004888486949 695.139634114009 695.276362914649 695.438928059971 695.579678295923 695.72257696992 695.867458817496 696.014378926805 696.182067270539 696.314278842471 696.467258648828 696.646790945881 696.823789187805 696.983214308293 697.12435016133 697.287521276357 697.473664152006 697.64124231943 697.810858748588 697.986369610328 698.181822384167 698.357608686682 698.535488339086 698.715461341378 698.89741751725 699.08146704301 699.267554830505 699.48201301781 699.69619576434
-9999 -9999 -9999 -9999 -9999 -9999 -9999 -9999 -9999 -9999 -9999 -9999 -9999 -9999 -9999 -9999 693.962400242264 694.084089976596 694.207817972663 694.333418965998 694.484525775086 694.614258380044 694.746029246736 694.879783287008 695.015410324548 695.153130711977 695.310572658887 695.434686272038 695.602429703927 695.748413314602 695.914834630771 696.046164792224 696.197987747326 696.371239994712 696.527470002212 696.710417764873 696.850672207431 697.033179264852 697.197617407443 697.364093811767 697.532498301516 697.703051229308 697.875532242525 698.075722597692 698.252445398841 698.431151373569 698.611950698186 698.794843372693 698.979664132623 699.19004579646 699.379218520633
-9999 -9999 -9999 -9999 -9999 -9999 -9999 -9999 -9999 -9999 -9999 -9999 -9999 -9999 -9999 -9999 -9999 -9999 693.953035255919 694.077644662465 694.204402507055 694.349339442785 694.487225094679 694.619987548161 694.754733175222 694.908759656523 695.047636895207 695.170869097878 695.31360250741 695.476553269816 695.647767255468 695.778105830131 695.928882110289 696.101032594576 696.256160838976 696.41332734511 696.572366848514 696.733554789961 696.921791015499 697.087055480414 697.254413295218 697.423754283602 697.595023357409 697.768495957415 697.943896642844 698.143701380927 698.326759319898 698.508329878685 698.715020636139 698.900943159168 699.088959032087
-9999 -9999 -9999 -9999 -9999 -9999 -9999 -9999 -9999 -9999 -9999 -9999 -9999 -9999 -9999 -9999 -9999 -9999 -9999 -9999 693.963667269828 694.091637053827 694.205173741224 694.336889519761 694.487335270989 694.646980744097 694.784921484146 694.907272276339 695.066752484982 695.210752922078 695.356571268288 695.486028432471 695.65454309853 695.830990458904 695.98496185205 696.141026595085 696.299074511699 696.459050513737 696.621064777509 696.785172391169 696.972086500988 697.144677690515 697.314900089377 697.487105661819 697.683219493518 697.859777030203 698.015841773238 698.19614530446 698.401403769885 698.612226138961 698.798864808006
-9999 -9999 -9999 -9999 -9999 -9999 -9999 -9999 -9999 -9999 -9999 -9999 -9999 -9999 -9999 -9999 -9999 -9999 -9999 -9999 -9999 -9999 693.946810294407 694.094005844491 694.226823386128 694.361679189499 694.498628342758 694.637450493287 694.802219164808 694.945117838804 695.08999968638 695.236809619379 695.385657814113 695.536489182426 695.689358812472 695.863657734803 696.025837263039 696.184766590133 696.34573417896 696.529122646861 696.694276935466 696.840480898761 697.009436270059 697.201859195376 697.400727434823 697.576073032098 697.731146188344 697.93276883554 698.114119041707 698.297397333298 698.482879151088
-9999 -9999 -9999 -9999 -9999 -9999 -9999 -9999 -9999 -9999 -9999 -9999 -9999 -9999 -9999 -9999 -9999 -9999 -9999 -9999 -9999 -9999 -9999 -9999 693.990219760524 694.124139065261 694.260041543576 694.397872107315 694.537796020943 694.703776631873 694.847721980814 694.993595415179 695.141396934968 695.291346892801 695.443169847904 695.616367007135 695.752820366999 695.935602865196 696.095413602769 696.277755395725 696.441918097541 696.587130474046 696.776248110064 696.946360332617 697.118510816903 697.318425731296 697.49465273905 697.672918008539 697.853166451606 698.035508244562 698.219723034788
-9999 -9999 -9999 -9999 -9999 -9999 -9999 -9999 -9999 -9999 -9999 -9999 -9999 -9999 -9999 -9999 -9999 -9999 -9999 -9999 -9999 -9999 -9999 -9999 -9999 693.862911034385 694.014954342107 694.13477107917 694.273593229699 694.414398553807 694.575145790014 694.701848546449 694.873007443946 695.02185563868 695.191582244148 695.344562050504 695.480078911735 695.636749624474 695.815455599202 695.976368099875 696.164494149103 696.329538261398 696.496510459118 696.665465830416 696.836514551603 697.009436270059 697.184396250249 697.361339404019 697.566322428668 697.74750737037 697.953537069965
-9999 -9999 -9999 -9999 -9999 -9999 -9999 -9999 -9999 -9999 -9999 -9999 -9999 -9999 -9999 -9999 -9999 -9999 -9999 -9999 -9999 -9999 -9999 -9999 -9999 -9999 -9999 693.871670051025 694.009500614765 694.166942561674 694.308904737036 694.434726082991 694.580489341046 694.746635216441 694.896474997964 695.072977446494 695.207502720934 695.382738141899 695.540510617739 695.700266267157 695.862225442773 696.025947439349 696.191652609504 696.384901857145 696.554628462613 696.748153151028 696.900361723215 697.076092937575 697.253807325514 697.456146118725 697.638157382752
-9999 -9999 -9999 -9999 -9999 -9999 -9999 -9999 -9999 -9999 -9999 -9999 -9999 -9999 -9999 -9999 -9999 -9999 -9999 -9999 -9999 -9999 -9999 -9999 -9999 -9999 -9999 -9999 693.721665005037 693.901913448105 694.042828948522 694.167713795843 694.33066455825 694.477419403094 694.626157421518 694.776878613521 694.929582979102 695.109115276155 695.265896165204 695.424550051523 695.585187111421 695.747862433052 695.912465840108 696.079107508897 696.26883111462 696.465275475249 696.616492460646 696.791011735596 696.989769798734 697.168585949773 697.34938527439
-9999 -9999 -9999 -9999 -9999 -9999 -9999 -9999 -9999 -9999 -9999 -9999 -9999 -9999 -9999 -9999 -9999 -9999 -9999 -9999 -9999 -9999 -9999 -9999 -9999 -9999 -9999 -9999 -9999 693.613086251588 693.752899988906 693.876848337593 694.062660684312 694.208423942368 694.356115285847 694.50573471475 694.657392405387 694.810923093293 694.966436954778 695.123933989842 695.328586485562 695.47005286753 695.633499423331 695.798929152711 695.987385730869 696.157002160027 696.30706229417 696.502129450925 696.703641921811 696.881301221595 697.060833518648
-9999 -9999 -9999 -9999 -9999 -9999 -9999 -9999 -9999 -9999 -9999 -9999 -9999 -9999 -9999 -9999 -9999 -9999 -9999 -9999 -9999 -9999 -9999 -9999 -9999 -9999 -9999 -9999 -9999 -9999 -9999 693.652198841618 693.794987339305 693.939538657951 694.110807731758 694.278220634717 694.410046589564 694.562585690681 694.717107965376 694.893279884976 695.051988859449 695.192408566472 695.380038822306 695.565190111166 695.7317766918 695.900401534169 696.049470081522 696.243380387023 696.417844573818 696.594291934192 696.798779165447
-9999 -9999 -9999 -9999 -9999 -9999 -9999 -9999 -9999 -9999 -9999 -9999 -9999 -9999 -9999 -9999 -9999 -9999 -9999 -9999 -9999 -9999 -9999 -9999 -9999 -9999 -9999 -9999 -9999 -9999 -9999 -9999 693.527479258762 693.671038990618 693.816526807899 693.982727771448 694.113507051351 694.289678970951 694.462435424942 694.618004374582 694.775611585956 694.91503970619 695.096555176821 695.260001732623 695.450882189599 695.618350180714 695.787636080942 695.958960242904 696.132267578445 696.307447911255 696.506922120407
-9999 -9999 -9999 -9999 -9999 -9999 -9999 -9999 -9999 -9999 -9999 -9999 -9999 -9999 -9999 -9999 -9999 -9999 -9999 -9999 -9999 -9999 -9999 -9999 -9999 -9999 -9999 -9999 -9999 -9999 -9999 -9999 -9999 693.402649499596 693.565379909383 693.712024577917 693.841977535496 693.992202934103 694.16369236053 694.343004304963 694.499399576928 694.657833110627 694.818194729749 694.980484434296 695.144647136112 695.310848099661 695.478866972325 695.67481553956 695.846966023846 696.020989505402 696.21908651068
-9999 -9999 -9999 -9999 -9999 -9999 -9999 -9999 -9999 -9999 -9999 -9999 -9999 -9999 -9999 -9999 -9999 -9999 -9999 -9999 -9999 -9999 -9999 -9999 -9999 -9999 -9999 -9999 -9999 -9999 -9999 -9999 -9999 -9999 -9999 693.441596825161 693.570613284105 693.738577068614 693.889904230321 694.043269653762 694.198508074473 694.355619492452 694.540054635297 694.701132400435 694.864248427306 695.050060774025 695.196209649165 695.365054844154 695.535938300876 695.730454576081 695.931416165418
-9999 -9999 -9999 -9999 -9999 -9999 -9999 -9999 -9999 -9999 -9999 -9999 -9999 -9999 -9999 -9999 -9999 -9999 -9999 -9999 -9999 -9999 -9999 -9999 -9999 -9999 -9999 -9999 -9999 -9999 -9999 -9999 -9999 -9999 -9999 -9999 693.293244423822 693.466276318589 693.616556805351 693.768820465693 693.942293065699 694.079021866339 694.236849430333 694.396825432371 694.579057049017 694.76867047843 694.913772678625 695.081516110514 695.272451655646 695.444326699158 695.618129828094
-9999 -9999 -9999 -9999 -9999 -9999 -9999 -9999 -9999 -9999 -9999 -9999 -9999 -9999 -9999 -9999 -9999 -9999 -9999 -9999 -9999 -9999 -9999 -9999 -9999 -9999 -9999 -9999 -9999 -9999 -9999 -9999 -9999 -9999 -9999 -9999 -9999 693.194140833028 693.368164314584 693.519436388136 693.691807225043 693.827544438893 693.984490592407 694.143475007656 694.324439596738 694.487445447299 694.657172052767 694.844912484911 695.013812768054 695.184586048466 695.357232326148
-9999 -9999 -9999 -9999 -9999 -9999 -9999 -9999 -9999 -9999 -9999 -9999 -9999 -9999 -9999 -9999 -9999 -9999 -9999 -9999 -9999 -9999 -9999 -9999 -9999 -9999 -9999 -9999 -9999 -9999 -9999 -9999 -9999 -9999 -9999 -9999 -9999 -9999 693.070412836962 693.23936820826 693.391521692292 693.55138751802 693.70717682028 693.884781031909 694.044701945792 694.206550945098 694.370272941674 694.535867935519 694.703501191098 694.899009053093 695.07049847952
-9999 -9999 -9999 -9999 -9999 -9999 -9999 -9999 -9999 -9999 -9999 -9999 -9999 -9999 -9999 -9999 -9999 -9999 -9999 -9999 -9999 -9999 -9999 -9999 -9999 -9999 -9999 -9999 -9999 -9999 -9999 -9999 -9999 -9999 -9999 -9999 -9999 -9999 -9999 692.965414813586 693.116521622673 693.250165486635 693.424354232655 693.581135121705 693.765184647465 693.925821707363 694.088497028994 694.253045347895 694.419356487754 694.587760977503 694.779412668649
