app/data/climate/rcp85/2100/Precipitation.asc
ncols        365
nrows        372
xllcorner    10.224615574000
yllcorner    43.742729801000
cellsize     0.000500000000
NODATA_value  -9999
[rows 154 to 175 of 372, columns 153 to 203 of 365]
769.834379586172 770.712429688266 771.498978364952 772.384961161362 773.183353791367 773.987200148714 774.796224792629 775.610537899421 776.42980894016 777.253927738537 778.082839206396 779.013278143869 779.851774950693 780.694568633605 781.647814067236 782.392936451383 783.248235145474 784.107445098568 785.078814535184 785.937418518573 786.808362248676 787.682886708852 788.67089276827 789.552799041212 790.327118147495 791.215249381949 792.218184331364 793.215390112661 794.11354739132 794.901858888966 795.918786229743 796.825592348733 797.735263051781 798.647688162577 799.562592240347 800.585303837397 801.505826906975 802.428773855371 803.354199770741 804.282049564929 805.212102885317 806.144469908213 807.196047698468 808.240574204887 809.06243438891 810.003725692911 811.065054086596 812.010587178531 812.957993267734 813.788447203933 814.968049866342
768.92134850567 769.696769375052 770.478084677016 771.265294411562 772.058233314225 772.85651576792 773.754838311044 774.564468924663 775.379222736695 776.301728979851 777.02338380998 777.852570718615 778.686495208577 779.629934950622 780.570840637539 781.312382291613 782.163769726701 783.126435234832 783.98625115763 784.741675026757 785.608597321547 786.588174893254 787.563125059944 788.441505690968 789.212739860572 790.208072644601 791.09625896721 791.987585314652 792.881996598773 793.779437731417 794.782703209762 795.686259127608 796.592514365047 797.501579098391 798.413398239482 799.327696347548 800.244583598897 801.164004905375 802.306753592108 803.115833324178 804.042691531577 804.971863441485 806.019750325357 806.953604728437 807.772435063937 808.81778789268 809.875370291827 810.817653182618 811.761919246989 812.589563687284 813.655905103071
767.824818780958 768.685681378701 769.461653129633 770.243629489457 771.130218255571 771.82482480161 772.623878489474 773.428220640216 774.339433811603 775.250206277751 775.968115113342 776.793060234044 777.726804460814 778.561445096791 779.40065804963 780.138453709166 781.091699142797 782.041859639749 782.897819391699 783.650048147838 784.621362496299 785.488670408174 786.359614138277 787.234028422143 788.111747995307 789.094024886608 789.978740655453 790.866596449132 791.757592267645 792.651562846526 793.54856327393 794.448428285393 795.454337995177 796.473468862154 797.26844602655 798.179493933473 799.093186071833 800.123995627664 801.042921140747 801.848915936138 802.877907582855 803.91962459337 804.848135445419 805.778739647356 806.594650310642 807.646228100897 808.583002176191 809.521759425064 810.570527719415 811.513471668066 812.458178437676
766.915203166066 767.679275875523 768.541570765295 769.416150313626 770.199944582564 770.890584781444 771.685121240601 772.585702398079 773.391752281625 774.203090628048 775.012390712738 775.936439424234 776.762816836964 777.593821654713 778.429343701168 779.269162623712 780.113223334189 780.961360568133 781.912071946635 782.768527491981 783.628839208174 784.49284183075 785.360480271555 786.231644354277 787.106334078918 787.984218916547 788.966605984158 789.851266664849 790.850400531571 791.630173365195 792.524033767766 793.420813842551 794.433223954621 795.336008638298 796.231576773673 797.139649920226 798.164454867165 799.077926652906 799.993877405621 800.797338145883 801.832940371197 802.755887319593 803.787082492508 804.714711934077 805.644544901845 806.576416131346 807.510325622582 808.446163199241 809.384039037635 810.431650480732 811.373492666283
765.919044059712 766.677387601053 767.538360375106 768.310310690724 769.08832070339 769.866991773915 770.755728978074 771.55180790557 772.353175295943 773.159996413659 773.971940729787 774.788842979863 775.610648075731 776.533319583352 777.36476510634 778.200617681726 779.040822221355 779.885158372606 780.733681223635 781.586060245513 782.442405614548 783.401490392606 784.265603191492 785.241875473901 786.004295538709 786.87876491073 787.756594660204 788.748071273385 789.632566689611 790.51067187986 791.401337169443 792.406695997677 793.303476072461 794.203010554994 794.992313639429 796.010012214377 796.917534479381 797.9315972361 798.844242699516 799.759477306216 800.677025615425 801.596832538988 802.518787900595 803.443001876555 804.475464077035 805.404195281703 806.33479948364 807.267552123621 808.319185002031 809.138731483545 810.077103115334
764.927622534686 765.680181819755 766.534599103366 767.301095691642 768.073927417741 768.755202630276 769.637825049233 770.428560425697 771.318729921884 772.120923634583 772.928460898313 773.741121360456 774.558574492081 775.380985557654 776.311755024056 777.039579727542 777.972442543833 778.813032700547 779.763578814583 780.506387496222 781.359152135184 782.215607680529 783.183616739692 784.047784626734 784.906498786433 785.777662869155 786.76153731695 787.639642507199 788.520887722282 789.29460085886 790.292632962482 791.18291263498 792.178190330854 793.074419524089 793.973458213227 794.875141133804 795.779413197665 796.686219316654 797.595449314462 798.611329980296 799.525628088361 800.442350075246 801.361165412019 802.397483783347 803.205461752317 804.130667315067 805.057966227706 806.210079900784 807.141785865821 807.958633027741 808.893754458386
763.851365251004 764.691018909083 765.444790133561 766.296342833113 767.063775920024 767.837544144757 768.617482242846 769.403314773518 770.194986648616 770.992222427367 771.794746668995 772.697311000052 773.510742696364 774.328967062159 775.255219299853 775.979573449576 776.811680030424 777.752971334426 778.691342966214 779.431011623019 780.280030267443 781.239721015206 782.096892706565 782.957700216153 783.713730054985 784.689892161084 785.660875980615 786.535510617101 787.413560719196 788.294530493503 789.178695380799 790.065835028464 790.955729083877 791.848487723348 792.846244386196 793.74478728194 794.645809144657 795.549420150658 796.568991722875 797.364023975426 798.274906617884 799.188158051005 800.322863867112 801.241018146026 802.046186619092 802.968362333319 804.008206346565 804.934568760569 805.862859259998 806.67673166155 807.831985359461
763.05087927111 763.792255660719 764.540573157855 765.295831762517 766.149147283029 766.918012661969 767.693433531351 768.474748833315 769.262068744171 770.154607031022 770.853675717613 771.657687339425 772.561518698046 773.478130508621 774.298007519065 775.019331820264 775.847912759194 776.785292804193 777.623073465002 778.359547008819 779.302546045625 780.258766239624 781.112632641686 781.97030012644 782.723740821988 783.696322198014 784.564401344058 785.435840867556 786.41062576978 787.28873096003 788.169921086957 789.053975797943 789.941115445608 790.942287574064 791.723547787872 792.618840482473 793.619241376759 794.632808340084 795.53636425793 796.328972631663 797.237045778216 798.261354931761 799.174220747797 800.193847408168 800.996536914261 802.030927200165 802.952441856532 803.876049862788 804.801530866313 805.728939955261 806.658001688859
762.072899255897 762.807940507684 763.550198307773 764.299672656163 765.151060091251 765.819224322903 766.588971112323 767.457215522832 768.33796494452 769.127047676335 769.822205103923 770.621809673337 771.527679293692 772.338301494101 773.153826540302 773.96687261953 774.894997854493 775.724790732832 776.558880487259 777.292214006242 778.239509919136 779.085884332121 779.9360598278 780.888203498331 781.746091335706 782.607504814998 783.472333759899 784.340412905943 785.211852429441 786.086431977772 786.964096462781 787.945326679137 788.829105949349 789.826917700351 790.605368418257 791.497576176179 792.392373077384 793.402083869861 794.404908642966 795.194817697105 796.213122241757 797.120644506761 798.030425386119 798.942464879831 799.856597723431 800.772768828766 801.795921131056 802.716334024323 803.638785179324 804.563109331595 805.489141216669
761.011185245127 761.739285389388 762.5643406864 763.401295024885 764.152917811319 764.816289373488 765.580692611876 766.448496317145 767.226506329811 768.010576039523 768.794645749236 769.689607914906 770.490920217125 771.297465894065 772.109024593109 772.925486137945 773.746630175953 774.572291442669 775.498598768518 776.33340466896 777.172232004714 778.015080775781 778.861950982161 779.712401918615 780.566709025916 781.424376510671 782.384397787363 783.249281820419 784.226215160687 784.98891066627 785.863380038291 786.740934346991 787.731639726002 788.716065055347 789.491816453658 790.380884186747 791.384314929557 792.278891478142 793.175946993702 793.962936375628 794.977384749432 795.98467166309 796.891477782079 797.800322162802 798.711425157879 799.624511326536 800.539745933236 801.45690862536 802.490913294179 803.402126465566 804.325183590272
760.043121097809 760.764500487164 761.585479260707 762.323330008398 763.158962231164 763.817375859386 764.671903319307 765.438565172049 766.211782515232 766.991114643617 767.776451380893 768.567627462597 769.458017311405 770.260486464878 771.068133904918 771.880684190751 772.698027146066 773.519997506399 774.34659527175 775.177379736878 776.10892043745 776.948298654754 777.791753395526 778.745164093621 779.489955948839 780.34437323245 781.202481422445 782.171812597327 783.135910397487 783.895796407167 784.767125754354 785.751000202149 786.628774863468 787.509414108846 788.282190746789 789.278900734693 790.268724703225 791.160381579597 792.054462334788 792.950856792487 793.849840393471 794.750972432498 795.654418174034 796.560067441769 797.571210526275 798.481321934563 799.393361428274 800.307604448185 801.338138563241 802.141434039038 803.061020609981
759.079904708129 759.884412123336 760.608215391509 761.339841177688 762.079179305564 762.82617468698 763.580276440388 764.432545285955 765.200694518881 765.975399242248 766.756273838972 767.543042868278 768.335485977546 769.133437902312 770.037544701707 770.83968332625 771.653225198873 772.471614829133 773.397701802362 774.121945775775 774.953446386918 775.789243874149 776.734226084534 777.675407212226 778.417334483385 779.268611742163 780.230561104279 781.089385440288 781.951404889285 782.708316138596 783.685029126245 784.655737505002 785.530427229642 786.407981538342 787.288345342945 788.171408467141 789.057225999087 789.945412321695 790.836242875743 791.831079866377 792.726923442527 793.625080721186 794.525551702354 795.541156927412 796.332938978821 797.23974509781 798.252100121725 799.277235597594 800.19043194256 800.991028098764 801.907639909338
758.121701340551 759.005976404157 759.723609798973 760.449506417035 761.183390817569 761.924932471643 762.674076291103 763.430326482555 764.193627957843 765.152051678041 765.831949686702 766.61475236885 767.40344948358 768.297420062461 769.097795866045 769.802373368133 770.612334510682 771.623973388583 772.444236016112 773.165780669931 773.994196344396 774.931245860465 775.768585816035 776.609781942453 777.348899717708 778.400642772428 779.253076882461 780.108981546256 780.968246587505 781.830761829897 782.696362008968 783.565102212871 784.535975856093 785.410830845199 786.288385153898 787.168748958501 788.051867170853 788.937464350178 789.936653305055 790.716040521595 791.710381718834 792.605894766054 793.615991175616 794.516186716009 795.305544888598 796.209651687994 797.229223260211 798.137571847539 799.151469339793 799.949641617179 800.977917117881
757.255825720705 757.957208109805 758.667239339235 759.474335897726 760.201940248593 760.93764255824 761.681057209583 762.432129114467 763.285499723134 764.051390341706 764.726936386124 765.597329234677 766.480172006254 767.271127735338 768.067537191764 768.768809404554 769.676166405093 770.487945456756 771.304407001592 772.117728521594 773.046239373642 773.876252604601 774.710342359028 775.548233196148 776.390090380426 777.235583382932 778.084712203666 779.034762524308 779.891052805188 780.750483110902 781.613108529604 782.478873973139 783.347614177043 784.32840368816 785.093578160717 786.07045641283 786.950544776658 787.943729122643 788.829105949349 789.605904022605 790.495908254328 791.499889878687 792.394686779893 793.393379941375 794.180259146991 795.1942117274 796.097657468937 797.002921119587 797.910167943816 798.819342853469 799.833901403583
756.307317868402 757.000932827651 757.70385768509 758.415596647325 759.226824817438 759.865131269096 760.692059563376 761.437457388298 762.285153917003 763.046196777937 763.717831563352 764.49132434731 765.369043920474 766.155647685316 767.040969423866 767.738936347358 768.642216824429 769.450470234174 770.263461225246 771.081189797647 771.903325422444 772.729702835175 773.656010161024 774.490926237776 775.32964339722 776.172216727512 777.018260611568 777.867830137542 778.827741237924 779.577105410004 780.534482455258 781.39732822658 782.371562247254 783.240632980088 784.003273397517 784.877632593228 785.864316536926 786.744129459979 787.726461439435 788.500670369407 789.49881264934 790.388486352133 791.28041866928 792.174499424471 793.070618441396 794.070798983062 794.97115978792 795.873669030822 796.777941094682 797.684086155812 798.591994037901
755.27882201508 756.050001096529 756.745213612272 757.538593220175 758.253527295398 758.886269843403 759.617565100653 760.44989203412 761.198099354946 762.044749208706 762.712087118034 763.577797473414 764.354320105895 765.136792259114 765.925103756759 766.719089334366 767.518528639316 768.41663082982 769.226316531594 770.040794902851 770.859680326505 771.683027890712 772.510562154698 773.446344643202 774.177639900452 775.112926595561 775.956105895558 776.908855535794 777.759471736712 778.506301853664 779.362922663474 780.330325752932 781.193446965029 782.157544765189 782.917761303799 783.898440638605 784.772799834316 785.649748173311 786.529230567435 787.411136840377 788.395451993411 789.282206023991 790.171218668925 791.062434840057 791.955689272923 792.851037055679 793.748368012013 794.647627053771 795.763713073498 796.554062832877 797.459106130907
754.342213204251 755.018805923614 755.791858002332 756.489549485049 757.2845817376 757.911595117489 758.727891397859 759.462602120717 760.205465890511 760.95615217831 761.714220278876 762.479284575123 763.34295666877 764.121407386675 764.906138154247 765.696432825471 766.492181224038 767.293218085481 768.099323057183 768.910275786521 769.820056665879 770.640319293408 771.464768620714 772.397245819921 773.125951933887 773.962355390822 774.802394665986 775.847912759194 776.695609287899 777.440015526032 778.400808036893 779.258089904563 780.118401620756 780.981577921008 781.847508629008 782.814636277692 783.686241065654 784.560379908746 785.43699771881 786.316094495849 787.197560063551 788.081284245608 788.967211953863 790.066826615253 790.846103655483 791.738531766025 792.632887961991 793.641496991368 794.539929710801 795.327580150587 796.229373247474
753.496279496506 754.249004046039 754.929287671785 755.619707518045 756.320318672976 757.118601126671 757.838933841081 758.568301012906 759.306261936907 760.052210643379 760.806036956012 761.567079816947 762.335063785407 763.201435198647 764.080752328306 764.769629706227 765.562403344425 766.36035526919 767.264241715966 767.971518537648 768.784234087946 769.695832876418 770.620597733928 771.447085322969 772.173587910736 773.007347136233 773.949905467799 774.791432123146 775.636374244103 776.474760874617 777.432743889575 778.287546790271 779.145324451336 780.006021784614 780.869528613796 781.735789850726 782.604585142785 783.574467199217 784.558011118082 785.325168764218 786.204045188637 787.085180227409 788.079190895719 788.964953339509 789.74169632461 790.731850822072 791.735226476726 792.629197055608 793.525095719912 794.310377369034 795.32207133509
752.653926518833 753.314323320634 753.985627577119 754.667784200134 755.360517748903 756.063718047117 756.776724036916 757.49931536568 758.320459403689 759.154549158115 759.810263466744 760.56678909897 761.330586367653 762.198004455838 762.975794115883 763.661421292661 764.542941948519 765.437353232639 766.238059565153 766.942692155396 767.752432945326 768.66893457959 769.488150532174 770.311553184537 771.130108079261 772.065339686216 772.900586291897 773.739413627652 774.581766605324 775.427424872295 776.276168075944 777.128106392582 778.079699181563 778.937642107093 779.798504704836 780.662121710327 781.528217682792 782.396902798541 783.377196516263 784.240152463895 785.116274480565 785.994655111589 786.985525755065 787.868533791107 788.642852897389 789.529717104279 790.529677293325 791.521043730196 792.413912545978 793.308764535339 794.205269169348
751.652754390377 752.302188649339 752.963136332689 753.72125952141 754.492052985774 755.101217803452 755.807172509414 756.523483788511 757.340661479362 758.076694317939 758.727781221549 759.569913846602 760.424992188073 761.192535451294 761.966634204956 762.649176445056 763.533396420507 764.325398824535 765.122744779596 765.917611767683 766.825684914236 767.637849582984 768.454476392285 769.275179725054 770.100014669445 770.92865069653 771.761087806307 772.692187801639 773.531951636028 774.374910583405 775.221064643771 776.07046890528 776.922792839002 777.885072730048 778.732603994288 779.593576768341 780.457138685677 781.431537970817 782.300443439186 783.062532975065 783.935680231366 784.920821706725 785.897314341754 786.777623058202 787.549463197511 788.544190011835 789.430393160865 790.318469307164 791.208363362577 792.100020238949 793.094085995414
750.743359128104 751.381941020536 752.032642307062 752.779196983239 753.455404085517 754.143510229268 754.842083122465 755.640861369555 756.361800053669 757.092379164904 757.739059016117 758.580034789915 759.335954452437 760.190206471584 760.960724495173 761.737853097359 762.520986308437 763.309958863942 764.104385146789 764.903934628048 765.70860730772 766.610896198002 767.424933864019 768.243103141659 769.065293854612 769.891506002877 770.721519233836 771.555058106713 772.49684520411 773.327299140308 774.171139498165 775.01784444008 775.974064634079 776.827104713816 777.575752739882 778.433916018031 779.402365782434 780.362827764366 781.228978824986 781.988864834666 782.968442406373 783.841479486365 784.7166650044 785.59399896048 786.473261001983 787.453334367085 788.336893284676 789.222104846917 790.109134318271 790.99798169874 791.888536812013
749.842943235091 750.469901526825 751.109419917891 751.844185728904 752.510917668527 753.104437450192 753.881290611603 754.584105292732 755.386574446205 756.111424389323 756.845969847716 757.589329410904 758.341117461803 759.100672942553 759.867389883449 760.640772491097 761.512101838285 762.298264897886 763.089826596675 763.886786934651 764.688705206574 765.49541614798 766.306644318093 767.224468068077 768.035200444795 768.859098890552 769.686578066383 770.621864761492 771.456946102709 772.190279621692 773.0313655718 773.981305716132 774.923974224008 775.774535336772 776.521034924793 777.483700432924 778.342249328158 779.203277190366 780.066673843238 780.932439286773 781.897418497413 782.767866434121 783.640352632563 784.514987269049 785.391549990959 786.270206062758 787.150514779206 788.131744995562 789.126637074351 789.902002855578 790.789748472947
