app/data/climate/rcp85/2100/Precipitation.asc
ncols        365
nrows        372
xllcorner    10.224615574000
yllcorner    43.742729801000
cellsize     0.000500000000
NODATA_value  -9999
[rows 22 to 43 of 372, columns 51 to 101 of 365]
-9999 -9999 -9999 -9999 -9999 -9999 -9999 -9999 -9999 -9999 -9999 -9999 -9999 -9999 -9999 -9999 -9999 -9999 -9999 -9999 -9999 -9999 -9999 -9999 -9999 -9999 -9999 -9999 -9999 -9999 -9999 -9999 857.821070530684 858.588613793905 859.266804069762 860.14766366776 860.939170278393 861.738444318878 862.545595965523 863.451961379273 864.27486823824 865.105267086284 865.943433364179 866.789036542994 867.642241887196 868.502829044165 869.370742925744 870.339523219076 871.222310902498 872.112425310531 873.00970117871
-9999 -9999 -9999 -9999 -9999 -9999 -9999 -9999 -9999 -9999 -9999 -9999 -9999 -9999 -9999 -9999 -9999 -9999 -9999 -9999 -9999 -9999 -9999 -9999 -9999 -9999 -9999 -9999 -9999 -9999 -9999 855.982448270348 856.739414607815 857.504533992217 858.368371350328 859.149466299672 859.938493943332 860.735233928688 861.53968625574 862.351906012643 863.171838111242 863.999317287072 864.926836552331 865.875454580943 866.619695554611 867.477307951211 868.342136896112 869.214292565624 870.093664783438 870.980198461397 871.968755402365
-9999 -9999 -9999 -9999 -9999 -9999 -9999 -9999 -9999 -9999 -9999 -9999 -9999 -9999 -9999 -9999 -9999 -9999 -9999 -9999 -9999 -9999 -9999 -9999 -9999 -9999 -9999 -9999 -9999 -9999 -9999 854.986619692924 855.741657944967 856.50446362686 857.275257091224 858.05381798544 858.840311573971 859.726349458536 860.629189230367 861.338063608543 862.155241299394 862.98002115563 863.812293000943 864.757330299483 865.498927041712 866.44715945324 867.309068725927 868.28737927007 869.054536916206 869.937875481178 870.82843059445
-9999 -9999 -9999 -9999 -9999 -9999 -9999 -9999 -9999 -9999 -9999 -9999 -9999 -9999 -9999 -9999 -9999 -9999 -9999 -9999 -9999 -9999 -9999 -9999 -9999 -9999 -9999 -9999 -9999 -9999 853.33061466632 854.075847226777 854.829067569705 855.59011043064 856.35897580958 857.135553530216 857.919898680703 858.711956172887 859.704699813632 860.411701194539 861.226510094726 862.048921160298 862.983106092309 863.821217282048 864.560610498079 865.412328462096 866.473877208401 867.341240208431 868.106029063903 868.986668309281 869.985912352313
-9999 -9999 -9999 -9999 -9999 -9999 -9999 -9999 -9999 -9999 -9999 -9999 -9999 -9999 -9999 -9999 -9999 -9999 -9999 -9999 -9999 -9999 -9999 -9999 -9999 -9999 -9999 -9999 -9999 851.497446133326 852.232817914043 852.976067300922 853.727304470271 854.67388423715 855.345298669945 856.119893217003 856.902089929446 857.791102574379 858.589385028075 859.294017618318 860.106457727841 861.122889275224 861.951084597069 862.786716819835 863.523741245201 864.479465645805 865.336637337165 866.201025576826 866.96306002455 868.046368592069 868.932075947704
-9999 -9999 -9999 -9999 -9999 -9999 -9999 -9999 -9999 -9999 -9999 -9999 -9999 -9999 -9999 -9999 -9999 -9999 -9999 -9999 -9999 -9999 -9999 -9999 -9999 -9999 -9999 -9999 849.850255211517 850.485917431735 851.219801832269 851.961453662653 852.80507366789 853.563141768455 854.232738292137 855.005129312995 855.976553837766 856.765250952496 857.561274791837 858.263924208502 859.175798437749 859.994077891698 860.819628982105 861.652451708967 862.587518051457 863.434828963077 864.289356422998 865.150990254911 866.01956519435 866.895191417625 867.777703660272
-9999 -9999 -9999 -9999 -9999 -9999 -9999 -9999 -9999 -9999 -9999 -9999 -9999 -9999 -9999 -9999 -9999 -9999 -9999 -9999 -9999 -9999 -9999 -9999 -9999 -9999 -9999 -9999 848.740834858541 849.375119874886 850.200450612672 851.033493692154 851.78225189453 852.538722438601 853.206721405788 854.074084405818 854.853086005273 855.639579593804 856.433454995102 857.329133306787 858.137882509926 858.953848261368 859.777195825575 860.607649761773 861.445099893653 862.28982166199 863.141594714162 864.096382616132 864.962313324132 865.835185139659 866.714998062712
-9999 -9999 -9999 -9999 -9999 -9999 -9999 -9999 -9999 -9999 -9999 -9999 -9999 -9999 -9999 -9999 -9999 -9999 -9999 -9999 -9999 -9999 -9999 -9999 -9999 -9999 -9999 847.000600042985 847.716966410237 848.350204751637 849.17294634614 849.91244973848 850.659500208051 851.508078147236 852.270388035734 853.040189913309 853.81726342734 854.601994194912 855.39377624632 856.19299519865 856.999540875591 857.908495432624 858.729474206168 859.661731052754 860.393026310004 861.235269111366 862.08461828472 863.048330467795 863.804084865852 864.770992161916 865.648105765375
-9999 -9999 -9999 -9999 -9999 -9999 -9999 -9999 -9999 -9999 -9999 -9999 -9999 -9999 -9999 -9999 -9999 -9999 -9999 -9999 -9999 -9999 -9999 -9999 -9999 -9999 845.263780693037 846.06514808341 846.780522863873 847.503554897877 848.234189097267 848.972480550197 849.718263992205 850.471594511443 851.232251755292 852.095207702924 852.870738748616 853.653761783384 854.543325309867 855.241457497824 856.04618526565 856.857909229159 857.676904829123 858.702756451006 859.432233799142 860.27243833877 861.119583985925 862.080872290182 862.83464351466 863.702337043619 864.576861503795
-9999 -9999 -9999 -9999 -9999 -9999 -9999 -9999 -9999 -9999 -9999 -9999 -9999 -9999 -9999 -9999 -9999 -9999 -9999 -9999 -9999 -9999 -9999 -9999 -9999 -9999 844.228784437428 844.93551037756 845.649783394924 846.466189851604 847.195722287895 847.932636536951 848.677152951394 849.52352736438 850.188276130423 850.9547727187 851.728761296052 852.509801157241 853.493014547176 854.189604266794 854.992348861042 855.802310003591 856.721841486378 857.54656625446 858.273950252707 859.111841089826 860.159783061853 861.012327348196 861.764005222785 862.629274872925 863.610835618211
-9999 -9999 -9999 -9999 -9999 -9999 -9999 -9999 -9999 -9999 -9999 -9999 -9999 -9999 -9999 -9999 -9999 -9999 -9999 -9999 -9999 -9999 -9999 -9999 -9999 842.489100503421 843.187342867688 843.893022132876 844.696152344208 845.327297335719 846.0556178326 846.791375230402 847.723411724369 848.474924334493 849.138406072972 849.903580545529 850.675916478233 851.553360610622 852.341066138563 853.035948125376 853.933334169865 854.842839608448 855.658805359889 856.481546954392 857.207113043524 858.147853465976 858.991253118593 859.841428614272 860.688849702202 861.660219138818 862.530722163681
-9999 -9999 -9999 -9999 -9999 -9999 -9999 -9999 -9999 -9999 -9999 -9999 -9999 -9999 -9999 -9999 -9999 -9999 -9999 -9999 -9999 -9999 -9999 -9999 840.656207411203 841.346076375913 842.043492417855 842.932835591719 843.646392463067 844.276656044099 845.004040042345 845.738805853358 846.573997370884 847.324132777134 847.986512752514 848.846604116087 849.714297645047 850.493299244502 851.279352127793 851.972911998887 852.872501569575 853.679487951756 854.493305265153 855.411569720376 856.239379425136 857.074020061113 857.915271275686 858.763353421475 859.618046145861 860.479459625154 861.347483683043
-9999 -9999 -9999 -9999 -9999 -9999 -9999 -9999 -9999 -9999 -9999 -9999 -9999 -9999 -9999 -9999 -9999 -9999 -9999 -9999 -9999 -9999 -9999 -9999 839.601875213199 840.291358560825 840.988333897527 841.78116262388 842.493782996594 843.123440607921 843.946292378733 844.772339262534 845.514156357383 846.263245088689 846.924468212814 847.782741667273 848.553149514553 849.330608645669 850.212239477836 851.003801176625 851.80219380663 852.607582632316 853.419692212909 854.238797989183 855.064514344054 855.896951453832 856.834662027761 857.680705911816 858.533360374468 859.392625415717 860.258445947408
-9999 -9999 -9999 -9999 -9999 -9999 -9999 -9999 -9999 -9999 -9999 -9999 -9999 -9999 -9999 -9999 -9999 -9999 -9999 -9999 -9999 -9999 -9999 838.04089725392 838.637777413039 839.326820055425 840.110834676983 840.815687619846 841.527812199165 842.156808752632 842.973711002708 843.804495467836 844.545486240361 845.293748649341 846.048897077694 846.811206966192 847.580457962217 848.356705153924 849.139948541311 849.929912683606 850.824819761121 851.628721206624 852.439453583342 853.359480859525 854.081080601499 854.911920154783 855.749425374818 856.798469109944 857.543316053317 858.400763185452 859.264600543563
-9999 -9999 -9999 -9999 -9999 -9999 -9999 -9999 -9999 -9999 -9999 -9999 -9999 -9999 -9999 -9999 -9999 -9999 -9999 -9999 -9999 -9999 836.20210972912 836.876939627523 837.473544345867 838.248965215249 839.043281321786 839.747583383099 840.459046904559 841.17783715063 841.903678680537 842.636791846901 843.376791032636 844.123896590362 844.975834907 845.737098120554 846.505247353479 847.280282605776 848.160370969605 848.850900992175 849.646429038121 850.44862275082 851.458003014366 852.274684911822 852.994687097302 853.823763829627 854.659451140548 855.607408111301 856.350492233714 857.205790927805 858.167354672836
-9999 -9999 -9999 -9999 -9999 -9999 -9999 -9999 -9999 -9999 -9999 -9999 -9999 -9999 -9999 -9999 -9999 -9999 -9999 -9999 -9999 -9999 835.128331412411 835.803161310814 836.485317933829 837.174691105145 837.871391001072 838.575252357146 839.286385349676 840.102571453737 840.827751925784 841.559983681669 842.299376897699 843.139471261018 843.798931564184 844.559037926484 845.326030308155 846.295692011967 847.077227666551 847.766600837867 848.560861856249 849.361678365073 850.270632922106 851.085662174912 851.804176980209 852.731035187608 853.669737348326 854.510988562899 855.252475128818 856.105735561175 857.073359003253
-9999 -9999 -9999 -9999 -9999 -9999 -9999 -9999 -9999 -9999 -9999 -9999 -9999 -9999 -9999 -9999 -9999 -9999 -9999 -9999 -9999 833.281941722224 833.949499984171 834.722827503664 835.404984126679 836.094247121685 836.790671576837 837.494202403981 838.29419259048 838.922528086088 839.647267852896 840.477666700939 841.309112223927 842.055446547484 842.714190704636 843.473470744611 844.335655458073 845.109368594651 845.889582133515 846.577908629887 847.470171475964 848.370146663737 849.177133045917 849.99067491854 850.707867608116 851.637204782489 852.470302950127 853.30979134374 854.149940795214 855.108419603567 855.967023586956
-9999 -9999 -9999 -9999 -9999 -9999 -9999 -9999 -9999 -9999 -9999 -9999 -9999 -9999 -9999 -9999 -9999 -9999 -9999 -9999 831.533884388661 832.194391366772 832.86205980503 833.621890726554 834.219101414603 834.908309321454 835.70372719109 836.495564330654 837.206642235029 837.834757378016 838.559001351429 839.382018386707 840.120860721187 840.86658907504 841.623885941436 842.382339659086 843.243642962069 844.016309423702 844.795586463932 845.482921373514 846.374027368337 847.173081056201 848.078785412091 848.890894992684 849.709615151874 850.534670448885 851.366115971873 852.203951720838 853.048012431315 853.898628632233 854.856391294571
-9999 -9999 -9999 -9999 -9999 -9999 -9999 -9999 -9999 -9999 -9999 -9999 -9999 -9999 -9999 -9999 -9999 -9999 -9999 -9999 830.539267750647 831.199995081378 831.951948396742 832.6279351464 833.225256010758 833.914463917609 834.610723108297 835.402284807085 836.212962095649 836.840746709707 837.564605066035 838.387236484228 839.125638113468 839.870760497616 840.528182539048 841.381112442475 842.246216828151 843.018112055615 843.79656277352 844.581624070022 845.373185768811 846.171137693576 846.975590020628 847.786542749966 848.704531764415 849.528320033862 850.358498529286 851.194901986221 852.037585492824 852.886549049093 853.741627390564
-9999 -9999 -9999 -9999 -9999 -9999 -9999 -9999 -9999 -9999 -9999 -9999 -9999 -9999 -9999 -9999 -9999 -9999 -9999 828.68444957275 829.338676501194 829.999899625319 830.852443911661 831.528651013939 832.126026966452 832.815400137769 833.599194406706 834.303221027245 835.014078579 835.641697928592 836.456176299849 837.287621822837 838.025582746838 838.770154249436 839.521501595095 840.279294254886 841.043752581429 841.814821486568 842.592170441374 843.476886210219 844.267456322218 845.064416660194 845.867657047837 846.778980395534 847.493363589207 848.315719566625 849.144355593709 850.185521722675 850.921830002027 851.769251089956 852.622842051243
-9999 -9999 -9999 -9999 -9999 -9999 -9999 -9999 -9999 -9999 -9999 -9999 -9999 -9999 -9999 -9999 -9999 -9999 827.009769661609 827.576736952578 828.231404586262 828.976251529635 829.645903141471 830.322550948988 830.920147254122 831.797040504961 832.494291282438 833.198317902977 833.909065278422 834.626588496929 835.350832470342 836.081687022351 836.819262329268 837.664204450224 838.415000914333 839.17229778073 839.936039961257 840.706282544072 841.580586651628 842.266158740251 843.055627089151 843.851540752182 844.855797817316 845.665152990161 846.378544597044 847.199523370588 848.130678454075 848.964933472966 849.699974724754 850.54568807988 851.60674103279
-9999 -9999 -9999 -9999 -9999 -9999 -9999 -9999 -9999 -9999 -9999 -9999 -9999 -9999 -9999 -9999 -9999 825.151315665484 825.793368111679 826.361106636818 827.200374677812 827.863525887361 828.533563116282 829.210486364575 829.894295632238 830.584935831119 831.282351873061 831.986433581754 832.798432986037 833.515901116389 834.240034913492 834.970669112882 835.707858802713 836.545198758283 837.201959741856 837.958705726703 838.823259230829 839.689520467759 840.46626345286 841.151229571778 841.939871598353 842.834613411404 843.636641859637 844.444785093072 845.259098199864 846.181879883795 847.008698001766 847.841685993093 848.575460217316 849.419796368568 850.376787796736
