app/data/climate/rcp85/2100/Temperature.asc
ncols        365
nrows        372
xllcorner    10.224615574000
yllcorner    43.742729801000
cellsize     0.000500000000
NODATA_value  -9999
[rows 308 to 329 of 372, columns 102 to 152 of 365]
-9999 -9999 -9999 -9999 -9999 -9999 21.3542026214966 21.353071400378 21.3519557643953 21.3508245432767 21.3496946209194 21.3485646985621 21.3474334774434 21.3463035550861 21.3451593463542 21.3440294239969 21.3429124892529 21.3416461969559 21.3405162745986 21.3395214234196 21.3383915010623 21.3371109223907 21.3359810000334 21.3348510776761 21.3338705128718 21.3325899342002 21.3314600118429 21.3303287907242 21.3291988683669 21.328054659635 21.3269247372777 21.325793516159 21.3246778801763 21.323410289118 21.3224167367004 21.3212868143431 21.3201426056112 21.3188763133142 21.3177450921955 21.3167515397779 21.3156346050339 21.3143683127369 21.3132383903796 21.3122435392007 21.3111136168433 21.3098473245464 21.3087161034277 21.3075861810704 21.306483532701 21.3053523115824 21.3042223892251
-9999 -9999 -9999 -9999 -9999 -9999 -9999 -9999 21.3517375724918 21.3504569938202 21.3494764290159 21.3483594942719 21.3472295719146 21.345948993243 21.3449684284387 21.3438385060813 21.3426942973494 21.3414280050524 21.3402980826951 21.3393175178908 21.3380512255938 21.3369070168619 21.3357770945046 21.3346458733859 21.3335159510286 21.3323717422967 21.3312418199394 21.3301248851954 21.3289949628381 21.3278637417194 21.3267338193621 21.3255896106302 21.3243233183332 21.3231791096013 21.3221985447969 21.3210816100529 21.3198023301426 21.318671109024 21.3175411866667 21.3165476342491 21.3152670555774 21.3141371332201 21.3130059121015 21.3120396336718 21.3107590550002 21.3096291326429 21.3084992102856 21.3073679891669 21.3062380668096 21.3051081444523 21.3039769233337
-9999 -9999 -9999 -9999 -9999 -9999 -9999 -9999 -9999 -9999 21.3492855111004 21.3481555887431 21.3468750100714 21.3457723617021 21.3447788092844 21.3436475881658 21.3423683082555 21.3412370871369 21.3401071647796 21.3391136123619 21.3378460213036 21.336730385321 21.3355991642023 21.3344549554704 21.3333250331131 21.3321951107558 21.3310638896371 21.3299209796665 21.3286533886082 21.3276741225652 21.3265429014466 21.3254129790893 21.3241324004176 21.3230024780603 21.3220076268814 21.3207283469711 21.3195971258525 21.3184814898698 21.3173502687511 21.3162060600192 21.3150761376619 21.3139462153046 21.3128162929473 21.3116850718286 21.3105408630967 21.3094382147273 21.3082940059954 21.3071640836381 21.3060341612808 21.3049029401621 21.3037730178048
-9999 -9999 -9999 -9999 -9999 -9999 -9999 -9999 -9999 -9999 -9999 -9999 21.3466711045426 21.3455411821853 21.3445463310063 21.3432800387093 21.3421631039653 21.341033181608 21.3399032592507 21.3387720381321 21.3376421157748 21.3364979070428 21.3353679846855 21.3341146800019 21.3331211275842 21.3319899064656 21.3308599841083 21.329580704198 21.3284494830794 21.3274559306617 21.3263117219298 21.3250584172461 21.3239284948888 21.3227842861569 21.3217907337392 21.3205231426809 21.3193802327103 21.3182490115917 21.3171190892344 21.3160021544904 21.3148722321331 21.3137280234011 21.3125981010438 21.3114668799252 21.3103239699546 21.3091927488359 21.3080628264786 21.3067965341816 21.3058159693773 21.3046717606454 21.3035418382881
-9999 -9999 -9999 -9999 -9999 -9999 -9999 -9999 -9999 -9999 -9999 -9999 -9999 -9999 21.3441930679245 21.3430618468059 21.3419319244486 21.3408020020912 21.3396850673472 21.3385551449899 21.3374239238713 21.336294001514 21.3351640791567 21.3338835004851 21.3328899480674 21.3317587269488 21.3305067210265 21.3293754999078 21.3282312911759 21.3272377387582 21.3259714464613 21.3248272377293 21.323697315372 21.3225531066401 21.3214361718961 21.3203062495388 21.3191750284201 21.3180321184495 21.3167645273912 21.3157709749736 21.3146267662416 21.3134968438843 21.3122305515873 21.3112357004084 21.3101057780511 21.3089758556938 21.3076952770222 21.3065653546649 21.3055705034859 21.304426294754 21.3031742888316
-9999 -9999 -9999 -9999 -9999 -9999 -9999 -9999 -9999 -9999 -9999 -9999 -9999 -9999 -9999 -9999 21.3417280189197 21.3405838101878 21.3393175178908 21.3383226667118 21.3371927443545 21.3360758096105 21.3348095173135 21.3336795949562 21.3326847437773 21.3315405350453 21.3302742427483 21.3291300340164 21.3280001116591 21.3268831769151 21.3257532545578 21.3246090458258 21.3234791234685 21.3223492011112 21.3212049923793 21.3200737712607 21.31893086129 21.317813926546 21.3165476342491 21.3155527830701 21.3144085743382 21.3131292944279 21.3119980733092 21.3110045208916 21.3098603121597 21.308607007476 21.3074640975054 21.3063328763867 21.3053393239691 21.3040587452975 21.3029288229402
-9999 -9999 -9999 -9999 -9999 -9999 -9999 -9999 -9999 -9999 -9999 -9999 -9999 -9999 -9999 -9999 -9999 -9999 21.3390993259873 21.3381057735697 21.336974552451 21.3357082601541 21.3345640514221 21.3334341290648 21.3324665518738 21.3311872719635 21.3300573496062 21.3289261284876 21.3277819197556 21.3266519973983 21.325522075041 21.3243778663091 21.3232609315651 21.3219803528934 21.3209868004758 21.3198568781185 21.3187126693866 21.317432090715 21.3163021683576 21.3153073171787 21.314191681196 21.3129111025244 21.3117668937925 21.3107733413748 21.3094927627032 21.3083628403459 21.307218631614 21.3060887092567 21.3049717745127 21.3038275657807 21.3026833570488
-9999 -9999 -9999 -9999 -9999 -9999 -9999 -9999 -9999 -9999 -9999 -9999 -9999 -9999 -9999 -9999 -9999 -9999 -9999 -9999 21.3366342769825 21.3355043546252 21.3343744322679 21.3332432111493 21.3320990024173 21.330996354048 21.329852145316 21.3287222229587 21.3275923006014 21.3264480918695 21.3253168707508 21.3241739607802 21.3229063697219 21.3217907337392 21.3207958825603 21.3196516738283 21.318372393918 21.3172411727994 21.3160982628288 21.3151034116498 21.3138228329782 21.3127071969955 21.3115629882636 21.3105681370846 21.3092888571744 21.3081576360557 21.3070147260851 21.3058705173532 21.3047392962345 21.3036236602519 21.3024794515199
-9999 -9999 -9999 -9999 -9999 -9999 -9999 -9999 -9999 -9999 -9999 -9999 -9999 -9999 -9999 -9999 -9999 -9999 -9999 -9999 -9999 -9999 21.3341419539898 21.3330120316325 21.3318821092752 21.3307508881565 21.3296066794246 21.3284767570673 21.3272234523836 21.326229899966 21.325085691234 21.3239557688767 21.3226751902051 21.3215452678478 21.3205504166689 21.3192711367586 21.3181542020146 21.3170099932826 21.3158800709253 21.3147358621934 21.3135916534614 21.3124617311041 21.3113175223722 21.3101733136403 21.3090563788962 21.3079264565389 21.306782247807 21.3055029678967 21.3045081167178 21.3033639079858 21.3022209980152
-9999 -9999 -9999 -9999 -9999 -9999 -9999 -9999 -9999 -9999 -9999 -9999 -9999 -9999 -9999 -9999 -9999 -9999 -9999 -9999 -9999 -9999 -9999 -9999 21.3316496309971 21.3305197086398 21.3293897862824 21.3281092076108 21.3269792852535 21.3259844340746 21.3248402253426 21.3235882194203 21.3224569983016 21.321314088331 21.3201828672124 21.3190399572418 21.3179087361231 21.3167645273912 21.3156216174206 21.3145046826766 21.313373461558 21.3122305515873 21.3110863428554 21.3099564204981 21.3088122117662 21.3076680030342 21.3065237943023 21.3052704896186 21.3042626508263 21.303132728469 21.3018391621841
-9999 -9999 -9999 -9999 -9999 -9999 -9999 -9999 -9999 -9999 -9999 -9999 -9999 -9999 -9999 -9999 -9999 -9999 -9999 -9999 -9999 -9999 -9999 -9999 -9999 21.3302742427483 21.329022236826 21.3278780280941 21.3267468069754 21.3257532545578 21.3244726758862 21.3233427535289 21.3221985447969 21.3210816100529 21.3199516876956 21.3188074789637 21.3176775566064 21.3165333478744 21.3152527692028 21.3142592167852 21.3131150080532 21.3119980733092 21.310718793399 21.3097109546067 21.3085797334881 21.3074368235174 21.3061562448458 21.3050120361139 21.3040041973216 21.3028872625776 21.3016079826673
-9999 -9999 -9999 -9999 -9999 -9999 -9999 -9999 -9999 -9999 -9999 -9999 -9999 -9999 -9999 -9999 -9999 -9999 -9999 -9999 -9999 -9999 -9999 -9999 -9999 -9999 -9999 21.3276325622026 21.3265156274586 21.3253857051013 21.3242414963694 21.3231115740121 21.3219673652801 21.3208374429228 21.3196932341909 21.3185633118336 21.3174463770896 21.316165798418 21.315021589686 21.3140280372684 21.3128838285365 21.3116032498648 21.3104603398942 21.3094654887153 21.3083485539713 21.3070549876863 21.3059107789544 21.3047665702225 21.3037730178048 21.3024924391332 21.3013495291626
-9999 -9999 -9999 -9999 -9999 -9999 -9999 -9999 -9999 -9999 -9999 -9999 -9999 -9999 -9999 -9999 -9999 -9999 -9999 -9999 -9999 -9999 -9999 -9999 -9999 -9999 -9999 -9999 21.3262844479419 21.3251402392099 21.3240375908405 21.3228933821086 21.3217634597513 21.3204828810797 21.319489328662 21.3183451199301 21.3172009111982 21.3159203325266 21.3148033977825 21.3138098453649 21.3125292666933 21.3113863567227 21.3102421479908 21.3092472968118 21.3079680169015 21.3068238081696 21.3056925870509 21.3045626646936 21.3034184559617 21.3022755459911 21.3011313372591
-9999 -9999 -9999 -9999 -9999 -9999 -9999 -9999 -9999 -9999 -9999 -9999 -9999 -9999 -9999 -9999 -9999 -9999 -9999 -9999 -9999 -9999 -9999 -9999 -9999 -9999 -9999 -9999 -9999 21.3249090596931 21.3237791373358 21.3226349286039 21.3213543499323 21.3202374151883 21.3192438627706 21.3181139404133 21.3168333617417 21.3156891530098 21.3145449442778 21.3135513918602 21.3122708131886 21.3111538784446 21.3100096697126 21.308866759742 21.3077225510101 21.3065783422782 21.3054341335462 21.3042899248143 21.3031470148437 21.3020300800997 21.3008858713677
-9999 -9999 -9999 -9999 -9999 -9999 -9999 -9999 -9999 -9999 -9999 -9999 -9999 -9999 -9999 -9999 -9999 -9999 -9999 -9999 -9999 -9999 -9999 -9999 -9999 -9999 -9999 -9999 -9999 -9999 -9999 21.3222530927728 21.3211231704155 21.3199789616835 21.3189854092659 21.3177321045822 21.3165878958503 21.3154436871184 21.314313764761 21.3131695560291 21.3120253472972 21.3108824373266 21.3097382285946 21.3086212938506 21.3074770851187 21.3063328763867 21.3051899664161 21.3039093877445 21.3029015489522 21.3017573402203 21.3006131314884
-9999 -9999 -9999 -9999 -9999 -9999 -9999 -9999 -9999 -9999 -9999 -9999 -9999 -9999 -9999 -9999 -9999 -9999 -9999 -9999 -9999 -9999 -9999 -9999 -9999 -9999 -9999 -9999 -9999 -9999 -9999 -9999 21.3208777045241 21.3197334957921 21.3186035734348 21.3174593647029 21.3163294423456 21.3151852336136 21.3140682988696 21.3129240901377 21.3117811801671 21.3106369714351 21.3095070490778 21.3083628403459 21.307218631614 21.306074422882 21.304808130585 21.3036639218531 21.3026560830608 21.3015118743289 21.3002325944186
-9999 -9999 -9999 -9999 -9999 -9999 -9999 -9999 -9999 -9999 -9999 -9999 -9999 -9999 -9999 -9999 -9999 -9999 -9999 -9999 -9999 -9999 -9999 -9999 -9999 -9999 -9999 -9999 -9999 -9999 -9999 -9999 -9999 21.319489328662 21.3183581075434 21.3172138988115 21.3160839764542 21.3149397677222 21.3136604878119 21.312665636633 21.311521427901 21.3104057919184 21.3091109268721 21.3081173744545 21.3069731657225 21.3058289569906 21.3045353907057 21.3033911819738 21.3023976295561 21.3011313372591 21.2999871285272
-9999 -9999 -9999 -9999 -9999 -9999 -9999 -9999 -9999 -9999 -9999 -9999 -9999 -9999 -9999 -9999 -9999 -9999 -9999 -9999 -9999 -9999 -9999 -9999 -9999 -9999 -9999 -9999 -9999 -9999 -9999 -9999 -9999 -9999 -9999 21.3169970056693 21.3158527969374 21.3145722182658 21.3134280095338 21.3124344571162 21.3112902483843 21.3100096697126 21.30889403373 21.3078861949377 21.3067419862058 21.3054614075341 21.3043171988022 21.3031742888316 21.3021664500393 21.3008858713677 21.2997559490104
-9999 -9999 -9999 -9999 -9999 -9999 -9999 -9999 -9999 -9999 -9999 -9999 -9999 -9999 -9999 -9999 -9999 -9999 -9999 -9999 -9999 -9999 -9999 -9999 -9999 -9999 -9999 -9999 -9999 -9999 -9999 -9999 -9999 -9999 -9999 -9999 21.3154436871184 21.3143267523744 21.3131838424037 21.3121889912248 21.3108954249399 21.3097655025826 21.3086212938506 21.3076134550584 21.3063328763867 21.3052159416427 21.3040730316721 21.3029145365656 21.3017716265949 21.300627417863 21.2994832091311
-9999 -9999 -9999 -9999 -9999 -9999 -9999 -9999 -9999 -9999 -9999 -9999 -9999 -9999 -9999 -9999 -9999 -9999 -9999 -9999 -9999 -9999 -9999 -9999 -9999 -9999 -9999 -9999 -9999 -9999 -9999 -9999 -9999 -9999 -9999 -9999 -9999 21.3140410248817 21.3129111025244 21.3117668937925 21.3106499590484 21.3095070490778 21.3083628403459 21.307218631614 21.306074422882 21.3049302141501 21.3037860054181 21.3026430954475 21.3015261607035 21.3003819519716 21.2992377432397
-9999 -9999 -9999 -9999 -9999 -9999 -9999 -9999 -9999 -9999 -9999 -9999 -9999 -9999 -9999 -9999 -9999 -9999 -9999 -9999 -9999 -9999 -9999 -9999 -9999 -9999 -9999 -9999 -9999 -9999 -9999 -9999 -9999 -9999 -9999 -9999 -9999 -9999 21.3126526490197 21.3115084402877 21.3103785179304 21.3092343091985 21.3081173744545 21.3069731657225 21.3058289569906 21.30468604702 21.3035418382881 21.3022482720031 21.3012534208242 21.3000962244789 21.2989792897349
-9999 -9999 -9999 -9999 -9999 -9999 -9999 -9999 -9999 -9999 -9999 -9999 -9999 -9999 -9999 -9999 -9999 -9999 -9999 -9999 -9999 -9999 -9999 -9999 -9999 -9999 -9999 -9999 -9999 -9999 -9999 -9999 -9999 -9999 -9999 -9999 -9999 -9999 -9999 21.3112629743963 21.3101187656644 21.3089758556938 21.3076952770222 21.3066874382299 21.305543229498 21.304426294754 21.3031470148437 21.3019885197371 21.3009949673195 21.2998507585875 21.2985571923026
