app/data/climate/rcp85/2100/Temperature.asc
ncols        365
nrows        372
xllcorner    10.224615574000
yllcorner    43.742729801000
cellsize     0.000500000000
NODATA_value  -9999
[rows 286 to 307 of 372, columns 204 to 254 of 365]
21.2629997046034 21.2621814849653 21.2615554820041 21.2608333707045 21.2601255457795 21.2594177208546 21.2587228835429 21.2580280462312 21.2573345076809 21.2567617539342 21.2560941906105 21.2554279260481 21.2547603627243 21.2541057870139 21.2534525100648 21.252812220729 21.2521719313932 21.2515874887946 21.2509744734467 21.250428993688 21.2498159783401 21.2491497137777 21.2485496860431 21.2479639446832 21.2474600252871 21.2469703922656 21.2464119248936 21.2458534575216 21.2453222641375 21.2447780831401 21.2442598773694 21.2437429703599 21.2434026948914 21.2429117631086 21.2424351177004 21.2419584722922 21.2414961132586 21.2409779074878 21.2405830840435 21.2401479989978 21.2399025331064 21.2394388753115 21.2390310642538 21.2386765024107 21.2382816789663 21.237832307546 21.2374504717149 21.2370699346452 21.2369192783309 21.2364971808985 21.2361166438288
21.262046413787 21.2611879325477 21.2604385472601 21.2597034483472 21.2590631590114 21.2583280600985 21.2576059487989 21.2568851362606 21.256163024961 21.255455200036 21.2547603627243 21.254051239038 21.2534797840527 21.2527174111519 21.2521186821786 21.2514511188549 21.2507835555311 21.2500341702436 21.2493808932945 21.2488224259225 21.2482366845625 21.2476106816014 21.2469833798789 21.2463716632923 21.2457716355578 21.2451729065845 21.2445871652246 21.2441650677923 21.2435923140456 21.2430351454349 21.2424896656762 21.2419454846789 21.2414272789081 21.2408415375482 21.2403921661279 21.2400791646473 21.23953498365 21.2390583382418 21.2386635147974 21.2381998570025 21.237710223981 21.2372881265486 21.236864730355 21.2366880988141 21.2362387273938 21.2358439039494 21.235449080505 21.2350672446739 21.2346996952175 21.234332145761 21.2341412278455
21.2609970146321 21.260221654118 21.2594579824558 21.2586826219416 21.2578241407024 21.2571708637533 21.2564084908524 21.2557682015166 21.2549369942652 21.2542967049294 21.2535616060165 21.2528394947169 21.2520225738402 21.2513147489152 21.2508108295191 21.2501159922074 21.2493263453186 21.2486457943816 21.2479639446832 21.2473782033233 21.246630116797 21.2459625534733 21.2454586340772 21.2448183447414 21.2441780554056 21.2435520524444 21.2429390370965 21.2423403081233 21.2416727447995 21.2411545390288 21.2407324415964 21.2401739742244 21.2395622576379 21.2390167778792 21.2385544188456 21.2380362130749 21.2374647580896 21.237151756609 21.2367296591766 21.2362114534059 21.2357620819856 21.2353127105653 21.2348776255197 21.2344685157007 21.2340594058817 21.2338425127395 21.2334476892951 21.233065853464 21.2326983040076 21.2323307545511 21.2319632050947
21.2600034622145 21.2591995289511 21.2584917040261 21.2577020571373 21.2568163019101 21.2561214645984 21.2553461040843 21.254487622845 21.2537109635695 21.2531524961975 21.2523901232966 21.251545928432 21.2507965431444 21.2500614442315 21.2494211548957 21.248604234019 21.2478821227194 21.2472833937462 21.2465755688212 21.2458677438962 21.2451729065845 21.2444910568861 21.2438105059491 21.2430611206615 21.2424766780629 21.2419727586668 21.2413181829564 21.2406103580314 21.2399973426835 21.2394531616861 21.2388531339516 21.2381868693892 21.2377777595701 21.2372063045848 21.2367296591766 21.2361296314421 21.235598438058 21.2350815310486 21.2346451472416 21.2341009662442 21.233800952377 21.2333515809567 21.2329022095364 21.2324801121041 21.2320580146718 21.2316489048527 21.2312540814084 21.2308189963627 21.2306826264231 21.2303150769666 21.2299605151234
21.259104719374 21.2582877984973 21.2574565912459 21.2565435620307 21.2558227494925 21.2551136258062 21.2542148829656 21.2534122484635 21.2526213028134 21.2519407518764 21.2510562954105 21.250279636135 21.2496120728113 21.2488354135358 21.2480873270096 21.2473249541087 21.2465755688212 21.2458261835336 21.2450910846207 21.2443559857078 21.2437559579732 21.2430481330482 21.2423403081233 21.2415506612345 21.2409506334999 21.2402700825629 21.239507709662 21.2389895038913 21.2383492145554 21.2377777595701 21.2370829222585 21.2364569192973 21.2358581903241 21.2352724489641 21.2346867076042 21.2342918841598 21.2337464044011 21.2332022234037 21.2326840176329 21.2321800982368 21.2316904652153 21.2312138198071 21.2306956140364 21.2304917085075 21.2300566234619 21.2296475136429 21.229183855848 21.2288033187782 21.228476030923 21.2281084814665 21.227890289563
21.2583150724852 21.2574695788592 21.2565305744174 21.2556863795528 21.2548551723014 21.2541330610018 21.2532888661372 21.2524719452605 21.2516550243837 21.2509471994587 21.2500341702436 21.2492445233548 21.2484405900914 21.2476509432026 21.2469703922656 21.2461937329901 21.2454183724759 21.2446417132004 21.2437832319612 21.2431299550121 21.2423805697245 21.2417675543766 21.2409376458866 21.240215534587 21.2395895316258 21.2388804079395 21.2380907610507 21.2373959237391 21.2367296591766 21.2361984657926 21.2355438900821 21.2349048995077 21.2342775977852 21.2336645824373 21.233065853464 21.2324801121041 21.2318943707442 21.2315138336744 21.2309683539157 21.2304514469063 21.2299332411355 21.229443608114 21.2289124147299 21.2285033049109 21.2282448514062 21.227768205998 21.227359096179 21.2269642727346 21.2266239972661 21.2262161862084 21.2258616243652
21.2573877568954 21.2564890140549 21.2556318315769 21.2547733503376 21.2539161678597 21.2530576866204 21.2522134917557 21.2513692968911 21.2506199116035 21.2497887043522 21.2489587958622 21.2481275886108 21.2473106677341 21.2463846509056 21.2456768259806 21.2448728927172 21.2441780554056 21.243279312565 21.2424896656762 21.2418091147392 21.2410194678504 21.2401609866111 21.2393986137103 21.2386362408094 21.2381180350387 21.2372881265486 21.2365517288744 21.2358439039494 21.2351360790244 21.2344412417128 21.2337464044011 21.2330788410773 21.2325749216812 21.2318541091429 21.2312956417709 21.2306826264231 21.2300838974498 21.2294293217394 21.2289254023432 21.2285578528868 21.2280266595027 21.2274409181428 21.2269512851213 21.226529187689 21.2260655298941 21.2255758968726 21.2251537994402 21.2249356075368 21.2245407840924 21.2241732346359 21.2238186727927
21.2564487524536 21.2555629972264 21.2546785407605 21.2538746074971 21.2530031386445 21.2521316697919 21.2512602009393 21.2503887320867 21.2495302508475 21.2486587819949 21.2478015995169 21.2470522142294 21.246098923413 21.2452547285483 21.2445183308741 21.2436884223841 21.242748119181 21.2419311983042 21.2411142774275 21.2405155484543 21.2396025192391 21.2387985859757 21.2380089390869 21.2372335785728 21.2364569192973 21.2356802600218 21.234917887121 21.2343048717731 21.2334749632831 21.2328476615606 21.2321255502609 21.2314320117106 21.2306553524351 21.2299748014981 21.2295527040657 21.2289124147299 21.228204589805 21.2276045620704 21.2270733686863 21.226501913701 21.2258746119785 21.2253447173558 21.2250031431259 21.2245680580803 21.2240225783216 21.2235732069013 21.2231381218557 21.2227160244234 21.222321200979 21.2219393651479 21.221762733607
21.2556448191902 21.2547330887364 21.2538343458959 21.2529356030553 21.2519134778885 21.2511381173743 21.2503198977362 21.2494354412704 21.2484405900914 21.2476652295772 21.24677947435 21.2459080054974 21.2449274406931 21.2440559718405 21.2434026948914 21.2424351177004 21.2415779352224 21.2407194539831 21.2398752591185 21.2390310642538 21.2381998570025 21.2374920320775 21.2366608248261 21.2358581903241 21.235039970686 21.2342503237972 21.2334606769084 21.2326710300196 21.2318125487804 21.2312813553963 21.2305462564834 21.229715049232 21.2289942366937 21.2282993993821 21.2276863840342 21.2269240111333 21.2262707341842 21.225794088776 21.2252486090173 21.2245680580803 21.2239823167204 21.2234238493484 21.222879668351 21.2223614625802 21.2218718295587 21.2215718156914 21.2211224442712 21.2206315124883 21.2202782494065 21.2198834259621 21.2195158765057
21.2548006243256 21.2539434418476 21.2530174250192 21.2519680258643 21.2510562954105 21.2502523621471 21.2493393329319 21.2483042201517 21.2473924896979 21.2466976523862 21.2457859219324 21.2447780831401 21.2438793402996 21.2429805974591 21.2422039381836 21.2412090870046 21.2404337264905 21.2395479712633 21.2386765024107 21.2378050335581 21.2369465523188 21.2360893698408 21.2352308886015 21.2342918841598 21.2336788688119 21.2328476615606 21.2320307406838 21.2311177114687 21.2303150769666 21.2296202396549 21.2288435803794 21.2279863979015 21.2273733825536 21.2266382836407 21.2259161723411 21.2252083474161 21.2245264977177 21.2238459467807 21.2231926698316 21.2227290120367 21.2221159966888 21.2215302553289 21.2209588003436 21.2204146193462 21.2198964135754 21.2193924941793 21.2189158487711 21.2186028472905 21.2182210114594 21.217826188015 21.2173911029694
21.2541057870139 21.2531524961975 21.2520914081907 21.2512329269514 21.2502926237483 21.2494757028716 21.2484276024781 21.247487299275 21.2465612824465 21.2457443615698 21.2447910707534 21.2438793402996 21.2429533234711 21.242040294256 21.2411285638022 21.240215534587 21.2393167917465 21.2384180489059 21.2375050196908 21.2367296591766 21.2358439039494 21.2349581487222 21.2339645963046 21.233093127452 21.2323437421644 21.2314865596865 21.2306553524351 21.2298111575705 21.2289942366937 21.2282721253941 21.227359096179 21.2265694492902 21.2257798024014 21.2251667870535 21.2244044141527 21.2236693152398 21.2229601915535 21.2222523666285 21.2215718156914 21.2209185387423 21.2202782494065 21.2198288779863 21.2191613146625 21.2186573952664 21.218113214269 21.2175950084982 21.2170365411262 21.2165741820927 21.2161793586483 21.2159468803702 21.2155117953245
21.253370688101 21.2524044096713 21.2513147489152 21.2503614580988 21.2494081672824 21.2485224120552 21.2475691212388 21.2466158304224 21.245662539606 21.2447235351643 21.2437702443479 21.2428299411448 21.241890936703 21.2410324554637 21.2401064386353 21.2391674341935 21.238241417365 21.2373141017752 21.2362660013817 21.2354620681183 21.2345503376645 21.233624320836 21.2327255779955 21.231826835155 21.2310501758795 21.2300423370872 21.2291708682347 21.2282993993821 21.2275643004692 21.2267201056045 21.2258746119785 21.2250447034885 21.2242277826118 21.2234238493484 21.2226342024596 21.2218718295587 21.2212588142108 21.2204418933341 21.2198145916116 21.2191210530613 21.2184534897375 21.2177170920633 21.2170910891021 21.2165741820927 21.2161650722737 21.2155520569258 21.2150351499163 21.2145442181335 21.2141364070758 21.213645475293 21.2132376642353
21.2526485768014 21.251545928432 21.2505653636277 21.2495847988233 21.2486185203936 21.2476379555893 21.2466703783983 21.2456898135939 21.2448053571281 21.2438247923237 21.2428572151327 21.2419039243163 21.2409376458866 21.2398479851305 21.2390167778792 21.2380504994495 21.2371920182102 21.2361166438288 21.2351763406257 21.2343464321357 21.2334061289326 21.2323437421644 21.231417725336 21.2306008044592 21.2296747876308 21.2287617584156 21.2278500279618 21.2269512851213 21.2260525422808 21.2251667870535 21.2242953182009 21.223560219288 21.2227160244234 21.2217757212203 21.2210536099207 21.2202509754186 21.2194613285298 21.2185898596772 21.2179352839668 21.2173638289815 21.216559895718 21.215879344781 21.2152260678319 21.2146805880732 21.2139857507615 21.2134142957762 21.2130467463198 21.212528540549 21.2120518951408 21.2115895361072 21.2111674386749
21.2517641203355 21.2507692691565 21.2497757167389 21.2488496999104 21.2478548487315 21.2468612963138 21.2458677438962 21.2448728927172 21.2437559579732 21.2428987754953 21.2419857462801 21.2410051814758 21.2398882467318 21.2389076819274 21.2380504994495 21.2370699346452 21.2359659875145 21.2349854227101 21.2341139538575 21.2332697589929 21.2321800982368 21.2312138198071 21.2302462426161 21.2292929517997 21.2283396609833 21.2274006565415 21.2265694492902 21.2256434324617 21.2245953320682 21.2237913988048 21.2228926559643 21.2219939131238 21.2210003607061 21.2202639630319 21.2195158765057 21.2186703828797 21.2177443660512 21.2169274451745 21.2162468942375 21.2153754253849 21.214640326472 21.2140818591 21.2133870217883 21.2127194584645 21.2120791691287 21.2114804401555 21.2108946987955 21.2103505177982 21.2098323120274 21.2095335969215 21.2090842255012
21.2510965570117 21.2500887182195 21.2490678918139 21.2480600530216 21.2469158442897 21.246098923413 21.2450910846207 21.2439611622634 21.2429533234711 21.2420675682439 21.2410597294517 21.2399298070943 21.2389219683021 21.2379959514736 21.237124482621 21.2359932615024 21.2349854227101 21.2339918702925 21.2329983178749 21.2320034666959 21.2310099142783 21.2301111714377 21.2291306066334 21.2280136718894 21.2271551906501 21.2261889122204 21.2252213350294 21.2241316742733 21.2232874794087 21.2224575709187 21.2215172677156 21.2204821549354 21.2195561381069 21.2186573952664 21.2178677483776 21.2168728971986 21.2161520846604 21.2153078897957 21.2145857784961 21.2136870356556 21.2128973887668 21.2121480034792 21.2114129045663 21.21070378088 21.2101998614839 21.2095608709094 21.2089478555615 21.2082932798511 21.2078166344429 21.2072997274335 21.2068230820253
21.2504978280385 21.2494757028716 21.248454876466 21.2472976801208 21.2462625673406 21.2453638245001 21.2443416993332 21.2432520385771 21.2422312121715 21.241332469331 21.2403103441641 21.2391674341935 21.2381453090266 21.2371101962464 21.2360893698408 21.2351490666377 21.2341282402322 21.2331204014399 21.232098276273 21.2310774498674 21.2300696110752 21.2290487846696 21.2281357554545 21.2270058330971 21.2261200778699 21.2251265254523 21.2240095907083 21.2230147395293 21.222034174725 21.221176992247 21.2201964274427 21.2192431366263 21.2182898458099 21.2173495426068 21.2164235257784 21.2155117953245 21.214613052484 21.2137415836314 21.2130194723318 21.2121752774672 21.2113583565904 21.2105674109403 21.2096959420877 21.2090569515133 21.2083348402137 21.2078309208175 21.2071088095179 21.20649579417 21.2059918747739 21.2054606813898 21.2048892264045
21.2498159783401 21.2487678779466 21.2476509432026 21.2466158304224 21.2455677300289 21.2446689871884 21.2434845168552 21.242449404075 21.2414000049202 21.2404882744663 21.2393986137103 21.2383492145554 21.2373141017752 21.2362660013817 21.2352308886015 21.234182788208 21.2331333890532 21.2321800982368 21.2310099142783 21.2300968850631 21.2290617722829 21.2280266595027 21.2268551767828 21.225821362764 21.2249213211621 21.2239953043337 21.2228381079884 21.2218302691962 21.2208094427906 21.2198016039983 21.2187937652061 21.2178132004017 21.2168183492228 21.2159611667448 21.2150078759284 21.214054585112 21.2131142819089 21.2122025514551 21.2113038086146 21.2104180533874 21.2096959420877 21.2088660335977 21.2079530043826 21.2072724534455 21.206523068158 21.2057061472813 21.2050255963442 21.2043710206338 21.2040177575519 21.2033631818415 21.2028332872188
21.2492042617536 21.2480184926591 21.2469561058909 21.2458950178841 21.2449001667052 21.2438520663117 21.2427896795435 21.2417272927754 21.2406778936206 21.2396168056138 21.2385544188456 21.2374920320775 21.2365114672732 21.2353127105653 21.2343866937369 21.2333243069688 21.2322619202006 21.2310644622541 21.230002075486 21.2290760586575 21.2280954938532 21.2269097247587 21.2258473379906 21.2247862499838 21.2238732207686 21.2226744640608 21.2216263636673 21.2205769645125 21.2196379600707 21.2186028472905 21.2175677345103 21.2165326217301 21.2155247829378 21.2143805742059 21.2135091053533 21.2126376365007 21.211671358071 21.2105946849283 21.2097647764382 21.2088387596098 21.2079400167693 21.2069451655903 21.2061009707256 21.2055295157403 21.2047255824769 21.2038671012376 21.2031462886994 21.2024514513877 21.2017981744386 21.2011851590907 21.2006124053441
21.248482150454 21.2474054773112 21.2463443893044 21.2452677161616 21.2441923417802 21.2431299550121 21.2420545806306 21.2410467418383 21.2399700686956 21.2388946943141 21.2378180211714 21.2367426467899 21.2356672724085 21.2344542293261 21.2335152248843 21.232507386092 21.2312813553963 21.2302059810149 21.2291306066334 21.228177315817 21.2269642727346 21.2258746119785 21.2248810595609 21.2237913988048 21.2227160244234 21.2216393512806 21.2205639768992 21.2194886025177 21.218411929375 21.2173365549935 21.2163832641771 21.215320877409 21.2141364070758 21.213087007921 21.2121882650805 21.2111674386749 21.210023229943 21.2090153911507 21.2082932798511 21.2073270014214 21.2062646146533 21.2053385978248 21.2044398549843 21.2036774820834 21.202724191267 21.2019072703903 21.2012942550424 21.2005578573682 21.1998643188178 21.1991967554941 21.1985837401462
21.2478548487315 21.2467664867367 21.2457443615698 21.2446547008138 21.2434429564926 21.2424896656762 21.2414000049202 21.2403103441641 21.239098599843 21.2381453090266 21.2371101962464 21.2360205354903 21.2347958035559 21.2336918564252 21.2327385656088 21.2316359172394 21.2304098865437 21.2293747737635 21.2282721253941 21.2271694770248 21.2260655298941 21.2249628815247 21.2238602331553 21.2227562860246 21.2216536376552 21.2206315124883 21.219528864119 21.2184262157496 21.2171871974406 21.2162339066242 21.2151299594935 21.2139039287977 21.2128285544163 21.2118479896119 21.2109219727835 21.2097232160757 21.2086751156822 21.207640002902 21.2067412600614 21.2055970513295 21.2047398688516 21.2037722916605 21.2028332872188 21.2019072703903 21.2010215151631 21.2001500463105 21.1993331254338 21.1984473702066 21.1979577371851 21.1972486134987 21.1965953365496
21.2473509293353 21.246248280966 21.2451586202099 21.2439338882755 21.2428844891206 21.2419311983042 21.2408285499349 21.2396025192391 21.2384998708698 21.2375322936787 21.2364296453094 21.2352451749762 21.2341412278455 21.2330385794761 21.2320580146718 21.2308047099881 21.2297020616187 21.2285851268747 21.2274681921307 21.2264200917372 21.2253031569932 21.2241732346359 21.2230562998919 21.2217900075949 21.220795156416 21.2196782216719 21.2185482993146 21.2173768165948 21.2162468942375 21.2152663294331 21.2141493946891 21.2128831023921 21.2117804540228 21.2106635192788 21.2098050380395 21.2085803061051 21.207490645349 21.2064282585809 21.2053658718127 21.2043164726579 21.203282658639 21.2022605334721 21.2014163386075 21.2004500601778 21.1995097569747 21.1986110141342 21.1977252589069 21.1967862544652 21.1960914171535 21.195342031866 21.1947303152794
21.246806748338 21.2457040999686 21.2446001528379 21.2433611345288 21.2422584861595 21.2412779213551 21.240093451022 21.238976516278 21.2378595815339 21.2368920043429 21.2356257120459 21.2345087773019 21.2333931413193 21.2322619202006 21.2311995334325 21.2300838974498 21.2289526763312 21.2278227539739 21.2266785452419 21.2255486228846 21.2244044141527 21.2232602054207 21.2220484610996 21.2209042523677 21.2199106999501 21.2187664912181 21.2174729249332 21.2163144298266 21.215171519856 21.2142584906409 21.212964924356 21.211820715624 21.2106765068921 21.2095335969215 21.2084023758028 21.2072724534455 21.2061425310882 21.2051476799092 21.2040450315399 21.2029553707838 21.2018799964024 21.2008176096342 21.1996461269144 21.1987603716871 21.1977668192695 21.1969498983928 21.1959147856126 21.1950290303854 21.1942796450978 21.1934770105957 21.1926185293564
