app/data/climate/rcp85/2100/Temperature.asc
ncols        365
nrows        372
xllcorner    10.224615574000
yllcorner    43.742729801000
cellsize     0.000500000000
NODATA_value  -9999
[rows 330 to 351 of 372, columns 204 to 254 of 365]
21.2375322936787 21.2363348357322 21.2349724350968 21.233773678389 21.2325619340679 21.2314995472998 21.2301371466644 21.2289396887179 21.2277136580221 21.226651271254 21.225262895392 21.2240368646962 21.2227978463872 21.2215575293168 21.2203055233945 21.2190794926987 21.2178404743897 21.2165741820927 21.2151572334814 21.2140402987374 21.2127740064404 21.2114934277688 21.2100505039309 21.2087842116339 21.207640002902 21.2063464366171 21.2048749400299 21.203554099757 21.2022332594842 21.200899431598 21.1995643049506 21.1982434646777 21.1968810640423 21.1955199621682 -9999 -9999 -9999 -9999 -9999 -9999 -9999 -9999 -9999 -9999 -9999 -9999 -9999 -9999 -9999 -9999 -9999
21.2372465661861 21.2358841655507 21.2347139815921 21.2335009385097 21.2322891941886 21.2310774498674 21.2298657055463 21.2286539612252 21.2274279305295 21.2262018998337 21.2250031431259 21.2237784111915 21.2225380941211 21.2211497182591 21.220060057503 21.2188067528194 21.217554746897 21.2161520846604 21.21491176759 21.2137961316073 21.212528540549 21.2110986043244 21.2098050380395 21.2085257581292 21.2073945370106 21.205937326798 21.2046437605131 21.2033372066149 21.2020150675807 21.2006942273079 21.1993603994217 21.1980252727742 21.1966771585134 -9999 -9999 -9999 -9999 -9999 -9999 -9999 -9999 -9999 -9999 -9999 -9999 -9999 -9999 -9999 -9999 -9999 -9999
21.2369881126814 21.2356257120459 21.2344282540995 21.2332294973916 21.2320177530705 21.230831983976 21.2296202396549 21.2283942089592 21.2271824646381 21.2259564339423 21.2247317020079 21.2235056713122 21.2222666530031 21.2208912647544 21.2198145916116 21.2185625856893 21.2171599234526 21.2159066187689 21.2146533140853 21.2135363793413 21.2121337171046 21.2108674248076 21.209586846136 21.2083075662257 21.2070139999408 21.2057204336559 21.2044125809963 21.2031047283368 21.2016475181243 21.200490321779 21.1991694815062 21.1978343548587 -9999 -9999 -9999 -9999 -9999 -9999 -9999 -9999 -9999 -9999 -9999 -9999 -9999 -9999 -9999 -9999 -9999 -9999 -9999
21.2365790028623 21.2353815449159 21.2341685018334 21.2329710438869 21.2316086432515 21.230560542858 21.2293345121623 21.2281227678412 21.2267746535804 21.2257122668122 21.2244862361165 21.2232602054207 21.2218718295587 21.2206315124883 21.2195561381069 21.2183301074112 21.2169274451745 21.2156754392522 21.2144221345685 21.2131558422715 21.2118895499745 21.2106219589162 21.2093556666192 21.2080893743222 21.2068087956506 21.2055152293657 21.2042216630808 21.2029138104212 21.2014436125954 21.2002864162502 21.1989655759773 -9999 -9999 -9999 -9999 -9999 -9999 -9999 -9999 -9999 -9999 -9999 -9999 -9999 -9999 -9999 -9999 -9999 -9999 -9999 -9999
21.2363075617443 21.2351088050365 21.2339100483287 21.2325749216812 21.2313631773601 21.2303150769666 21.2291033326455 21.2277279443968 21.2265149013143 21.2254525145462 21.2242407702251 21.2228653819764 21.2216393512806 21.2204003329716 21.2193249585901 21.2179222963535 21.2166832780444 21.2154299733607 21.214203942665 21.212937650368 21.2116843456843 21.2104180533874 21.2091374747157 21.2077075384911 21.2065919025085 21.2052970374622 21.2040307451652 21.2025735349527 21.2012669810545 21.2001227723226 -9999 -9999 -9999 -9999 -9999 -9999 -9999 -9999 -9999 -9999 -9999 -9999 -9999 -9999 -9999 -9999 -9999 -9999 -9999 -9999 -9999
21.2360750834662 21.2348776255197 21.2336788688119 21.2323307545511 21.2311449854566 21.2300968850631 21.2287344844277 21.2275227401066 21.2262980081722 21.225235621404 21.2238602331553 21.2226342024596 21.2214354457518 21.2201964274427 21.218970396747 21.2177313784379 21.2164780737542 21.2152390554452 21.2138363932085 21.2127337448392 21.2114934277688 21.2102271354718 21.2088114856219 21.2075309069502 21.2064139722062 21.2051346922959 21.2036904696967 21.2024098910251 21.2011163247402 21.1999734147696 -9999 -9999 -9999 -9999 -9999 -9999 -9999 -9999 -9999 -9999 -9999 -9999 -9999 -9999 -9999 -9999 -9999 -9999 -9999 -9999 -9999
21.2358439039494 21.2346451472416 21.2332970329808 21.2320852886597 21.2308865319519 21.2298384315584 21.228476030923 21.2272915605898 21.2260655298941 21.2248537855729 21.2236420412518 21.2224160105561 21.2211899798603 21.2199652479259 21.2187249308556 21.2175131865344 21.2162741682254 21.2150351499163 21.2136324876797 21.212528540549 21.2112765346266 21.2098595860154 21.2086205677063 21.2073542754093 21.2062373406653 21.2048074044407 21.2035138381558 21.2022332594842 21.2009396931993 -9999 -9999 -9999 -9999 -9999 -9999 -9999 -9999 -9999 -9999 -9999 -9999 -9999 -9999 -9999 -9999 -9999 -9999 -9999 -9999 -9999 -9999
21.2355854504447 21.2342373361839 21.2330515670894 21.2318541091429 21.2306553524351 21.2294565957273 21.2282448514062 21.2270331070851 21.225821362764 21.2246355936695 21.2234108617351 21.2221978186526 21.2209730867182 21.2195976984695 21.2185210253267 21.2172820070177 21.2160559763219 21.2146805880732 21.2134272833895 21.2123389213948 21.2110856167111 21.2096829544744 21.2084166621775 21.2071633574938 21.2058970651968 21.2046307728998 21.2033631818415 21.2020839019312 -9999 -9999 -9999 -9999 -9999 -9999 -9999 -9999 -9999 -9999 -9999 -9999 -9999 -9999 -9999 -9999 -9999 -9999 -9999 -9999 -9999 -9999 -9999
21.2351906270003 21.2340048579058 21.2328073999593 21.2316086432515 21.2304241729183 21.2292254162105 21.2280266595027 21.2268149151816 21.2254525145462 21.2243914265394 21.2231783834569 21.2219666391358 21.2206042385004 21.2193924941793 21.2183171197979 21.2170910891021 21.2157027132401 21.2144623961697 21.2132233778607 21.2121337171046 21.2107453412426 21.2095063229335 21.2082530182498 21.2069867259529 21.2057334212692 21.2044671289722 21.2032008366752 -9999 -9999 -9999 -9999 -9999 -9999 -9999 -9999 -9999 -9999 -9999 -9999 -9999 -9999 -9999 -9999 -9999 -9999 -9999 -9999 -9999 -9999 -9999 -9999
21.2349854227101 21.2337879647636 21.2326021956691 21.2314047377227 21.2300566234619 21.229007224307 21.2278227539739 21.2266110096528 21.225262895392 21.2242005086238 21.2229874655414 21.2216263636673 21.2204003329716 21.2191885886504 21.2181262018823 21.2167508136336 21.2155247829378 21.2142857646288 21.2130597339331 21.211820715624 21.210581697315 21.2093426790059 21.2081036606969 21.2068503560132 21.2055840637162 21.2043307590325 21.2030644667355 -9999 -9999 -9999 -9999 -9999 -9999 -9999 -9999 -9999 -9999 -9999 -9999 -9999 -9999 -9999 -9999 -9999 -9999 -9999 -9999 -9999 -9999 -9999 -9999
21.2347269692054 21.2335697728602 21.2323710161524 21.2310229018916 21.2298241451838 21.2287760447903 21.2275772880825 21.2262291738217 21.2250304171139 21.2239823167204 21.2227835600125 21.2214224581385 21.2201964274427 21.2189846831216 21.2177586524259 21.2165469081047 21.2153338650223 21.2141091330879 21.2128831023921 21.2116440840831 21.2104050657741 21.2091647487037 21.2079257303946 21.206523068158 21.2054334074019 21.2041814014796 -9999 -9999 -9999 -9999 -9999 -9999 -9999 -9999 -9999 -9999 -9999 -9999 -9999 -9999 -9999 -9999 -9999 -9999 -9999 -9999 -9999 -9999 -9999 -9999 -9999
21.2345087773019 21.2333113193555 21.231976192708 21.2308047099881 21.2296072520416 21.2285721392614 21.2272240250006 21.2260109819182 21.2248135239717 21.2237641248169 21.2224030229428 21.2212172538483 21.2200055095272 21.2187937652061 21.2175677345103 21.2163559901892 21.2151299594935 21.2139182151723 21.212528540549 21.2114674525422 21.2102414218464 21.2090024035374 21.207612728914 21.206373710605 21.2052840498489 21.2040307451652 -9999 -9999 -9999 -9999 -9999 -9999 -9999 -9999 -9999 -9999 -9999 -9999 -9999 -9999 -9999 -9999 -9999 -9999 -9999 -9999 -9999 -9999 -9999 -9999 -9999
21.2342775977852 21.233093127452 21.2317580008045 21.2305735304713 21.2293747737635 21.228177315817 21.2270058330971 21.2258070763893 21.2246083196815 21.2234108617351 21.2221978186526 21.2210003607061 21.2197873176237 21.2185898596772 21.2173911029694 21.2161793586483 21.2149533279525 21.2135779397038 21.2123661953827 21.2112895222399 21.2100634915442 21.2086881032955 21.2074633713611 21.2062230542907 21.2051346922959 -9999 -9999 -9999 -9999 -9999 -9999 -9999 -9999 -9999 -9999 -9999 -9999 -9999 -9999 -9999 -9999 -9999 -9999 -9999 -9999 -9999 -9999 -9999 -9999 -9999 -9999
21.2340321318937 21.2327255779955 21.2315411076623 21.2303553385678 21.2291578806214 21.2279721115268 21.2267746535804 21.2255888844859 21.2243914265394 21.2232056574449 21.2220069007371 21.2208094427906 21.2195976984695 21.2182482854474 21.2171871974406 21.2159741543581 21.2146260400973 21.2134142957762 21.2121882650805 21.2111258783123 21.2097504900636 21.2085257581292 21.2072997274335 21.2060736967377 -9999 -9999 -9999 -9999 -9999 -9999 -9999 -9999 -9999 -9999 -9999 -9999 -9999 -9999 -9999 -9999 -9999 -9999 -9999 -9999 -9999 -9999 -9999 -9999 -9999 -9999 -9999
21.2336918564252 21.232507386092 21.2313229157589 21.230151433039 21.2288163063915 21.2277811936113 21.2265837356648 21.2253979665703 21.2240498523095 21.223001751916 21.2218302691962 21.2206315124883 21.2192833982276 21.2180716539064 21.2170235535129 21.2158105104305 21.2144494085564 21.2132506518486 21.2120389075275 21.2108271632064 21.2096141201239 21.2083893881895 21.2071633574938 21.205937326798 -9999 -9999 -9999 -9999 -9999 -9999 -9999 -9999 -9999 -9999 -9999 -9999 -9999 -9999 -9999 -9999 -9999 -9999 -9999 -9999 -9999 -9999 -9999 -9999 -9999 -9999 -9999
21.2334606769084 21.2322891941886 21.2311047238554 21.2299202535222 21.2285851268747 21.2275772880825 21.2263785313746 21.2250447034885 21.2238602331553 21.2228108340005 21.2216120772927 21.2202782494065 21.2190794926987 21.2178950223655 21.2168456232107 21.2154845213366 21.2142857646288 21.2130740203077 21.2118752635999 21.2106635192788 21.2094517749577 21.2082387318752 21.2070269875541 -9999 -9999 -9999 -9999 -9999 -9999 -9999 -9999 -9999 -9999 -9999 -9999 -9999 -9999 -9999 -9999 -9999 -9999 -9999 -9999 -9999 -9999 -9999 -9999 -9999 -9999 -9999 -9999
21.233242485005 21.2320710022851 21.2308865319519 21.229565691679 21.2283812213459 21.2273461085657 21.2261616382325 21.224826511585 21.2236550288651 21.2226199160849 21.2212718018242 21.220087331491 21.2188885747832 21.2176911168367 21.2165053477422 21.2153078897957 21.2141221207012 21.2129103763801 21.2117116196723 21.2104998753512 21.20928813103 21.2080893743222 -9999 -9999 -9999 -9999 -9999 -9999 -9999 -9999 -9999 -9999 -9999 -9999 -9999 -9999 -9999 -9999 -9999 -9999 -9999 -9999 -9999 -9999 -9999 -9999 -9999 -9999 -9999 -9999 -9999
21.2330113054882 21.2318398227683 21.2305059948821 21.2293474997756 21.228177315817 21.2271422030368 21.2258070763893 21.2246226060562 21.2234368369617 21.2222523666285 21.2210808839086 21.2198964135754 21.2187119432423 21.2175131865344 21.2163287162013 21.2151299594935 21.2139312027856 21.2127337448392 21.2113986181917 21.2103505177982 21.2091517610904 21.2079400167693 -9999 -9999 -9999 -9999 -9999 -9999 -9999 -9999 -9999 -9999 -9999 -9999 -9999 -9999 -9999 -9999 -9999 -9999 -9999 -9999 -9999 -9999 -9999 -9999 -9999 -9999 -9999 -9999 -9999
21.2327931135847 21.2314722733118 21.230300790592 21.2291163202588 21.2279448375389 21.2267876411937 21.2256031708605 21.2244316881406 21.2232472178074 21.2220614487129 21.2208769783798 21.2196925080466 21.2185080377134 21.2171871974406 21.2161520846604 21.2149663155658 21.2137688576194 21.2124337309719 21.2112349742641 21.2101868738706 21.2089881171628 -9999 -9999 -9999 -9999 -9999 -9999 -9999 -9999 -9999 -9999 -9999 -9999 -9999 -9999 -9999 -9999 -9999 -9999 -9999 -9999 -9999 -9999 -9999 -9999 -9999 -9999 -9999 -9999 -9999 -9999
21.2324528381162 21.231268367783 21.2300968850631 21.2289254023432 21.2277539196234 21.2265837356648 21.2254122529449 21.2242550565997 21.2230692875052 21.221884817172 21.2207133344521 21.219528864119 21.2181937374715 21.2170092671383 21.2159741543581 21.2148039703996 21.2134688437521 21.2122843734189 21.2110856167111 21.2100505039309 -9999 -9999 -9999 -9999 -9999 -9999 -9999 -9999 -9999 -9999 -9999 -9999 -9999 -9999 -9999 -9999 -9999 -9999 -9999 -9999 -9999 -9999 -9999 -9999 -9999 -9999 -9999 -9999 -9999 -9999 -9999
21.2322073722247 21.2310371882662 21.2298929795343 21.2287214968144 21.2274006565415 21.2263785313746 21.2252083474161 21.2240368646962 21.2227160244234 21.2216809116432 21.2205237152979 21.2193522325781 21.2180171059306 21.2168456232107 21.2158105104305 21.2144766825443 21.2132922122112 21.2121207294913 21.2109362591581 -9999 -9999 -9999 -9999 -9999 -9999 -9999 -9999 -9999 -9999 -9999 -9999 -9999 -9999 -9999 -9999 -9999 -9999 -9999 -9999 -9999 -9999 -9999 -9999 -9999 -9999 -9999 -9999 -9999 -9999 -9999 -9999
21.2319904790826 21.2308189963627 21.2296605012562 21.2283539473579 21.2271967510127 21.2261746258458 21.2250031431259 21.2236823028531 21.2225251065078 21.2214899937276 21.2203185110078 21.2189976707349 21.2178404743897 21.2166689916698 21.2156338788896 21.2143130386167 21.2131285682836 21.2119570855637 -9999 -9999 -9999 -9999 -9999 -9999 -9999 -9999 -9999 -9999 -9999 -9999 -9999 -9999 -9999 -9999 -9999 -9999 -9999 -9999 -9999 -9999 -9999 -9999 -9999 -9999 -9999 -9999 -9999 -9999 -9999 -9999 -9999
