app/data/climate/rcp85/2100/Temperature.asc
ncols        365
nrows        372
xllcorner    10.224615574000
yllcorner    43.742729801000
cellsize     0.000500000000
NODATA_value  -9999
[rows 88 to 109 of 372, columns 51 to 101 of 365]
21.4633141583726 21.4641713408505 21.4648389041743 21.4656830990389 21.4664324843265 21.4672766791911 21.468011778104 21.4686663538145 21.4693871663528 21.4702040872295 21.4709261985291 21.4716885714299 21.4723158731524 21.4729964240895 21.473773083365 21.474453634302 21.4751211976258 21.4756926526111 21.476427751524 21.4770823272344 21.4777498905582 21.4783616071447 21.4789746224926 21.4795746502271 21.4801733792004 21.4807448341857 21.4813175879323 21.4818617689297 21.4824345226763 21.4829657160604 21.4834696354565 21.4839735548527 21.4844631878742 21.4849398332824 21.4854034910773 21.4858931240988 21.4862749599298 21.4866827709875 21.4870775944319 21.4874996918643 21.487868540082 21.488167255188 21.4884945430432 21.4888348185117 21.4891075583911 21.4893660118958 21.4895842037993 21.489842657304 21.4900465628329 21.4902244931351 21.4903868383014
21.4624284031453 21.4632180500341 21.4639128873458 21.4646895466213 21.4654791935101 21.4663506623627 21.4671948572273 21.4678624205511 21.4686118058386 21.4694560007033 21.4701910996162 21.4709261985291 21.4715664878649 21.4723834087416 21.4731457816425 21.4738549053288 21.4745484438791 21.4752302935775 21.4759108445145 21.4765784078383 21.477245971162 21.4778849617365 21.4785252510723 21.4791928143961 21.4798058297439 21.4804188450918 21.4810864084155 21.4815903278117 21.482161782797 21.482720250169 21.4833332655169 21.4838228985384 21.4843411043091 21.4848450237053 21.4853892047026 21.4858658501108 21.4862606735552 21.4867100449755 21.4871866903837 21.4875958002027 21.4879906236471 21.4883179115023 21.4887127349467 21.4890530104152 21.4893789995091 21.4896790133764 21.4899517532557 21.4901829327725 21.4904283986639 21.4906465905674 21.4908362097216
21.461325754776 21.4622374852298 21.4629466089161 21.4637635297928 21.4646622726334 21.4654649071354 21.4662558527856 21.4669493913359 21.4678208601885 21.4686663538145 21.4694417143286 21.4701910996162 21.470953472517 21.4716885714299 21.4724249691042 21.4731600680171 21.4738821793167 21.4746445522176 21.4753523771425 21.4760472144542 21.4767277653913 21.4774901382921 21.4780628920387 21.4787161689879 21.479369445937 21.4801188312245 21.4807318465724 21.4812630399565 21.4818617689297 21.4825163446401 21.4830877996254 21.4835774326469 21.4841229124056 21.4847359277535 21.4852671211376 21.4857567541591 21.486193137966 21.4867243313501 21.4871737027704 21.4876230741906 21.488045171623 21.4884399950674 21.4888348185117 21.4892023679682 21.4895426434367 21.4898699312919 21.4901829327725 21.4904829466398 21.4907414001445 21.4909998536492 21.4912180455527
21.4603036296091 21.4611478244737 21.461884222148 21.4629050485535 21.4637362558049 21.4645531766816 21.4653700975583 21.4661870184351 21.4669909516985 21.4677805985873 21.468570245476 21.4693598923648 21.4702040872295 21.4709677588917 21.4717301317925 21.4724795170801 21.4733237119447 21.4739640012805 21.4746848138188 21.4754069251184 21.4762654063577 21.476958944908 21.4775589726426 21.4782395235797 21.4789889088672 21.4796421858163 21.4802954627654 21.4808409425241 21.4815903278117 21.4821890567849 21.4827877857582 21.4833059915289 21.4839462808647 21.4845047482367 21.4850489292341 21.4855801226182 21.4861113160022 21.4866152353984 21.4870918808066 21.4875685262148 21.488017897635 21.4884529826807 21.4888620924997 21.4892712023187 21.4896387517752 21.4900465628329 21.4903465767001 21.4906595781807 21.490959592048 21.4912725935286 21.49151805942
21.4593776127806 21.4602360940199 21.4610932764979 21.4619517577372 21.4627959526018 21.4637219694303 21.4645531766816 21.465384383933 21.4662013048097 21.4670182256864 21.4678351465631 21.4687338894037 21.4694287267153 21.4702859091933 21.4710625684688 21.4719340373214 21.4726964102222 21.4733509859326 21.4740990724589 21.4749302797102 21.4756653786231 21.4763874899227 21.4770550532465 21.4778447001353 21.4785395374469 21.4792071007707 21.4798733653331 21.4805409286568 21.4811812179927 21.4818215073285 21.4824747842776 21.4830748120121 21.4836735409854 21.4842592823453 21.4848177497173 21.4853762170893 21.4859203980867 21.4864373050961 21.4869684984802 21.487459430263 21.4879906236471 21.4883984347048 21.4888348185117 21.4892569159441 21.489720573739 21.4901011108087 21.4904141122893 21.4907543877578 21.4911232359756 21.4914219510816 21.4916946909609
21.4583425000004 21.459213968853 21.4600997240802 21.4609711929328 21.4618426617854 21.4627011430247 21.4636544338411 21.4644038191286 21.4653298359571 21.4661597444471 21.4671000476502 21.4679169685269 21.4686247934519 21.4694417143286 21.4703404571692 21.4711314028193 21.4719755976839 21.472656148621 21.4735276174736 21.4742770027611 21.4750250892873 21.4757744745749 21.4765095734878 21.4772316847874 21.4779940576882 21.4786888949999 21.4793837323116 21.4800642832486 21.4807318465724 21.4813851235215 21.4820254128573 21.4826657021931 21.483278717541 21.4839319944901 21.48451773585 21.4851710127991 21.485661944582 21.4862061255793 21.486751605338 21.4873230603233 21.4878269797195 21.4882633635264 21.4887400089346 21.4892439283308 21.4896660257631 21.4900738368208 21.4904283986639 21.4907959481204 21.4911907715648 21.49151805942 21.491816774526
21.4572125776431 21.4582204164354 21.4590100633242 21.4599906281285 21.4608763833557 21.46185694816 21.4627284170126 21.4634907899135 21.4643492711528 21.4653155495825 21.4661597444471 21.4670727736623 21.4678078725752 21.4687338894037 21.4695508102804 21.4703677311571 21.4711716644205 21.4719613113093 21.4727509581981 21.4735951530627 21.4743588247249 21.4751211976258 21.4758705829133 21.4766186694395 21.4773537683524 21.4780758796521 21.4788798129155 21.4795330898646 21.4802279271763 21.4809084781133 21.4816578634008 21.4822293183862 21.482869607722 21.4835098970578 21.4841229124056 21.4848307373306 21.4853489431014 21.4859203980867 21.4864788654587 21.4870918808066 21.487608787816 21.4880581592363 21.4885490910191 21.4890932720165 21.4895569298114 21.489992014857 21.4903595643134 21.4907959481204 21.4911777839515 21.4915310470333 21.4918583348885
21.4563138348026 21.4572268640177 21.4580165109065 21.4589152537471 21.4599360801526 21.460916644957 21.4618024001842 21.462564773085 21.4634505283122 21.4644168067419 21.4652882755945 21.4661467568338 21.4668818557467 21.4678351465631 21.468746877017 21.469565096655 21.470395005145 21.4711989384084 21.4720158592852 21.4728055061739 21.4735951530627 21.4743718123382 21.4752160072029 21.4759653924904 21.4767277653913 21.4774628643042 21.4782940715555 21.4789200745167 21.479629198203 21.480337023128 21.4811539440047 21.481752672978 21.4824072486884 21.4830605256375 21.4837826369371 21.4844086398983 21.4849398332824 21.4855385622556 21.486220411954 21.4867918669393 21.487337346698 21.4877997057315 21.4883854470915 21.488875080113 21.4893517255212 21.4898153833161 21.4902777423496 21.4907011385433 21.4910959619877 21.4914764990574 21.4918310609006
21.4553059960103 21.4562320128388 21.4570359461022 21.457947676556 21.4589698017229 21.4598815321768 21.4607802750173 21.4615569342928 21.4626465950488 21.4635180639014 21.4644038191286 21.4652610016066 21.4661324704592 21.4669909516985 21.4678351465631 21.4686793414278 21.4695923706429 21.470422279133 21.4712392000097 21.4720574196477 21.4728600541498 21.4737587969903 21.474453634302 21.4752302935775 21.4759926664784 21.4769186833068 21.4776680685944 21.4783070591688 21.4790434568431 21.4798460913452 21.4805552150315 21.4811682303793 21.4818487813164 21.4826514158185 21.4833189791422 21.483959268478 21.4845047482367 21.4851982867871 21.4858113021349 21.4863970434949 21.4869684984802 21.4875542398401 21.4880854332242 21.488603638995 21.4891075583911 21.4895971914126 21.4900608492075 21.4904959342531 21.4909180316854 21.4913401291178 21.4917622265501
21.4543397175806 21.4552657344091 21.4561644772496 21.4571995900298 21.4581113204836 21.4590243496988 21.4599360801526 21.4608348229931 21.4617335658337 21.4626193210609 21.4635855994906 21.4644713547178 21.4653428235704 21.466214292423 21.4670727736623 21.4679299561402 21.4688832469566 21.4696196446309 21.4705183874714 21.4713482959614 21.4722743127899 21.4730782460533 21.4737860709783 21.4745757178671 21.4754614730943 21.4762381323698 21.4770680408598 21.4777226165702 21.4785668114349 21.4793019103478 21.4800240216474 21.4806500246086 21.4814396714974 21.4821215211957 21.4828020721328 21.4835098970578 21.4841501863936 21.4847904757294 21.4854164786906 21.4860152076638 21.4866009490237 21.4871737027704 21.4877321701424 21.4883036251277 21.4888348185117 21.4893932858837 21.4898153833161 21.4902777423496 21.4907141261566 21.4911907715648 21.4915855950092
21.4534137007522 21.4543397175806 21.4552514480345 21.4561774648629 21.4571853036552 21.4580983328703 21.4590100633242 21.4599088061647 21.4608218353798 21.4617205782204 21.4626050346863 21.4636128734785 21.464389532754 21.4653428235704 21.466214292423 21.467181869614 21.468039052092 21.4687884373795 21.4696326322442 21.4705859230606 21.4714171303119 21.4723158731524 21.4730236980774 21.4739367272926 21.4747263741814 21.4755160210702 21.4763056679589 21.4770680408598 21.4778304137606 21.4786486333987 21.4793837323116 21.4801188312245 21.4808409425241 21.4815357798358 21.4822293183862 21.4829111680845 21.4835774326469 21.4842865563333 21.4849268456691 21.4855528486302 21.4862333995673 21.486751605338 21.4873230603233 21.4878815276954 21.4884945430432 21.4890530104152 21.4894880954609 21.489964740869 21.4904829466398 21.4909180316854 21.4913401291178
21.4525279455249 21.4534409747401 21.4543527051939 21.4552787220224 21.4561917512375 21.4571034816914 21.4581385944716 21.4590100633242 21.4599088061647 21.4608218353798 21.4618296741721 21.4627284170126 21.4635037775268 21.464389532754 21.4653700975583 21.4663233883747 21.4671948572273 21.4679442425149 21.4689105209446 21.4697690021839 21.4706131970485 21.4714444042999 21.4722743127899 21.4730912336666 21.4739769888938 21.4747809221572 21.475570569046 21.4763602159348 21.4771368752103 21.4778992481111 21.478661621012 21.4793967199249 21.4802006531883 21.4809227644879 21.4816305894129 21.4824072486884 21.4830059776616 21.4836735409854 21.4843411043091 21.4850619168474 21.4857294801711 21.4862606735552 21.4868607012898 21.4875139782389 21.4880581592363 21.488603638995 21.4890530104152 21.4896244654005 21.4901426711713 21.4905920425916 21.4910271276372
21.4516292026844 21.4526370414767 21.4535085103293 21.4544072531698 21.455320282385 21.4563411087905 21.4572398516311 21.4580437848945 21.458942527735 21.4599633541406 21.4609439189449 21.4618426617854 21.4626193210609 21.4636128734785 21.4644986287057 21.465384383933 21.4662558527856 21.4671273216382 21.4680663260799 21.4689248073192 21.4697819897972 21.4706274834231 21.4714573919132 21.4722885991645 21.4731185076545 21.4739367272926 21.4749172920969 21.4756108306473 21.476400477536 21.4771771368115 21.4780356180508 21.4787031813746 21.4794512679008 21.480187665575 21.4810045864517 21.4817799469659 21.4823929623138 21.4830748120121 21.483837184913 21.4844904618621 21.4851307511979 21.4856749321953 21.486369769507 21.4870100588428 21.4875815138281 21.4881399812001 21.488603638995 21.4891893803549 21.489693299751 21.4901699451592 21.4906193165795
21.4509759257353 21.4518603822012 21.4526227551021 21.4535085103293 21.4545163491215 21.4554969139259 21.4563956567664 21.4571723160419 21.4581931424474 21.459091885288 21.4599906281285 21.4608763833557 21.4617751261962 21.4627414046259 21.4636271598532 21.4645116163191 21.4653973715463 21.4662688403989 21.4671403092515 21.4679987904907 21.4688559729687 21.4698910857489 21.4706404710364 21.4714716782878 21.4723015867778 21.4732276036063 21.474044524483 21.4747536481693 21.4755562826714 21.4764147639107 21.4773005191379 21.4779667837003 21.4787304553625 21.4794785418887 21.4803097491401 21.481044848053 21.4816578634008 21.4823656883258 21.4831968955772 21.4838644589009 21.4845307234633 21.4850891908353 21.4857983145216 21.4863970434949 21.4869957724681 21.4875685262148 21.488167255188 21.4886984485721 21.4892166543428 21.4897062873643 21.4901829327725
21.4503486240128 21.4511928188775 21.451942204165 21.4528136730176 21.4537942378219 21.4546799930492 21.4556332838655 21.4564086443797 21.457416483172 21.4583022383992 21.4592009812397 21.4600867364669 21.4609854793075 21.4618699357733 21.4627556910006 21.4637219694303 21.4645934382829 21.4654791935101 21.4663506623627 21.4672221312153 21.4680806124545 21.4690468908842 21.4697819897972 21.4707080066256 21.4715535002516 21.4724795170801 21.4733094255701 21.4740172504951 21.4748354701331 21.4757342129736 21.4765238598624 21.47727324515 21.4780486056641 21.4789070869034 21.4796421858163 21.4803915711039 21.481017574065 21.4818215073285 21.4825163446401 21.4832644311664 21.4839319944901 21.4845852714392 21.485225560775 21.4858528624975 21.4864515914708 21.4870373328307 21.487608787816 21.4882088155506 21.4887400089346 21.4892439283308 21.4897881093281
21.4496810606891 21.4505395419284 21.451261653228 21.4522006576697 21.453059138909 21.4539176201483 21.4547748026263 21.4556462714788 21.4565177403314 21.4574710311478 21.4583567863751 21.4592412428409 21.4601269980682 21.4610127532954 21.461884222148 21.4627686786139 21.4637635297928 21.4646077246575 21.4654791935101 21.4663506623627 21.4673169407924 21.4681754220317 21.4689248073192 21.4697819897972 21.4707222930003 21.4715664878649 21.4724652307054 21.473187342005 21.4741133588335 21.4749172920969 21.475719926599 21.476400477536 21.4772862327633 21.4780486056641 21.4788798129155 21.479629198203 21.4803642971159 21.4810864084155 21.4817942333405 21.4825020582655 21.4831826092026 21.4838501725263 21.4845579974513 21.4851982867871 21.4858113021349 21.486491853072 21.4869957724681 21.4875542398401 21.4880997195988 21.4886854609588 21.4892296419561
21.4491641536796 21.4499135389672 21.4506888994813 21.4514928327447 21.4523643015973 21.4531955088487 21.4540254173387 21.454883898578 21.4557280934427 21.4565995622952 21.4574580435345 21.4584386083389 21.4592828032035 21.4601542720561 21.4610257409087 21.4620205920877 21.4628920609402 21.4636544338411 21.4645259026937 21.4654921811234 21.4664454719398 21.4673039531791 21.4680533384666 21.469006629283 21.469863811761 21.4706950190123 21.471539213877 21.4723561347537 21.4732691639688 21.4740717984709 21.4748757317344 21.4756796649978 21.4764693118866 21.477245971162 21.4780083440629 21.4787707169637 21.4795058158766 21.4803227367534 21.4810318604397 21.4817396853647 21.4825293322534 21.4831150736134 21.4837826369371 21.4844229262729 21.4851307511979 21.4858113021349 21.4863295079057 21.486900962891 21.4875269658522 21.4880581592363 21.4885620786324
21.4487147822594 21.449409619571 21.450144718484 21.4508941037715 21.4516694642857 21.4524604099358 21.4534266883655 21.4541487996651 21.4549787081551 21.4558242017811 21.4567774925975 21.4576346750754 21.458384060363 21.4592412428409 21.460208820032 21.4611621108484 21.4620205920877 21.4627829649885 21.4637492434182 21.4646207122708 21.4654791935101 21.4663376747494 21.4671948572273 21.4681351604304 21.4689793552951 21.4698235501597 21.4706547574111 21.4714846659011 21.4723158731524 21.4731327940292 21.4739367272926 21.4748211837585 21.4756108306473 21.476400477536 21.4771771368115 21.4780356180508 21.4786888949999 21.4794382802875 21.4801603915871 21.481044848053 21.4817396853647 21.4823384143379 21.4830202640363 21.4837553629492 21.484395652285 21.4850216552462 21.4855528486302 21.4862749599298 21.4868334273018 21.4873776082992 21.4878945153087
21.448319958815 21.4490693441025 21.4496680730758 21.4503629103874 21.4510980093004 21.451942204165 21.4527188634405 21.4534137007522 21.454203347641 21.4551839124453 21.4560138209353 21.4568450281867 21.4575801270996 21.458533417916 21.4593776127806 21.4602360940199 21.4610932764979 21.4619517577372 21.4628777745656 21.4637362558049 21.4645934382829 21.4654519195221 21.4663104007614 21.4671545956261 21.4679987904907 21.4688429853554 21.469863811761 21.4706002094352 21.4714171303119 21.4722340511886 21.4731600680171 21.4738549053288 21.4746575398309 21.4754471867197 21.476400477536 21.4771771368115 21.4778447001353 21.4785797990482 21.4794110062995 21.4801331175992 21.4808409425241 21.481453957872 21.4822981527367 21.4829657160604 21.4836189930095 21.4842449959707 21.4848580113186 21.4854580390531 21.4860294940384 21.4865879614104 21.4871866903837
21.4481290408994 21.4487147822594 21.4492459756434 21.4499408129551 21.4507161734693 21.4514252971556 21.4521603960685 21.4528279593922 21.4536994282448 21.4544890751336 21.4552787220224 21.4561644772496 21.4569813981263 21.4578113066164 21.4586425138677 21.4594867087324 21.4603179159837 21.4611750984617 21.4620205920877 21.4629466089161 21.4637908037808 21.4647440945972 21.4654921811234 21.4663376747494 21.467181869614 21.4681208740558 21.4689520813071 21.46968718022 21.4706002094352 21.471511939889 21.4723288607658 21.4730379844521 21.4738406189541 21.4746302658429 21.4755160210702 21.476278393971 21.4770277792586 21.4777901521594 21.4786213594108 21.4793564583237 21.4800642832486 21.4806772985965 21.481453957872 21.482134508809 21.482869607722 21.4834969094445 21.4841229124056 21.4847216413789 21.4853073827388 21.4858658501108 21.4864113298695
21.4478978613826 21.4484147683921 21.4489057001749 21.4495044291482 21.4502122540731 21.4508668297836 21.4516149163098 21.4522422180323 21.453059138909 21.4538215118099 21.4545838847107 21.4553735315995 21.4561644772496 21.4569671117517 21.4578528669789 21.4586697878556 21.4594867087324 21.4603179159837 21.4611621108484 21.4619933180997 21.4628375129644 21.4637765174061 21.4645934382829 21.4654246455342 21.4662688403989 21.467209143602 21.468039052092 21.4687611633916 21.4695923706429 21.4705041010968 21.4714028439373 21.4721106688623 21.4729146021257 21.4738133449662 21.4745900042417 21.4753666635172 21.4760329280796 21.4768914093189 21.4776407946064 21.4784577154831 21.4791798267828 21.4798876517077 21.4805824890194 21.4812487535818 21.4819163169056 21.482570892616 21.4831968955772 21.4838917328889 21.4844774742488 21.4850489292341 21.485661944582
21.4477472050683 21.4481965764886 21.4486199726823 21.4492316892688 21.4498044430154 21.4504174583633 21.4510564489378 21.4517240122615 21.4524733975491 21.4531955088487 21.4539306077616 21.4546799930492 21.45544236595 21.4562190252255 21.4570086721143 21.4577983190031 21.4587100494569 21.4594867087324 21.4603036296091 21.4611348368604 21.4620608536889 21.4628920609402 21.4636128734785 21.4644440807299 21.4653700975583 21.4662831267735 21.4671130352635 21.4678208601885 21.468746877017 21.469565096655 21.4703820175317 21.4710768548434 21.4719755976839 21.4728600541498 21.4736497010386 21.4744263603141 21.4751887332149 21.4759511061158 21.4767004914033 21.4774355903162 21.4781577016159 21.4789616348793 21.479656472191 21.480337023128 21.481017574065 21.4817396853647 21.4822981527367 21.4829241556978 21.4835241834324 21.4842449959707 21.4848034633427
