app/data/climate/rcp45/2100/Precipitation.asc
ncols        365
nrows        372
xllcorner    10.224615574000
yllcorner    43.742729801000
cellsize     0.000500000000
NODATA_value  -9999
[rows 22 to 43 of 372, columns 51 to 101 of 365]
-9999 -9999 -9999 -9999 -9999 -9999 -9999 -9999 -9999 -9999 -9999 -9999 -9999 -9999 -9999 -9999 -9999 -9999 -9999 -9999 -9999 -9999 -9999 -9999 -9999 -9999 -9999 -9999 -9999 -9999 -9999 -9999 924.799319444446 925.626792109616 926.357935149945 927.307571833794 928.160878892802 929.022559858778 929.892733510545 930.869867491744 931.757026515092 932.652262498352 933.555872388581 934.467499849311 935.387323048777 936.315104429332 937.250784601567 938.295206785568 939.246922098806 940.206536203723 941.173870932087
-9999 -9999 -9999 -9999 -9999 -9999 -9999 -9999 -9999 -9999 -9999 -9999 -9999 -9999 -9999 -9999 -9999 -9999 -9999 -9999 -9999 -9999 -9999 -9999 -9999 -9999 -9999 -9999 -9999 -9999 -9999 922.817138458821 923.633208357056 924.458067888136 925.389353243948 926.231435704254 927.082070239761 927.941019292826 928.808282863448 929.683920341038 930.567872336186 931.459960680657 932.459900195726 933.482585855256 934.284936799521 935.209511151876 936.141865517088 937.08211867398 938.030151843728 938.985905636922 940.051648619516
-9999 -9999 -9999 -9999 -9999 -9999 -9999 -9999 -9999 -9999 -9999 -9999 -9999 -9999 -9999 -9999 -9999 -9999 -9999 -9999 -9999 -9999 -9999 -9999 -9999 -9999 -9999 -9999 -9999 -9999 -9999 921.74355607396 922.557547342805 923.379912518618 924.210889159044 925.050239706438 925.898142329034 926.853361617529 927.826694676415 928.59091761874 929.471900143331 930.361078406657 931.258333629896 932.277158977702 933.076659230234 934.098929163885 935.028135890308 936.082832442432 936.909889381724 937.862198589074 938.82228780928
-9999 -9999 -9999 -9999 -9999 -9999 -9999 -9999 -9999 -9999 -9999 -9999 -9999 -9999 -9999 -9999 -9999 -9999 -9999 -9999 -9999 -9999 -9999 -9999 -9999 -9999 -9999 -9999 -9999 -9999 919.958250986206 920.761670939871 921.573702358149 922.394167072807 923.223065083844 924.060277612438 924.905864048 925.759765001119 926.830021578958 927.592225281304 928.470654061217 929.357278579865 930.36440421368 931.267954714498 932.065079390584 932.983299075949 934.12773302828 935.062819306403 935.887322501017 936.836721627221 937.913986155573
-9999 -9999 -9999 -9999 -9999 -9999 -9999 -9999 -9999 -9999 -9999 -9999 -9999 -9999 -9999 -9999 -9999 -9999 -9999 -9999 -9999 -9999 -9999 -9999 -9999 -9999 -9999 -9999 -9999 917.981949552283 918.774738801357 919.576020736222 920.385914135699 921.406402387017 922.130240529778 922.965315039572 923.8085852881 924.767011604795 925.627623561371 926.387273519039 927.263148554274 928.358942578895 929.251802985711 930.152680963028 930.947251894436 931.977598788 932.901698025067 933.83357727499 934.655110999047 935.823003768771 936.777866720799
-9999 -9999 -9999 -9999 -9999 -9999 -9999 -9999 -9999 -9999 -9999 -9999 -9999 -9999 -9999 -9999 -9999 -9999 -9999 -9999 -9999 -9999 -9999 -9999 -9999 -9999 -9999 -9999 916.206146770309 916.891441185251 917.682626920225 918.482186562168 919.391676004098 920.208933690554 920.930811982748 921.763510916097 922.810783791831 923.661061990872 924.519238981592 925.27675092046 926.259823842771 927.141994155584 928.032003870666 928.929852988016 929.937928852409 930.851397384885 931.772645930217 932.701555709584 933.637948554752 934.581943244545 935.533361610727
-9999 -9999 -9999 -9999 -9999 -9999 -9999 -9999 -9999 -9999 -9999 -9999 -9999 -9999 -9999 -9999 -9999 -9999 -9999 -9999 -9999 -9999 -9999 -9999 -9999 -9999 -9999 -9999 915.010103419713 915.693913099377 916.583685256815 917.481771931809 918.288992807786 919.10452820132 919.824684200592 920.759770478716 921.599596141399 922.447498763995 923.303359567681 924.268972003122 925.140867947811 926.020543905358 926.908178043995 927.803473416667 928.706311244551 929.616988474703 930.535267549479 931.564604823055 932.498146976489 933.439172195725 934.387680480763
-9999 -9999 -9999 -9999 -9999 -9999 -9999 -9999 -9999 -9999 -9999 -9999 -9999 -9999 -9999 -9999 -9999 -9999 -9999 -9999 -9999 -9999 -9999 -9999 -9999 -9999 -9999 913.133991922353 913.90629182459 914.588973105443 915.475953960558 916.273197415466 917.078577219698 917.993411708629 918.815242379743 919.645150010768 920.482897044062 921.328899205502 922.182503211566 923.044124788132 923.913645156376 924.893570439897 925.778650833856 926.783697838282 927.572092270933 928.480096977585 929.395762918272 930.434721276449 931.249484607639 932.291887551661 933.237485755553
-9999 -9999 -9999 -9999 -9999 -9999 -9999 -9999 -9999 -9999 -9999 -9999 -9999 -9999 -9999 -9999 -9999 -9999 -9999 -9999 -9999 -9999 -9999 -9999 -9999 -9999 911.261562568483 912.125500332082 912.896731224919 913.676217245901 914.463899005619 915.259835893483 916.063849741259 916.87599993836 917.696048927139 918.626384052373 919.462468182156 920.306629271851 921.265649482657 922.018291489813 922.88585200749 923.76095498038 924.643897355538 925.749846969462 926.536281551546 927.442088849986 928.355379214228 929.391724438316 930.204349750705 931.139792365295 932.082599266865
-9999 -9999 -9999 -9999 -9999 -9999 -9999 -9999 -9999 -9999 -9999 -9999 -9999 -9999 -9999 -9999 -9999 -9999 -9999 -9999 -9999 -9999 -9999 -9999 -9999 -9999 910.145754312313 910.907661067604 911.677704172218 912.557855245053 913.344349216549 914.138801369135 914.941449260455 915.853908172941 916.570560196957 917.396904463315 918.231325689586 919.073348760481 920.133330970195 920.884310073839 921.749732572717 922.622935084451 923.614263134907 924.503382008822 925.287559793284 926.190872736457 927.320637504241 928.239748030772 929.050116545539 929.98294602604 931.041146553421
-9999 -9999 -9999 -9999 -9999 -9999 -9999 -9999 -9999 -9999 -9999 -9999 -9999 -9999 -9999 -9999 -9999 -9999 -9999 -9999 -9999 -9999 -9999 -9999 -9999 908.270236709064 909.022997495042 909.783775851521 910.649614076276 911.330038559507 912.115225963958 912.90843093891 913.913240385691 914.723430732224 915.438716799784 916.263635720275 917.096275264213 918.042229804572 918.891438994213 919.640577026112 920.608030533298 921.58854971093 922.468225668477 923.355206523591 924.137424457486 925.151617431225 926.06086931551 926.977426097364 927.891013408661 928.938226894984 929.876698369542
-9999 -9999 -9999 -9999 -9999 -9999 -9999 -9999 -9999 -9999 -9999 -9999 -9999 -9999 -9999 -9999 -9999 -9999 -9999 -9999 -9999 -9999 -9999 -9999 906.294232222197 907.037965817684 907.789835762495 908.748618415656 909.517889457926 910.197363710579 910.98154149504 911.773677460592 912.67408032262 913.482785933875 914.196884213212 915.124131089068 916.059573703659 916.899399366342 917.746826873649 918.494539559681 919.464368643312 920.334364126845 921.211723897358 922.201685991359 923.094130672297 923.993939640214 924.900875337465 925.815175321696 926.736602035262 927.665274256985 928.601073208042
-9999 -9999 -9999 -9999 -9999 -9999 -9999 -9999 -9999 -9999 -9999 -9999 -9999 -9999 -9999 -9999 -9999 -9999 -9999 -9999 -9999 -9999 -9999 -9999 905.157578282723 905.900896152332 906.652290981854 907.507023386729 908.27528480901 908.95410577814 909.841205412077 910.731749631859 911.531487442034 912.339064654478 913.051915756182 913.97720278147 914.807763696018 915.64592645519 916.596394590795 917.449761039214 918.310491774612 919.178764965223 920.054283663991 920.937344817972 921.827532701287 922.724966092759 923.735892648886 924.647995224906 925.56722453026 926.493580564949 927.427003939561
-9999 -9999 -9999 -9999 -9999 -9999 -9999 -9999 -9999 -9999 -9999 -9999 -9999 -9999 -9999 -9999 -9999 -9999 -9999 -9999 -9999 -9999 -9999 903.474719929156 904.118204198668 904.861046952988 905.706277052084 906.466164567396 907.233891484977 907.911999781174 908.792685358709 909.688337067848 910.487184036856 911.293870408133 912.107980455801 912.929811126914 913.759124863828 914.595981055956 915.440379703295 916.292023858792 917.256804842477 918.123474518988 918.997508482478 919.989371037634 920.767312933928 921.663024032478 922.565921249773 923.696873805779 924.499878033566 925.424274217688 926.3555595735
-9999 -9999 -9999 -9999 -9999 -9999 -9999 -9999 -9999 -9999 -9999 -9999 -9999 -9999 -9999 -9999 -9999 -9999 -9999 -9999 -9999 -9999 901.492360775298 902.219881061548 902.863068384005 903.699033734965 904.555369653941 905.314663275142 906.081677519789 906.856590556116 907.639105437066 908.429459720284 909.227237679892 910.032676873536 910.951134116545 911.771836388847 912.599962337539 913.435511962622 914.384317194715 915.128763463136 915.986405949156 916.851234553921 917.939426733919 918.81987475381 919.596094357181 920.489904994575 921.390842361303 922.412815347899 923.213919114531 924.135999111619 925.172641282762
-9999 -9999 -9999 -9999 -9999 -9999 -9999 -9999 -9999 -9999 -9999 -9999 -9999 -9999 -9999 -9999 -9999 -9999 -9999 -9999 -9999 -9999 900.334742373698 901.062262659949 901.797681737879 902.540880828666 903.291978711132 904.050797217044 904.817455125224 905.697368640415 906.479170848432 907.268574901072 908.065699577159 908.971388096777 909.682338737324 910.501793831992 911.328672603051 912.374045017629 913.216602593224 913.959801684011 914.816078213576 915.679422083063 916.659347366585 917.538013704142 918.312629793413 919.311856635549 920.323852201076 921.230787898328 922.030169372037 922.950051960913 923.99322696728
-9999 -9999 -9999 -9999 -9999 -9999 -9999 -9999 -9999 -9999 -9999 -9999 -9999 -9999 -9999 -9999 -9999 -9999 -9999 -9999 -9999 898.344187481105 899.063868365088 899.897576918425 900.632995996355 901.37607630832 902.126877243731 902.885339413176 903.747792441497 904.42518806476 905.206515157488 906.101751140749 906.998115522821 907.802723264708 908.512901842911 909.331466096412 910.260969769891 911.095094049106 911.936226278834 912.67829697081 913.640227262761 914.610472072269 915.480467555803 916.35753037926 917.130721122664 918.132620488301 919.030766552706 919.935801788802 920.841549697831 921.874866061952 922.800509423707
-9999 -9999 -9999 -9999 -9999 -9999 -9999 -9999 -9999 -9999 -9999 -9999 -9999 -9999 -9999 -9999 -9999 -9999 -9999 -9999 896.459642687366 897.171721726725 897.891521389529 898.710679537142 899.354520143121 900.097541065675 900.955064772873 901.808728168347 902.575326687117 903.252484752735 904.033277340763 904.920555142933 905.717085924908 906.521040383273 907.337466617974 908.155140030309 909.083693473209 909.916689353614 910.756811963353 911.497813645928 912.458496760246 913.319940168577 914.296361476843 915.17188017561 916.054525603713 916.944000814095 917.840365196167 918.743618749929 919.653583307148 920.57061520429 921.603159506066
-9999 -9999 -9999 -9999 -9999 -9999 -9999 -9999 -9999 -9999 -9999 -9999 -9999 -9999 -9999 -9999 -9999 -9999 -9999 -9999 895.387366869549 896.099683466552 896.910348928374 897.639116392259 898.28307577706 899.026096699614 899.776719466791 900.63008591521 901.504060489289 902.180862218441 902.961239080591 903.848101156883 904.644156823569 905.447457998412 906.156211230748 907.075737483158 908.008388795425 908.840553224074 909.679784992646 910.526143490553 911.379509938972 912.239765559081 913.107029129703 913.981300650838 914.970965797783 915.859075051709 916.754073477325 917.655782906398 918.564262728339 919.479512943148 920.401355382591
-9999 -9999 -9999 -9999 -9999 -9999 -9999 -9999 -9999 -9999 -9999 -9999 -9999 -9999 -9999 -9999 -9999 -9999 -9999 893.387725397054 894.093034043545 894.805885145249 895.72499567178 896.454000693309 897.098019467522 897.841218558309 898.68621109976 899.445207773905 900.21156873503 900.888192295949 901.766264739395 902.662629121467 903.458209672864 904.260916953595 905.070929131895 905.887889871296 906.712036729443 907.543310316925 908.381354297275 909.335148239902 910.187445678921 911.04663228963 911.912589293207 912.895068321407 913.665230204844 914.55179533408 915.445130856185 916.5675907264 917.361389595464 918.274976906761 919.195215832104
-9999 -9999 -9999 -9999 -9999 -9999 -9999 -9999 -9999 -9999 -9999 -9999 -9999 -9999 -9999 -9999 -9999 -9999 891.58228729893 892.193523118203 892.899306879983 893.70231110777 894.424248789375 895.153728926193 895.79798525805 896.743345904298 897.495037680875 898.254034355021 899.020276537324 899.793823617194 900.574616205222 901.362535522584 902.157700348103 903.0686151359 903.878033420089 904.69445965479 905.517834450592 906.348217196907 907.290786540832 908.029887762252 908.880997413048 909.739055624946 910.821724589709 911.694273817921 912.463366691958 913.348447085916 914.35230630212 915.251699544159 916.044132456767 916.955878696319 918.09977814395
-9999 -9999 -9999 -9999 -9999 -9999 -9999 -9999 -9999 -9999 -9999 -9999 -9999 -9999 -9999 -9999 -9999 889.578726125302 890.270909711934 890.882976982963 891.787774661414 892.502704392507 893.22505779999 893.954834883863 894.692035644127 895.43660069137 896.18847063618 896.947526699737 897.822926619683 898.596414310142 899.377088119348 900.164769879065 900.959518978707 901.862238027769 902.570278587171 903.386110927761 904.318168345918 905.252066835819 906.089457532646 906.827905470543 907.678124280173 908.642727095625 909.507377532157 910.378620193324 911.256514468537 912.25134649425 913.142722165788 914.040749451371 914.831816407523 915.742077911798 916.773790761818
