app/data/climate/rcp45/2100/Precipitation.asc
ncols        365
nrows        372
xllcorner    10.224615574000
yllcorner    43.742729801000
cellsize     0.000500000000
NODATA_value  -9999
[rows 110 to 131 of 372, columns 255 to 305 of 365]
1005.22315341949 1006.48327794469 1007.90102196701 1009.1600774828 1010.57972196628 1011.68115798495 1013.09605131554 1014.3522561396 1015.60834218484 1016.86264654775 1018.11588190126 1019.36721679361 1020.78199134537 1022.03142577656 1023.27884096778 1024.52435569784 1025.76785118792 1027.00944621685 1028.2500910152 1029.65417547296 1030.88995033959 1032.12275573568 1033.3536606706 1034.73434570038 1035.8066809076 1037.0278459791 1038.24699181063 1039.78541511635 1040.997790555 1042.05646619767 1043.26207124346 1044.61365546178 1045.8114211053 1047.00538582651 1048.2206119569 1049.55568591893 1050.73694130616 1051.91332676167 1053.08686152545 1054.25445734812 1055.41718323908 1056.57515797714 1057.90429299806 1059.05252787271 1060.19482380624 1061.33129957748 1062.46302419583 1063.58880987307 1064.84786538886 1066.00097019522 1067.10929538559
1003.48435024065 1004.89627410068 1006.15140991534 1007.40571427825 1008.65894963175 1009.91123475468 1011.16351987761 1012.57544373764 1013.82582839941 1015.07514405178 1016.3236282524 1017.56997443422 1018.8145389337 1020.05910343318 1021.61985715748 1022.70573315045 1023.94435870882 1025.18108380603 1026.56960823808 1027.64776360759 1028.87866854252 1030.10565377631 1031.65179770547 1032.87486323813 1033.94232851365 1035.15957388401 1036.5248176669 1037.73517386557 1038.94279815134 1040.16776414515 1041.5183981329 1042.71616377642 1043.90917826705 1045.09922328712 1046.28427959666 1047.46553498388 1048.6429894488 1049.98970373541 1051.15824978866 1052.32204468902 1053.48085087884 1054.63490591577 1055.78409102099 1057.07141589648 1058.24388165086 1059.37750673037 1060.50519286876 1061.76828686452 1062.88433267833 1063.85546832901 1064.96082404882
1001.74946676294 1002.99878241531 1004.4067865742 1005.655151996 1006.90363619662 1008.15200161841 1009.39846657905 1010.64398130911 1011.88842702977 1013.44918075407 1014.53707598701 1015.77867101594 1017.01836558371 1018.41175994747 1019.64741603528 1020.72854087536 1021.96134627144 1023.51236013231 1024.74124582726 1025.81548149564 1027.04056626828 1028.41543113576 1029.63564597669 1030.85289134705 1032.08379628198 1033.44808983429 1034.65654557181 1035.86310084817 1037.0657364234 1038.26457107632 1039.46043625868 1040.65238173991 1042.01370582166 1043.19888091002 1044.37906728785 1045.55652175276 1046.72898750714 1047.89765233921 1049.20730763329 1050.39640242278 1051.55140769029 1052.70154302609 1053.98981813216 1055.13021360453 1056.12272944321 1057.25243482158 1058.51731049967 1059.81342500801 1060.92555112069 1061.89478631021 1063.13436209916
1000.17802294464 1001.4224686653 1002.66703316478 1004.06909838256 1005.46843168743 1006.55620814155 1007.79780317048 1009.0393981994 1010.43374279374 1011.67343736151 1012.75539365334 1014.15472695821 1015.54420162083 1016.77795724749 1018.00981241299 1019.08606732135 1020.46770258171 1021.6946878155 1023.08428125694 1024.15459722419 1025.52756163052 1026.74480700089 1027.9601519101 1029.17347757933 1030.38300232625 1031.5905078332 1032.96347223953 1034.16515758418 1035.3639922371 1036.55878841006 1037.75085267011 1038.9388784502 1040.12310330799 1041.62351739059 1042.65297344298 1043.82638942794 1044.99505426001 1046.30577856348 1047.46553498388 1048.47658031883 1049.62766588521 1051.09208998467 1052.2343859182 1053.37098046826 1054.36052683638 1055.62837198503 1056.74928773055 1057.86438331379 1059.15170818928 1060.25611367852 1061.35469900546
998.454779791507 999.694355580455 1000.93309991765 1002.32744451198 1003.56511983978 1004.64814514101 1006.04343996592 1007.43386485912 1008.66868949518 1009.90244512184 1010.98060049135 1012.36520522226 1013.59515992661 1014.98570359863 1016.21268883242 1017.43765482624 1018.66178936829 1019.88295443979 1021.10210027132 1022.31946442051 1023.53469055089 1024.91347511951 1026.12395009701 1027.33157438278 1028.53706064974 1029.7398150038 1030.93853087789 1032.13546506966 1033.64751947683 1034.68861585381 1035.87581018215 1037.05991626111 1038.38715082088 1039.56258604581 1040.58919140648 1041.75678722915 1043.23974082487 1044.39949724527 1045.55557152219 1046.56352860776 1047.8538229538 1048.99611888733 1050.13366366797 1051.44141850089 1052.56922341811 1053.69203962479 1054.80903566918 1055.92128056068 1057.02853674165 1058.13009153915 1059.22570739554
996.579737303547 997.971112427325 999.359636859369 1000.59351126485 1001.82631666093 1002.90447203045 1004.28907676136 1005.51998169628 1006.90850612833 1008.13739182327 1009.36437705707 1010.59041206028 1011.81549683291 1013.03856236557 1014.25972743707 1015.47994227799 1016.86062730777 1018.07692244756 1019.29131712619 1020.50369256485 1021.71416754235 1022.92167304929 1024.12727809508 1025.64622167394 1026.69705791435 1027.89494233669 1029.08985728847 1030.42968240339 1031.61877719289 1032.65595386873 1033.83827826536 1035.33382241625 1036.50925764118 1037.68077316499 1038.70238981512 1040.01216388801 1041.17203908723 1042.32799458532 1043.65225967453 1044.79942553977 1045.9427904827 1047.08128549392 1048.21479179461 1049.3435469424 1050.46838238906 1051.58739767343 1052.87662301008 1053.98494820045 1055.22654322937 1056.18687000722 1057.27963517188
994.868134474996 996.250779355339 997.479724439697 998.864329170607 1000.0923834138 1001.31936864759 1002.5454036508 1003.77143865402 1004.99545441725 1006.21863872873 1007.43980380023 1008.82143906058 1010.04070367093 1011.25889927187 1012.62699374649 1013.69053932087 1014.90291475953 1016.1143399676 1017.47471381878 1018.69480988088 1019.89946469609 1021.10210027132 1022.45273425906 1023.65049990258 1024.6965849901 1025.8894807019 1027.39476471621 1028.58184026573 1029.76511489293 1030.79849064647 1032.12370596625 1033.29724073003 1034.46780602326 1035.80478044645 1036.96845656798 1038.12833176721 1039.28333703472 1040.43537283167 1041.58265747573 1042.72590363984 1043.86534888164 1045.17215348398 1046.30280909293 1047.56780354984 1048.54856028511 1049.66365586835 1050.77483175045 1052.01749578878 1053.29306156087 1054.25053764699 1055.34033334108
993.314210532976 994.538285685622 995.762360838268 996.985485760336 998.207601062415 999.429716364494 1000.80755070254 1002.02776554346 1003.24691137498 1004.61797532016 1005.68247112512 1006.89781603433 1008.11209193414 1009.47626670762 1010.84828088337 1011.90695652604 1013.11541226356 1014.4718664136 1015.67557099823 1016.72735746921 1017.92714235271 1019.43919675989 1020.63411171167 1021.82700742348 1022.86917280986 1024.20519700247 1025.39037209083 1026.57162747806 1027.7508636253 1028.94779781707 1030.26719297456 1031.43680803721 1032.6034536293 1033.76522928968 1034.92415425832 1036.07915952583 1037.40152415389 1038.54869001913 1039.83506466404 1040.83138142503 1041.9669069657 1043.09768135347 1044.36350726213 1045.65772130932 1046.63455834346 1047.74680323496 1048.99231796502 1050.0937539837 1051.19032007067 1052.14494546505 1053.23177168859
991.766106753246 992.986262204758 994.205467425691 995.423722416047 996.641977406403 997.85922277677 999.075517916559 1000.44848232289 1001.66287700152 1003.02800200558 1004.08952833999 1005.30000331749 1006.50952806441 1007.86883290618 1009.07538818254 1010.29073309175 1011.49443767639 1012.84590311589 1014.04568799939 1015.09367354805 1016.28953873042 1017.63138308532 1018.82237833597 1020.17586301545 1021.21303969129 1022.54514418277 1023.72544933942 1024.90278502551 1026.07822025045 1027.24973577425 1028.58575996686 1029.75145532838 1030.91323098875 1032.0721559574 1033.22716122491 1034.37824679129 1035.52541265653 1036.66877759946 1038.12156137434 1039.11502744359 1040.24663328312 1041.37443820034 1042.63646318669 1043.75440946166 1044.72839580407 1046.00990051727 1047.2514955462 1048.35008087314 1049.44379626838 1050.39640242278 1051.61459802372
989.915354534435 991.129689823657 992.498793918264 993.712178976908 995.076353750392 996.136989243629 997.348355062294 998.558830039793 999.919203890965 1001.12765962849 1002.34205430712 1003.54860958348 1004.90399472412 1006.10674907817 1007.30843442283 1008.35832043265 1009.70598494984 1010.90280036278 1012.25925451282 1013.30225135095 1014.6421952447 1015.83022102479 1017.01634634373 1018.19962097094 1019.38087635816 1020.72462117422 1021.90005639916 1023.07347238412 1024.24403767734 1025.41080204825 1026.57447816979 1027.73530359959 1028.89327833766 1030.35960289827 1031.36577830151 1032.51294416675 1033.65630910968 1034.93769504406 1036.07333936354 1037.06288573167 1038.36090070116 1039.62387591809 1040.74289120246 1041.85703655512 1042.8271031964 1044.0707174653 1045.17025302282 1046.43809817147 1047.52884409614 1048.61376985853 1049.6938256892
988.224241052722 989.433706410232 990.643171767742 992.002535998925 993.210041505867 994.421526103355 995.62808137972 996.984535529758 998.188121335567 999.391825920197 1000.44361239118 1001.79424637892 1002.9939124836 1004.35036663364 1005.54718204658 1006.74209699836 1007.93594294075 1009.1269381914 1010.31698321147 1011.50417753981 1012.85172327818 1014.03499790538 1015.21625329261 1016.39560821868 1017.5719936742 1018.74540965915 1019.91704396178 1021.08463978445 1022.56165443906 1023.5785199363 1024.73839513553 1025.89435063361 1027.19141537253 1028.34060047775 1029.34273740103 1030.65441193508 1031.93591664828 1033.07049195837 1034.20114756732 1035.18784324371 1036.45081846064 1037.56983374501 1038.68397909767 1039.96548381087 1041.07083953068 1042.17227554936 1043.26884163632 1044.35970633982 1045.44653256336 1046.52860763402 1047.77887351697
986.538947733299 987.743543159097 989.098037458567 990.301682653787 991.504318229018 992.556164089409 993.906738687745 995.10747380182 996.46297772128 997.661693595377 998.858509008317 1000.05437419068 1001.24928914246 1002.44218485427 1003.63318010492 1004.98286386209 1006.17088964219 1007.3579651917 1008.54219004949 1009.72546467669 1010.90565105452 1012.08405575001 1013.26044120552 1014.74434503183 1015.76893115252 1016.93854621516 1018.10519180725 1019.41389687075 1020.57377206997 1021.58671786608 1022.90813226355 1024.20317776249 1025.35141263713 1026.49667804122 1027.49596427277 1028.77651875539 1029.91002505607 1031.04079944385 1032.33679517336 1033.45973015887 1034.57874544324 1035.69277201707 1036.804066678 1037.91037262839 1039.01180864706 1040.28072280511 1041.37336919094 1042.46126442388 1043.68052903423 1044.62339532521 1045.69656198419
984.858524345588 986.209098943924 987.561574003417 988.760349266925 989.959183919844 991.155999332784 992.352814745725 993.548679928088 994.743594879872 996.09315985822 997.286114959438 998.478060440667 999.668105460739 1000.85613124083 1002.19215543345 1003.22945088811 1004.41260673649 1005.7544510914 1007.08263588174 1008.11411117411 1009.29049662963 1010.46391261459 1011.78235754151 1012.95197260415 1014.13619746194 1015.30094259287 1016.60869742579 1017.76750361561 1018.92357789252 1019.93355421807 1021.22764948643 1022.37493413049 1023.68553965515 1024.82593512752 1025.96347990816 1027.09805521824 1028.2287108272 1029.35544673501 1030.47838172052 1031.76665682658 1032.88175240982 1033.99292829192 1035.10030325171 1036.33987904066 1037.30127482791 1038.39499022314 1039.48478591724 1040.87616104102 1041.95621687169 1042.89718270152 1043.96749866877
983.333760604429 984.528616166802 985.723531118587 986.917436450383 988.264150736996 989.457046448803 990.649051319443 991.840046570093 993.030032200755 994.367006623945 995.406202539766 996.592327858705 997.934172213607 999.266276705084 1000.44848232289 1001.48185807642 1002.66014399309 1003.98452786112 1005.15996308606 1006.1864496679 1007.51855415938 1008.83414839456 1010.00079398665 1011.16553911759 1012.18335484541 1013.48814020777 1014.64504593643 1015.96254063278 1017.11469520855 1018.26376153495 1019.41009594844 1020.55239188197 1021.69278735434 1022.828312895 1024.12834710448 1025.25793370403 1026.38478839066 1027.50760459735 1028.76582866139 1029.74171546495 1030.85289134705 1031.95931607627 1033.37017092689 1034.46875625384 1035.42623233995 1036.51697826463 1037.73814333613 1038.81914939738 1039.89540430574 1041.00467972669 1042.20541484076
981.664027310719 982.85502256137 984.045067581443 985.234102981526 986.571018015305 987.609263700549 988.796398639476 990.137233374389 991.470288096445 992.653503334238 993.688779548926 994.870094325564 996.198279115907 997.376624421989 998.7115796052 999.74008542702 1001.0614998245 1002.2330153483 1003.40358064152 1004.42626630105 1005.73889106568 1006.90268596604 1008.22600082467 1009.38587602389 1010.54373198314 1011.69873725065 1012.85172327818 1014.0009083834 1015.14819302746 1016.45689809096 1017.59824379391 1018.73673880513 1019.87226434579 1021.14592965673 1022.13357556369 1023.25841101035 1024.38027698646 1025.80586041104 1026.91988698488 1027.89197286613 1028.99934782592 1030.23987384545 1031.33940940297 1032.4331247982 1033.55701001428 1034.78007554694 1035.86215061759 1036.93923697771 1038.01157218494 1039.07998769103 1040.14353326541
979.84932446446 981.035449783399 982.371414586599 983.703519078077 984.887684546449 985.923020150547 987.104275537774 988.433410558696 989.612765484766 990.9467704374 991.977236109786 993.301560588407 994.476936423933 995.650471187713 996.822996331505 997.993561624729 999.163057908554 1000.48839200716 1001.65408736868 1002.81788226903 1003.97965792941 1005.13953312863 1006.2964388573 1007.45239435539 1008.60443015234 1009.91705491697 1011.06528979161 1012.2105551957 1013.49597961004 1014.49229637103 1015.62984115167 1016.76334745235 1018.20057120152 1019.32730710933 1020.31103331517 1021.43301807009 1022.69017312473 1023.80431847739 1024.91454412891 1026.049119439 1027.29071446793 1028.38918101605 1029.48479687244 1030.57566157593 1031.66248779948 1032.74456287013 1033.82259946082 1035.06621372973 1036.1355794664 1037.20102550194 1038.26065137519
978.19224111532 979.372546271969 980.700731062312 981.880026598972 983.210171239883 984.241587142847 985.565911621468 986.742297076982 987.916782071341 989.091207676288 990.26373282008 991.43619857446 992.761473283659 993.931088346306 995.098743558385 996.264438919898 997.429124661421 998.5919693312 999.752794761 1000.91160095082 1002.22719518601 1003.38220045352 1004.53518648105 1005.82940052823 1006.83450692207 1007.97977232616 1009.12313726909 1010.5680816417 1011.70645787409 1012.69897371277 1013.83259879228 1015.1024631809 1016.22919908872 1017.3520152954 1018.33194057892 1019.75253529297 1020.86668064563 1021.97595606657 1023.08226201696 1024.18476704504 1025.28323359316 1026.37789921897 1027.63707351359 1028.72389973713 1029.80692503836 1030.88603063846 1031.96026630684 1033.03058227409 1034.22941692701 1035.32788347513 1036.38465865665
976.689867182154 978.014191660775 979.1895674963 980.364052490659 981.538478095606 982.711953469976 984.037287568586 985.209753322966 986.380318616191 987.550883909415 988.719489352073 989.886194333574 991.052839925665 992.217585056599 993.682009156058 994.697865033308 995.858690463109 997.016605811764 998.318540482392 999.328516807941 1000.4805526049 1001.79032667779 1003.08252148499 1004.22873711966 1005.23004259118 1006.37138829414 1007.65289300734 1008.78936877858 1009.92299385808 1011.07502965504 1012.34477526484 1013.4696107115 1014.592545697 1015.71156098137 1016.82760679519 1017.93973290787 1019.21351699762 1020.31982294801 1021.42232797609 1022.52186353361 1023.61652915942 1024.70822531468 1025.79505153822 1027.18167550911 1028.12644226124 1029.20174693903 1030.27301313685 1031.47279802035 1032.53527458533 1033.46068038944 1034.5144861004
974.894584673332 976.361978243347 977.533493767149 978.703049440385 979.873614733609 981.042279565678 982.209875388346 983.377530600426 984.695975527345 986.006699830819 987.025465789214 988.188251069582 989.35002672996 990.654871481733 991.812786830388 992.825732626494 994.136397540556 995.434412510049 996.586507696415 997.592683099652 998.740799195473 1000.03002453212 1001.17433970563 1002.31568540858 1003.47175968549 1004.75124515871 1005.8858204688 1007.01742630833 1008.1471316867 1009.27291736394 1010.39680258002 1011.68020775438 1012.79827280817 1013.9133683914 1015.02454427351 1016.13381969445 1017.23822518369 1018.33966120237 1019.74089496839 1020.69837105451 1021.79006720976 1022.87701221212 1024.09615804365 1025.17526364374 1026.11622947357 1027.18844590197 1028.55654037659 1029.62008595097 1030.67876159364 1031.6011979272 1032.78245331442
973.400050142434 974.566695734525 975.732391096037 977.047925941812 978.213621303324 979.378366434259 980.541151714626 981.703936994994 982.865712655372 984.170557407145 985.184453433828 986.496127967879 987.653033696546 988.953008516606 990.107063553539 991.115139417932 992.266224984308 993.558419791512 994.705645046165 995.864510625399 997.007816178918 998.292290362675 999.430666595072 1000.56821137571 1001.56060843557 1002.8353427559 1004.12456809255 1005.25237300977 1006.37720845643 1007.49907443253 1008.6180897169 1009.73508576129 1010.84828088337 1012.09771531457 1013.2293211541 1014.33372664333 1015.43421243143 1016.66903706749 1017.7637026933 1018.71725907828 1019.80408530182 1021.18880881156 1022.26779563283 1023.34310031061 1024.28109666988 1025.48278201454 1026.54632758892 1027.60500323159 1028.82806876424 1029.87890500464 1030.92594032273
971.764465760121 972.926716535788 974.088907922044 975.249792741256 976.554637493028 977.56948375029 978.878248203196 980.03610416244 981.338038833068 982.493994331156 983.504030046117 984.65707546306 985.953189971398 987.103265917785 988.406210208401 989.411316602239 990.700601328297 991.844916501805 992.987271824747 993.985607825716 995.266102918928 996.560257576699 997.694832886783 998.827388956889 999.957094335261 1001.08584948306 1002.21068492972 1003.3335011364 1004.45346665135 1005.73212067281 1006.84721625605 1007.95934236873 1009.06861778968 1010.31318228916 1011.27837899872 1012.37791455624 1013.63803908144 1014.86787500697 1015.95767070106 1016.90837639431 1017.99140169554 1019.20567759535 1020.28086349432 1021.35224847097 1022.45273425906 1023.65049990258 1024.71012577583 1025.76595072677 1026.81773719775 1027.86477251584 1028.90788813279
969.987178242869 971.292795056986 972.450175900941 973.751279119813 974.907234617901 975.917270332862 977.071265980383 978.368330719298 979.520425905664 980.822360576291 981.829426820696 983.121621627899 984.268846882552 985.415062517217 986.559377690725 987.701733013666 988.997788132593 990.137233374389 991.275668996196 992.411194536858 993.545769846943 994.67838530646 995.808090684832 996.935836212637 998.219241386995 999.342176372499 1000.4640423486 1001.5821074024 1002.83724321706 1003.81134833829 1004.92157398981 1006.19036936903 1007.43291462854 1008.53541965662 1009.49669666505 1010.59243130026 1011.8213169952 1012.91016245872 1013.99603845169 1015.10626410321 1016.32065878184 1017.39584468081 1018.46711087863 1019.53457615415 1020.59907195911 1021.65869783236 1022.88081313444 1023.93271838424 1024.98165416348 1026.02572001102 1027.06491592684
