app/data/climate/rcp45/2100/Precipitation.asc
ncols        365
nrows        372
xllcorner    10.224615574000
yllcorner    43.742729801000
cellsize     0.000500000000
NODATA_value  -9999
[rows 242 to 263 of 372, columns 102 to 152 of 365]
764.638608812804 764.798128771079 764.960736978733 765.150426757858 765.319449021913 765.491618924757 765.666817687568 765.845282867991 766.027073855437 766.211834313439 766.399801799642 766.639972578222 766.810360798732 767.008068148359 767.208982526186 767.43881954723 767.646682486159 767.831086607694 768.071910669796 768.315229087165 768.536038917719 768.760233944706 768.987517221072 769.21812630446 769.45194241605 769.689084334662 769.956396074124 770.200189606782 770.447487114696 770.697813482578 770.951584436304 771.208681197053 771.469044375414 771.732673971387 772.027839344666 772.332447634313 772.572262076426 772.849432458135 773.130047425689 773.44968123635 773.737422933238 773.991965949309 774.352578453645 774.65071329748 774.952233337749 775.257197963863 775.565547786411 775.877401584216 776.192640578454 776.511442937359 776.864750544127
764.378720749732 764.537052919785 764.698592118038 764.863100786847 765.030875873269 765.225851309984 765.42195514551 765.577199066184 765.757624097175 765.941256156365 766.151494671739 766.341718955564 766.510859998441 766.732204333695 766.956874475971 767.160045651421 767.366423855072 767.549640188385 767.788860736386 768.004741245817 768.224006951681 768.47261102664 768.698350178316 768.927415137016 769.159746513327 769.39534430725 769.664140781991 769.876220369109 770.121498637045 770.397362451709 770.681184447463 770.90478558034 771.163426465778 771.425393158239 771.724003117363 771.992918370926 772.231010520116 772.534846747419 772.848541616968 773.131116435089 773.41689828141 773.669659615148 773.998558173944 774.294436220156 774.593877631036 774.926517722733 775.232967084125 775.542682863129 775.855902617389 776.172448178672 776.532704346541
764.142469672287 764.319747064488 764.460381190026 764.623939628257 764.790645705278 764.981820219681 765.155237300159 765.333643091171 765.512999112761 765.718427085834 765.904375332058 766.093530606483 766.261543250549 766.481284071702 766.679882262496 766.906868591806 767.111999617823 767.320337672041 767.531645196815 767.746397307434 767.964297056842 768.18534444504 768.40965825085 768.66360737281 768.894394624432 769.158024220405 769.395819422539 769.606473663791 769.85032658586 770.12862536638 770.379367460139 770.628921765676 770.886137305247 771.179164659726 771.443150592165 771.71058111045 771.947188524362 772.255182010443 772.532411781563 772.841890002922 773.125949556321 773.413394306154 773.704105473599 773.998380005711 774.295802176612 774.596668933359 774.90098027595 775.238965414649 775.550284707753 775.904423766276 776.222988567537
763.859241570644 764.035271785211 764.198533276387 764.361022705218 764.547446066731 764.716468330786 764.888578844219 765.041744135504 765.242124008631 765.423558659611 765.632906333817 765.820695651787 766.011573219134 766.205717204094 766.403068217254 766.60338870097 766.806975602298 767.013710142415 767.249307936338 767.462456532857 767.678871546987 767.92610966549 768.12132265985 768.34723997976 768.576483106693 768.838152852099 769.100950996316 769.310298670523 769.583014846397 769.828887008444 770.078025588103 770.298597861012 770.585923832023 770.844742885695 771.134800769617 771.400449605568 771.669186690897 771.941368362072 772.216816450858 772.495530957256 772.777511881265 773.062878001709 773.380848908859 773.673104200993 773.968566521327 774.304948145925 774.569646751298 774.875264660934 775.184208377594 775.566498016989 775.88292479945
763.619011402653 763.774552270383 763.913107766532 764.074350017729 764.283400744881 764.451235220713 764.622217335335 764.796287699335 764.973327533891 765.153574396648 765.336909508783 765.523332870296 765.73778803386 765.930506672952 766.126491729656 766.325565035739 766.553264037983 766.733095174862 766.941492618491 767.153275258553 767.421002723894 767.639555756824 767.833284015906 768.057894768771 768.314160077765 768.545481834087 768.779891839788 768.987635999894 769.285355117851 769.529623765798 769.777040052534 769.996186979576 770.281671878842 770.538709250181 770.799131817953 771.062702024514 771.357808008382 771.628148607812 771.901755624853 772.178569670095 772.493927443155 772.742175181648 773.028907258547 773.318965142469 773.678924363283 773.976168365951 774.238966510168 774.542565179826 774.888092773737 775.19881817273 775.512809989335
763.35959845487 763.514010923789 763.651556799948 763.831981830939 763.99554026917 764.162246346191 764.331862504357 764.52885718105 764.704828006206 764.883768301918 765.065915625831 765.274431848282 765.439356242969 765.630649536195 765.825149857621 766.072863091413 766.274133805707 766.452777154364 766.659808641537 766.896534834271 767.110336714312 767.327226843731 767.519707925179 767.796818917477 768.023330131498 768.25304837372 768.485914254731 768.721868385121 768.961267101356 769.203635288147 769.449210503138 769.725549433091 769.977657483306 770.233091340544 770.491851004805 770.786541262795 771.018753860284 771.287075219735 771.558662996798 771.89682630373 772.175481420717 772.422066255697 772.70683848203 773.031282834992 773.323003622426 773.618109606293 773.879066678766 774.248409426536 774.553789778528 774.86231776931 775.174290345936
763.076607910871 763.22995137039 763.409960675502 763.569480633777 763.731851283786 763.897369572584 764.06591672135 764.237433340672 764.412038209372 764.589671938039 764.79498113229 765.002131398285 765.165927394161 765.356032899164 765.573516922695 765.770155262921 765.969941241937 766.147218634138 766.404315394887 766.613484900861 766.825802045624 767.041326218587 767.259879251518 767.48163931265 767.706547012571 767.934483572459 768.192352395553 768.426881180075 768.664498213977 768.905322276078 769.149234587558 769.39641331665 769.646739684532 769.900332470025 770.184926528124 770.47783510378 770.708444187169 770.974924474875 771.278641923356 771.552070772164 771.828706649172 772.073391022997 772.420997246297 772.707551154963 772.997430870652 773.290577003953 773.586989554865 773.8867279128 774.189732688347 774.496063270917 774.83642398606
762.840950727537 762.993343956478 763.148647266563 763.306920047204 763.492274399318 763.656723678716 763.845344448441 763.994649428003 764.168244676714 764.34475000657 764.547089730265 764.754893279782 764.917620266258 765.106537983039 765.322656050113 765.518165991529 765.7166454035 765.892853786301 766.1229877544 766.356447529523 766.567458107241 766.78167571316 766.998803400224 767.219197504899 767.442739248364 767.669369241208 767.928069516058 768.158797378268 768.394929676891 768.634387782537 768.907460294879 769.122509352553 769.371410374568 769.62339964596 769.910725616971 770.197517083282 770.426760210215 770.69157759441 770.993453971146 771.265219916442 771.540192889939 771.783451917897 772.099878700358 772.413870516962 772.701968550318 772.993333001285 773.287963869863 773.585801766643 773.886965470445 774.191395591859 774.537932805759
762.58183472681 762.752282336731 762.887452636446 763.044715797099 763.204948428307 763.388758655731 763.579576833668 763.727872193241 763.900220264318 764.097749445712 764.276452183779 764.458302560637 764.61984175889 764.831089894252 765.047029793094 765.241114388642 765.43834662298 765.638607717285 765.841897671557 766.048275875208 766.257742328237 766.497141044472 766.712071323324 766.930980692722 767.152978311498 767.406452318169 767.634982772168 767.837560053507 768.07208883803 768.339697524548 768.607959494588 768.821642595807 769.06888071431 769.350683470086 769.604632592046 769.861610573973 770.089072018572 770.385306401251 770.680234216885 770.950218479848 771.223350381601 771.499689311554 771.779235269707 772.062047645473 772.348007660028 772.673580411801 772.959481036945 773.255359083157 773.554562936392 773.895042430358 774.201076065872
762.317967573193 762.492097326604 762.626317395741 762.782452157582 762.961689400349 763.124297608003 763.289697117979 763.437042246974 763.629582717833 763.828596634505 764.006170973761 764.186774172984 764.370346842764 764.5568889831 764.746519372814 764.939178622495 765.134985510966 765.359180537954 765.561045146359 765.766116782965 765.974098500716 766.211953092262 766.399564241998 766.616810707884 766.864939667554 767.115325424846 767.342311754156 767.543523079039 767.805786718556 768.042215964235 768.281792848703 768.493872435822 768.770151976364 769.04666907455 769.298777124765 769.554210982003 769.812673699208 770.074284055202 770.339042049987 770.607066462382 770.878238513568 771.18154023617 771.459126343757 771.740038258366 772.024097811765 772.347532544739 772.601838003165 772.895637419988 773.229940415197 773.560858213971 773.864931998918
762.058792183054 762.208394109672 762.341604558819 762.516268816931 762.698475530255 762.859895949685 763.024285839673 763.191526421394 763.361795863082 763.535094164737 763.711302547538 763.890539790305 764.097630666889 764.282985019003 764.471249452261 764.662780303131 764.881570893707 765.054631637718 765.255070900256 765.458539022762 765.716882961145 765.926943308285 766.113247890976 766.329069010995 766.575535067154 766.798007801219 767.023331227017 767.251921070428 767.510324398222 767.7451501298 767.983064110757 768.224185119914 768.468216210217 768.71545432872 768.965840086012 769.247108337088 769.504026929604 769.763796213854 770.026891305127 770.293015256367 770.596257589558 770.83494363286 771.110569889879 771.41856337596 771.736237336055 772.022019182376 772.27460234788 772.566441914136 772.898428722311 773.197098070846 773.49891505817
761.799913739971 761.948268488955 762.080706875758 762.254123956236 762.411327727477 762.571500969275 762.758815171955 762.925046133687 763.094246565975 763.266238300586 763.441318284575 763.641876325935 763.800386664221 763.984375059879 764.196276478764 764.410375305861 764.603866007298 764.775620184264 764.974693490347 765.202333103179 765.407939244485 765.616455466936 765.827406655244 766.068824611457 766.286546192632 766.507474802007 766.731313492528 766.958359211249 767.188374400527 767.421537228594 767.684751098689 767.924209204335 768.166696169948 768.412271384939 768.66099423872 768.944400508597 769.167645305006 769.425692296334 769.715037507322 770.012697235868 770.280662258853 770.517744788054 770.791529973329 771.103264992311 771.383939349276 771.667523787386 771.947960586706 772.274364790236 772.56768909177 772.864220421504 773.16395877944
761.564494114281 761.71201741151 761.862569568705 762.015913028224 762.172166568887 762.331448969517 762.49346328306 762.658625235391 762.850987538017 763.021910263228 763.217895319932 763.395172712133 763.552732819841 763.735533427276 763.944881101482 764.134095765319 764.351461010027 764.522146177593 764.745094026947 764.946186573008 765.15054553668 765.357873970909 765.568171875694 765.781439251035 766.024163774292 766.243667037801 766.466080382455 766.69176014472 766.92029059872 767.152087470331 767.386853812498 767.624708404044 767.892970374084 768.137001464386 768.415300244907 768.665923559843 768.887802399797 769.144186487613 769.436382390336 769.699418092197 769.994108350187 770.229824922932 770.536096116091 770.811841151933 771.090615047742 771.372655361163 771.657724534551 771.94606012555 772.267416229134 772.562165876535 772.860122552137
761.282156853805 761.428611141633 761.577975510606 761.753946335762 761.909190256436 762.067403647667 762.248778909235 762.392263726507 762.559147971761 762.72894229816 762.923442619586 763.124119439769 763.280551148666 763.485088280572 763.670086296219 763.85799439301 764.048753181536 764.242718998262 764.439476117311 764.664918321932 764.867792550326 765.073695638688 765.282568197606 765.494529005902 765.709340505932 765.927299644752 766.176022498533 766.398732790242 766.625837898374 766.855971866474 767.118591842458 767.325504550809 767.56472509881 767.80703389619 768.083254047321 768.359889924329 768.580284029005 768.867075495315 769.125181876054 769.386554674404 769.650956332721 769.918446240417 770.188905618669 770.49161344716 770.768546271225 771.048686123489 771.331854835722 771.618230576154 771.907694565965 772.200306194566 772.563650611813
761.023337800133 761.18719318542 761.317196606367 761.468402047085 761.622398790126 761.82313499972 761.983486409751 762.126139775267 762.291836232299 762.48182295848 762.653636524857 762.82841956179 762.983782261287 763.211659431764 763.395410269777 763.582011799524 763.771642189238 763.964123270686 764.159633212101 764.358112624073 764.559502117189 764.815411089716 764.997202077162 765.20767815018 765.421123693754 765.664917226412 765.884717436977 766.079514705459 766.30495691008 766.58907585289 766.821050892734 767.026538255218 767.264155289119 767.535267950893 767.779417820018 768.026537159699 768.245268360863 768.558131778656 768.814515866472 769.074047593077 769.336667569061 769.602257015601 769.871112879752 770.142878825049 770.417911187957 770.760291143079 771.006579031004 771.290994920869 771.578499060113 771.905734715398 772.199890468688
760.782394959209 760.927305122348 761.056417702128 761.206554133446 761.378842815113 761.535155745187 761.694200588173 761.835784944289 762.04537017614 762.213264041384 762.383889819539 762.557603847072 762.734109176928 762.913524587929 763.095909469486 763.281145042777 763.494531196941 763.685765100755 763.879968475126 764.077081930641 764.302345967029 764.505695310712 764.686239120525 764.895111679442 765.159869674227 765.375334457779 765.593590543654 765.787081245091 766.039248684717 766.266591350494 766.496962876239 766.700906114033 766.993755300278 767.233213405924 767.47581915036 767.72133497594 767.969820272077 768.221453207003 768.475996223074 768.733627488523 769.055755654452 769.286839853129 769.553735866714 769.823720129677 770.131238500469 770.407755598655 770.652261804247 770.934539675312 771.285828042102 771.574935695446 771.867131598169
760.499998309322 760.64383946306 760.772001812263 760.963651441955 761.115925892073 761.271169812747 761.429145646333 761.590090950475 761.753886946351 761.92047424455 762.089971623893 762.286788132353 762.462224452809 762.640392686177 762.821471000689 763.005578175169 763.216054248187 763.38234459933 763.575122627834 763.796288794854 764.020068095964 764.222051483191 764.401229336548 764.634926669315 764.845818468211 765.059679737663 765.276332309438 765.522620197363 765.745449267895 765.971307198393 766.200075210037 766.431812692237 766.666519644993 766.904255457717 767.144960740996 767.416429739237 767.663311521273 767.913162773866 768.166161665248 768.422070637774 768.713613256975 768.943034552141 769.20803010457 769.538769735111 769.810416901585 770.085092928027 770.327995619518 770.643709729045 770.927650503622 771.214620138166 771.504737411499
760.264756851866 760.407647775026 760.534978672473 760.701803528316 760.853246526678 761.031295981224 761.188321584232 761.348197878973 761.51098425486 761.676502543658 761.844930913602 762.037887110339 762.190399118101 762.392204337096 762.572213642208 762.778176119981 762.964302534439 763.129642655004 763.321114116463 763.540201654094 763.763565229325 763.96430143892 764.142469672287 764.374622880365 764.584267501627 764.796762814624 765.012168208765 765.230602462873 765.478672033132 765.703045228353 765.930447283541 766.160878198696 766.394100416174 766.630410883031 766.869690820443 767.142466385729 767.385012740753 767.633319868657 767.884774635349 768.171150375782 768.428900420054 768.656896369353 768.920407186503 769.220264323261 769.519171229441 769.792243741782 770.033602308584 770.347415956955 770.629634438609 770.91488178023 771.20321737123
760.005997187605 760.147878490776 760.292551096271 760.440074393499 760.59038899305 760.743494894924 760.918990604791 761.082311485378 761.24379129422 761.40835935244 761.596742564521 761.767190174442 761.918692562216 762.09454460855 762.295755933433 762.502728031195 762.687607268019 762.851759600362 763.066036595692 763.259527297129 763.455987469122 763.655298332849 763.85745988831 764.08866286581 764.296822751794 764.507833329513 764.721932156609 764.938822286029 765.158741275415 765.381451567125 765.635578857318 765.862980912506 766.094659005295 766.329365958051 766.59703403398 766.838095653726 767.051363029067 767.297947864048 767.578978557479 767.860068640322 768.116096391671 768.342607605693 768.637238474271 768.902293416111 769.170258439096 769.44137110087 769.715334454378 770.022080762826 770.302398783324 770.58574566379 770.908111387362
759.723719316539 759.864650389133 760.031890970854 760.178404648093 760.327709627655 760.479687130718 760.654054441773 760.792134822633 760.952605011486 761.136355849499 761.327292806258 761.49667140678 761.647104785153 761.843802514791 762.021673801102 762.202336389737 762.385849670106 762.572273031619 762.786965752827 762.979090497808 763.174184713346 763.372248399439 763.573043998444 763.776809068006 763.983484218712 764.193010061152 764.458599507692 764.647279666828 764.865654531526 765.086998866779 765.339522642872 765.538417780721 765.768432969999 766.030874777749 766.294563763133 766.534021868779 766.745923287664 767.021668323506 767.269916061998 767.521133271046 767.77531995065 768.032476100811 768.321405585922 768.584560066606 768.850802796668 769.120074386697 769.392315447283 769.667585367836 769.945884148356 770.227093010021 770.577193588588
759.46501904169 759.622519759987 759.747593859811 759.892919748827 760.041155718989 760.235062146304 760.389118278756 760.526307818449 760.685649608491 760.868212658281 761.033552778846 761.201565422912 761.372428758711 761.571026949505 761.747651058183 761.927185248007 762.10939196133 762.294508755799 762.482595020824 762.673413198761 762.86702267902 763.11408262929 763.288865666223 763.491146000507 763.696455194757 763.930865200458 764.142172725231 764.329486927912 764.54631766792 764.820518579073 765.043525817838 765.241114388642 765.469704232053 765.730304968058 765.964952531403 766.202688344127 766.443334237995 766.714684457414 766.961269292394 767.210882987342 767.463347374024 767.718781231262 767.977243948467 768.238557357406 768.531822269529 768.83292658392 769.069712166065 769.343141014873 769.619479944826 769.934065655542 770.216878031308
759.24705990287 759.386387461364 759.51051133061 759.655005767871 759.820821003725 759.971194992687 760.148353606065 760.284711694003 760.463058095604 760.624478515034 760.788690236788 760.955812039687 761.125665755497 761.29831077363 761.498631257347 761.676977658947 761.881039675564 762.04216314794 762.229002235331 762.418632625045 762.635463365054 762.831092085291 763.03052172784 763.231733052723 763.461332516123 763.668601560941 763.878661908081 764.064907101361 764.307631624619 764.526244046961 764.774788732508 764.971130125679 765.226920319384 765.457232455717 765.69069223084 765.926943308285 766.165985688053 766.408116317199 766.681010661307 766.929080231566 767.211655049687 767.433949615518 767.690749429212 767.950578102873 768.246337370263 768.512401932092 768.77686297982 769.048628925117 769.357928978243 769.635930811707 769.917080283961
