app/data/climate/rcp45/2100/Precipitation.asc
ncols        365
nrows        372
xllcorner    10.224615574000
yllcorner    43.742729801000
cellsize     0.000500000000
NODATA_value  -9999
[rows 198 to 219 of 372, columns 102 to 152 of 365]
776.672685188557 776.921289263516 777.118224550798 777.347051951853 777.579799054042 777.875795879077 778.117332614112 778.331906556497 778.580985746745 778.865757973078 779.123151680883 779.384524479233 779.616380740255 779.949733504886 780.223043574871 780.500273345991 780.781185260601 781.066135655166 781.354827582633 781.647379821822 781.976218991208 782.31444168755 782.580743807024 782.888677903694 783.200472312087 783.555739769422 783.875432969494 784.158245345259 784.519214186062 784.891526404389 785.226304514886 785.522538897566 785.864324958576 786.25344438025 786.603248011762 786.956793176174 787.304993293585 787.711157476252 788.076224186422 788.445032429493 788.817582205464 789.19405168257 789.574559639632 789.958809129594 790.384274870876 790.776720099573 791.173203808227 791.574022943893 791.979118117159 792.388548717438 792.854518037105
776.391654495125 776.610682643345 776.80565808006 777.032406851726 777.292116746565 777.52729881461 777.766341194378 778.008056097646 778.285939152289 778.537096971926 778.792233882108 779.051231104013 779.314266805875 779.581044040637 779.851740976533 780.157418275581 780.471172534541 780.718529431866 781.005023951121 781.295141224455 781.626296580874 781.924609592942 782.188773693615 782.526818221724 782.87525589678 783.18901015574 783.506387168779 783.787180304566 784.152603351203 784.481383131177 784.813845054641 785.142149719326 785.524676916366 785.868541606765 786.216266608888 786.56773314391 786.923119380068 787.282128370303 787.645116451084 788.047657879672 788.418485362721 788.793113768082 789.171780653399 789.55436723985 789.941051695669 790.381008453264 790.726714215408 791.162988829514 791.566718046325 792.02621392018 792.439564221592
776.0860959749 776.331017906369 776.524389828984 776.777329330955 777.006631847299 777.239854064777 777.476995983389 777.718057603135 777.962979534605 778.241456483358 778.49445537474 778.751552135489 779.012390429139 779.277267202745 779.545944898664 779.818601685127 780.129742809998 780.406319297595 780.690616408639 780.978714441994 781.307494221968 781.603787994058 781.866111022987 782.169531524411 782.5154748442 782.859636481655 783.174994254715 783.494212339499 783.817290736005 784.14399188659 784.474434570076 784.808796954695 785.146900872216 785.523073402266 785.868897943232 786.218642185332 786.572009181511 786.929355268235 787.290502277271 787.655628376852 788.070879139421 788.433154547268 788.810217918485 789.191379159069 789.624862470852 790.014753954872 790.359271928793 790.757062204492 791.209906464301 791.654198648908 792.066301772687
775.783506925231 775.998555982905 776.217584131125 776.440472591068 776.695550111839 776.926634310517 777.161578820917 777.400561811274 777.643523892177 777.890286895391 778.141088378561 778.42782045546 778.683907596221 778.946527572204 779.213067249322 779.517497370736 779.792232786589 780.035788761602 780.317650906789 780.63936334684 780.960719450424 781.254756424891 781.515178992664 781.854351919584 782.159791660987 782.469151103524 782.78213330014 783.098975808478 783.452580362302 783.777202883497 784.105566937594 784.437791303413 784.773875980955 785.113761580809 785.457329324153 785.882854454846 786.19049160446 786.545937230028 786.905183777909 787.313961094665 787.681581549513 788.006501017764 788.381604538414 788.844188661647 789.228141204554 789.61625100624 789.959462413117 790.405476890647 790.806771141601 791.212638377212 791.62307859748
775.483590399062 775.696620216759 775.913688514411 776.134676513198 776.359524823708 776.588411614174 776.878825834563 777.086273047614 777.327097109716 777.571959651774 777.851861946394 778.104860837776 778.329471590641 778.58971599018 778.916951645465 779.185688730795 779.458286127847 779.699882252293 780.014824299476 780.298883852875 780.586803717997 780.87852450543 781.20546321366 781.50496401395 781.808265736553 782.115308992056 782.426331338105 782.740976438232 783.059541239493 783.381906963066 783.741094121535 784.071121079143 784.405067737885 784.74293409776 785.12753992419 785.473483243978 785.77939810067 786.132586928616 786.569099100366 786.930958782336 787.296678776028 787.619994730179 788.040234203282 788.418188415665 788.800299886828 789.186568616768 789.612984588628 790.008102340826 790.407852467091 790.812056799191 791.220893505359
775.159264824922 775.424082209118 775.612465421198 775.831493569418 776.054500808183 776.309934665421 776.541197032332 776.746803173638 776.985370438117 777.287009257208 777.534069207478 777.785048858882 778.007877929413 778.298529707447 778.56114968343 778.827570581726 779.097733012922 779.401925576692 779.680046188978 779.962027112988 780.247808959309 780.537332338532 780.830716029477 781.128019421556 781.428945567714 781.765445971134 782.113170973256 782.38689676912 782.70332355158 783.023670035175 783.388558577112 783.675706379889 784.007396241008 784.376204484079 784.758612902297 785.102536982107 785.406729545877 785.758017912666 786.157886817754 786.517667870334 786.881368624048 787.283731884403 787.655687766264 788.031860296314 788.412130695731 788.796795911571 789.18561838619 789.578895066644 789.976685342342 790.414919807015 790.87334667147
774.864574566932 775.100112971444 775.286773890602 775.503664020022 775.751852369103 776.005266986362 776.234569502706 776.438334572268 776.704874249385 776.94587647972 777.190679632368 777.439521264971 777.720908294869 777.977589329741 778.238071286924 778.502472945241 778.770616136459 779.042560249989 779.318424064653 779.598207580451 779.911961839412 780.23569351944 780.490830429623 780.785995802902 781.084962098492 781.425857318335 781.73295996325 782.004725908546 782.350788007157 782.709203103282 783.031628216266 783.31705372612 783.646783736672 784.022362372611 784.360347511309 784.702133572319 785.037861913395 785.43125737267 785.784921315905 786.142801907329 786.504602199887 786.870440972402 787.240496393106 787.614649683178 788.027821816357 788.45863260464 788.797567973916 789.189003582624 789.585012175989 790.036015364053 790.441823210254
774.624344398942 774.832266727282 775.017442911162 775.23267013707 775.479492529695 775.730353402276 775.957933625698 776.160332738803 776.424853175943 776.664014334533 776.907035804846 777.154036365705 777.404837848875 777.688303508163 777.946944393601 778.209445590763 778.509362116931 778.746028920255 779.019992273763 779.297815938994 779.614896004977 779.931144619204 780.184618625875 780.47800231682 780.812424090851 781.113884741709 781.419146314879 781.689368135486 782.041012838742 782.389509903209 782.710272112682 782.993975329614 783.363139909151 783.695423664382 784.031627120746 784.371690888834 784.715674358055 785.096894988051 785.448955417185 785.804994936864 786.165132325911 786.529248805503 786.897522543874 787.270012930434 787.646541796951 788.110135540173 788.447586174171 788.83747765819 789.231704569221 789.68080729613 790.084892849407
774.333692620908 774.539773877503 774.723346547283 774.963695494096 775.181595243504 775.403117746991 775.628797509257 775.858100025601 776.119116487484 776.35643657433 776.597557583487 776.842538904367 777.091380536971 777.344023091886 777.600525958524 777.860948526296 778.18759028747 778.422356629637 778.694419521989 779.004907363338 779.285047215603 779.569106769001 779.820620925105 780.148331695679 780.474320173331 780.773702194799 781.07688513858 781.383928394083 781.694772571898 782.009477061436 782.327923083875 782.650288807448 783.008703903572 783.339027808236 783.673152635211 784.011315942142 784.353339560797 784.699342269997 785.049205290919 785.40322557062 785.839797131782 786.157055365998 786.523309864391 786.893899789795 787.315742776998 787.695300503482 788.031028844558 788.418663530954 788.89514477639 789.292756883855 789.694882586566
774.018809963137 774.223050147987 774.43115064456 774.669777298451 774.885776586703 775.10569557609 775.329356098377 775.556876932387 775.788376856943 776.023558924988 776.262601304756 776.564180734436 776.780476969744 777.031219063503 777.285880858397 777.576829583486 777.839508948881 778.072493608714 778.342359092855 778.679928505675 778.958049117962 779.240030041972 779.489762515742 779.815394656926 780.10871895846 780.405903571718 780.706948496697 781.042676837773 781.351620554432 781.664246414581 781.980791975864 782.30119784887 782.62552342301 782.953590530051 783.285577338225 783.696255116138 783.993974234095 784.338017092727 784.685979652494 785.082344582326 785.438918606705 785.754216990354 786.11851163818 786.567079860388 786.940401698704 787.31794018521 787.651886843952 788.086260996902 788.47716210091 788.87239863193 789.27238631584
773.732256054471 773.934714556987 774.141092760638 774.351390665423 774.565430103108 774.783389241928 775.060025118937 775.257851247386 775.487391321374 775.720851096497 775.988044057137 776.229521402761 776.443976566324 776.692580641283 777.005265890843 777.26224387277 777.522963387598 777.754403922742 778.056042741833 778.328165023597 778.604207006494 778.913566449031 779.197388444786 779.485011362852 779.77643520323 780.07165996592 780.408338537574 780.673571647647 780.980258566683 781.321807070049 781.676005517983 781.954779413792 782.277026358543 782.603193004428 782.974911328644 783.309333102674 783.605270538298 783.979601996603 784.369196533567 784.7196534486 785.074327011824 785.387962491962 785.795848967551 786.162756749466 786.533999958393 786.94337116926 787.323344621622 787.707653500996 788.096416586204 788.489812045479 788.887661710589
773.44754321755 773.673638705693 773.853113506105 774.061629728556 774.273946873319 774.51738406951 774.737896953008 774.933822620301 775.188603194017 775.449382098256 775.685336228645 775.924972502525 776.137764762577 776.415885374863 776.666924415678 776.921823768216 777.208971570993 777.471591546977 777.738131224095 778.008412434113 778.282435177032 778.560318231675 778.84206159804 779.127546497306 779.446705192678 779.739970104801 780.074510657654 780.337962085393 780.642629764452 780.951276534055 781.303040016134 781.579972840198 781.931439375221 782.296387306569 782.62498891831 782.957510231185 783.251725373886 783.634311960337 783.978770544847 784.327267609314 784.712348551032 785.069100743645 785.430010195037 785.794898736973 786.164122705922 786.53756332306 786.91533936721 787.297450838373 787.718165426764 788.109363477828 788.55496222948
773.16449328414 773.38886647936 773.592690938333 773.799663036095 774.037101901763 774.252210348848 774.471179107657 774.665798207905 774.920341223976 775.15065336031 775.411907379837 775.649880750205 775.891773821707 776.137467815521 776.386903342236 776.640080401851 776.897117773189 777.157896677428 777.45110220014 777.719661117236 777.992020956643 778.302865134459 778.548084012983 778.831846619327 779.119350758571 779.4473584762 779.773050006796 780.034957309846 780.337962085393 780.683430289893 780.994512025353 781.269841335317 781.588227968344 781.951097270303 782.30915602996 782.639776881679 782.932507289102 783.313134024986 783.65563275893 784.002229362241 784.352923834919 784.707716176965 785.099329953907 785.462555592332 785.829879100124 786.248218112071 786.577413617923 786.957565238519 787.342171064948 787.780227361387 788.20890013087
772.907515302213 773.105578988306 773.282084318162 773.487215344179 773.722634969869 773.962152464926 774.179339541401 774.372473906371 774.625116461287 774.853646915286 775.086037681008 775.32211059022 775.561925032333 775.833097083518 776.080869706721 776.332205694592 776.619531665602 776.846221047857 777.109078581485 777.375499479781 777.679870211784 777.98335010262 778.226906077633 778.508649443998 778.830243105226 779.120122820915 779.413803458916 779.673869690222 780.012686280675 780.348177064106 780.65735833841 780.931024744863 781.287301822187 781.608004642248 781.932686552855 782.261169385773 782.593690698648 782.961964437019 783.302562709806 783.64719946255 784.039585301837 784.348469629085 784.705281211109 785.0661906625 785.510364068285 785.88041948899 786.207714533686 786.585728135481 787.016301366119 787.403876663104 787.795846776513
772.627434839359 772.823895011352 772.998974995341 773.228277511685 773.436140450614 773.647804311855 773.863090927174 774.108725531576 774.331613991519 774.558422152596 774.789031235985 775.053017168424 775.261533390875 775.503485851788 775.74906106678 776.057707836384 776.31147879011 776.536742826498 776.797521730737 777.095537795749 777.364512438723 777.637109835775 777.878824739044 778.222926987088 778.507105319309 778.795025184431 779.086864750687 779.382445849843 779.681887260723 779.984951425681 780.292054070596 780.633483795139 780.948485231733 781.267228201227 781.589890871856 781.916473243618 782.246975316515 782.581397090546 782.919857344533 783.294248192249 783.684436623324 783.991420489416 784.346212831462 784.705043653464 785.113761580809 785.481560203891 785.806717229787 786.263362411908 786.644226705436 787.029485815388 787.419377299407
772.323598612056 772.518395880538 772.742472128703 772.94493063122 773.151130666637 773.361131624366 773.574814725585 773.792298749116 774.013524305547 774.238491394879 774.493925252117 774.755891944578 774.962923431751 775.203094210331 775.4469471324 775.72578041762 775.977591520779 776.201014485422 776.520648296083 776.783862166178 777.050995737407 777.321752062715 777.596368699745 777.874726869676 778.156826572508 778.442727197652 778.761885893024 779.055507141614 779.353107480749 779.654330573962 779.959354589487 780.268298306147 780.58116172394 780.897885453456 781.249233209657 781.614596866883 781.902338563771 782.234800487235 782.571182111833 782.954362592395 783.299296292195 783.604379697131 783.989223081205 784.390992447449 784.752377014129 785.11803761841 785.441353572561 785.86188999272 786.240438099214 786.623321632721 787.044511336402
772.046368840936 772.23968137414 772.436735440245 772.637471649839 772.841890002922 773.076003061567 773.314926662513 773.503963158116 773.723466421625 773.946770607445 774.202382632917 774.433585610416 774.639132362311 774.904365472384 775.177022258848 775.423250757362 775.673458346421 775.895277796963 776.184801176186 776.446055195713 776.711110137553 777.008235361399 777.281010926685 777.557528024871 777.837786655958 778.121786819946 778.445934225853 778.701130525446 778.996533456369 779.325550793988 779.666861739709 779.935717603861 780.246502392265 780.561325660625 780.919978314394 781.242819153256 781.528600999577 781.89010434508 782.266514432774 782.605331023228 782.94824548305 783.251547205652 783.64613045315 784.001100963429 784.360228732487 784.756237325852 785.123976559522 785.495932441383 785.872223750255 786.252791096728 786.637812649035
771.795507968355 772.011744814252 772.183142654751 772.382453518479 772.585624693929 772.818431185529 773.055276157085 773.243065475055 773.461143392697 773.710816477056 773.936852575788 774.166630207421 774.370573445215 774.637053732922 774.905018755907 775.149881297965 775.398247815279 775.650474644317 775.906383616843 776.16597473286 776.429426160599 776.696619121239 776.995882363886 777.270795947972 777.549272896725 777.867184414464 778.15373832313 778.407568666267 778.701130525446 779.036086804177 779.367657886474 779.634969625936 779.944032121418 780.296330108196 780.613528953002 780.934766277763 781.218885220573 781.588643694222 781.952760173814 782.289795081934 782.630749691189 782.97580216981 783.324833738977 783.677903788101 784.03501231718 784.396396883861 784.79478105367 785.164717695552 785.538989764446 785.917597260352 786.34864560628
771.519347206635 771.735287105477 771.905378378931 772.103204507381 772.330190836691 772.535915756819 772.745263431026 772.931508624306 773.17506459932 773.421827602533 773.646141408343 773.874077968231 774.105874839842 774.341235076121 774.580455624122 774.823298926202 775.069883761183 775.347588647592 775.601715937785 775.859584760879 776.121254506285 776.419983244231 776.655640427565 776.928356603439 777.204933091037 777.549391675547 777.834045123058 778.086212562684 778.377992739529 778.710751610048 779.010489967983 779.27590124629 779.621547619023 779.963096122388 780.278216337804 780.597375033176 780.920453429683 781.24727335909 781.578191157865 781.912969268362 782.251667079994 782.62605792771 782.973070256899 783.324061676633 783.679091576323 784.083474076656 784.401563762628 784.769124828066 785.140902541692 785.597607113224 785.978649574986
771.245740189594 771.435073632252 771.60373955984 771.824727558627 772.050466710304 772.254588116332 772.462451055261 772.673936748268 772.889104584765 773.107954564751 773.330486688227 773.556700955193 773.813203821831 774.046901154598 774.284340020266 774.525579808245 774.801206065265 775.018868257029 775.271095086066 775.527122837415 775.847231763365 776.111336474627 776.345211975628 776.61620585858 776.925565301117 777.204517365159 777.487210962102 777.737537329984 778.09292356614 778.386960540608 778.68491721621 778.948606201594 779.292055166115 779.601414608652 779.914396805268 780.23141748184 780.582884016863 780.907684706292 781.236583265088 781.569282746196 781.948246578569 782.246618980048 782.591255732792 782.939871576081 783.369078850264 783.726662494632 784.042911108859 784.408215376674 784.824178812176 785.198510270481 785.577117766387
770.97308340313 771.160991499922 771.328469639288 771.547794734563 771.74657109359 771.949029596107 772.155229631524 772.390708646625 772.604272969021 772.821578824318 773.042566823105 773.295446935665 773.495411082914 773.727386122759 773.962924527271 774.259218299361 774.502893053196 774.719070509682 774.969575045797 775.255832007407 775.51417594579 775.776083248841 776.008474014563 776.339569981571 776.612939440968 776.890050433265 777.17072479023 777.45537823774 777.743595049918 778.035612784407 778.331372051797 778.660567557649 778.964047448485 779.271447040455 779.582647554737 779.89758960192 780.216451350237 780.539114020865 780.865637003217 781.268772325916 781.603906772881 781.900378713204 782.242877447148 782.633006488811 782.984176076779 783.339205976469 783.653316571896 784.094461117714 784.462200351384 784.834215622656 785.210388152706
770.67678963104 770.887978376992 771.078083881995 771.271812141077 771.469222543648 771.670196310886 771.874792832203 772.083130886421 772.295091694717 772.536450261519 772.783450822378 773.006814397609 773.205412588403 773.435784114147 773.699176152476 773.937268301666 774.178983204934 774.420579329381 774.700719181645 774.953599294205 775.210161550254 775.470465339204 775.734451271644 776.002119347573 776.273528956403 776.576890068416 776.85590152187 777.138535729402 777.424911469835 777.715088132579 778.009006328224 778.30666605677 778.608007928806 778.943023596948 779.252264260663 779.604681026264 779.882148355028 780.20285117509 780.527354917463 780.897113391112 781.229991040453 781.555623181638 781.9388036622 782.283737362 782.632709541756 782.985601422646 783.342650562314 783.70379757135 784.068983060342 784.471346320697 784.845262053125
