app/data/climate/rcp45/2100/Temperature.asc
ncols        365
nrows        372
xllcorner    10.224615574000
yllcorner    43.742729801000
cellsize     0.000500000000
NODATA_value  -9999
[rows 286 to 307 of 372, columns 204 to 254 of 365]
18.3539304138879 18.3532241378917 18.3526837807009 18.3520604641073 18.3514494793169 18.3508384945265 18.3502387204662 18.3496389464058 18.3490402934185 18.3485459002211 18.347969668694 18.3473945582399 18.3468183267128 18.3462533059158 18.3456894061918 18.3451367171979 18.344584028204 18.3440795453495 18.3435503988888 18.3430795482246 18.3425504017639 18.3419752913098 18.3414573555792 18.3409517516517 18.3405167753239 18.3400941307991 18.3396120694048 18.3391300080105 18.3386714891495 18.3382017595583 18.3377544514273 18.3373082643694 18.3370145432408 18.336590777643 18.3361793438484 18.3357679100537 18.3353688080622 18.3349214999312 18.3345806937362 18.3342051342778 18.3339932514789 18.3335930284144 18.3332410114893 18.3329349585576 18.3325941523625 18.3322062611011 18.3318766656362 18.3315481912442 18.3314181467751 18.3310537980469 18.3307253236549
18.3531075462986 18.352366517039 18.3517196579123 18.3510851305887 18.3505324415948 18.3498979142711 18.3492745976776 18.3486524021571 18.3480290855635 18.3474181007731 18.3468183267128 18.3462062208494 18.345712948725 18.3450548788681 18.3445380642105 18.3439618326834 18.3433856011563 18.3427387420296 18.3421748423056 18.3416927809113 18.3411871769838 18.340646819793 18.3401053415292 18.3395773161415 18.3390593804109 18.3385425657533 18.3380369618258 18.3376726130976 18.3371782199002 18.3366972795789 18.3362264289148 18.3357566993236 18.3353093911926 18.3348037872651 18.3344158960037 18.3341457174083 18.3336759878171 18.3332645540225 18.3329237478275 18.3325235247629 18.3321008802382 18.3317365315099 18.3313710617087 18.3312185957793 18.3308307045179 18.3304898983229 18.3301490921278 18.3298194966629 18.3295022330011 18.3291849693393 18.3290201716068
18.3522017193066 18.3515324387196 18.3508732477898 18.3502039672028 18.3494629379433 18.3488990382193 18.3482409683624 18.3476882793685 18.3469707926421 18.3464181036482 18.3457835763246 18.3451602597311 18.3444551048078 18.3438441200174 18.3434091436895 18.3428093696292 18.3421277572392 18.3415403149819 18.3409517516517 18.3404461477242 18.3398004096705 18.3392241781434 18.3387892018155 18.3382365128216 18.3376838238277 18.3371434666369 18.3366143201762 18.3360975055186 18.3355212739915 18.3350739658605 18.3347096171323 18.334227555738 18.3336995303503 18.3332286796862 18.3328295776946 18.3323822695636 18.3318889974393 18.3316188188439 18.3312544701156 18.3308071619847 18.3304192707232 18.3300313794618 18.3296558200034 18.3293026820053 18.3289495440072 18.3287623248145 18.3284215186195 18.3280919231546 18.3277746594927 18.3274573958309 18.3271401321691
18.351344098454 18.3506501542608 18.3500391694704 18.3493575570803 18.3485929852875 18.3479932112272 18.3473239306403 18.3465829013807 18.3459124997208 18.3454304383265 18.3447723684696 18.3440436710132 18.3433968118864 18.3427622845628 18.3422095955689 18.3415044406456 18.3408811240521 18.3403643093945 18.3397533246041 18.3391423398137 18.3385425657533 18.3379540024231 18.3373665601659 18.3367197010392 18.3362152181847 18.3357802418568 18.3352152210598 18.3346042362694 18.3340750898087 18.3336053602175 18.3330874244869 18.3325123140328 18.3321591760347 18.3316659039103 18.3312544701156 18.330736534385 18.330278015524 18.329831828466 18.3294551479347 18.3289854183435 18.3287264504782 18.3283385592168 18.3279506679553 18.3275863192271 18.3272219704988 18.3268688325007 18.3265280263057 18.3261524668474 18.3260347541813 18.3257174905195 18.3254114375878
18.3505683159311 18.3498631610078 18.3491456742814 18.3483575599555 18.3477353644349 18.3471232585715 18.3463474760486 18.3456546529285 18.3449719194654 18.3443844772082 18.3436210264884 18.3429506248285 18.3423743933013 18.3417039916414 18.3410582535877 18.3404001837308 18.3397533246041 18.3391064654773 18.3384719381537 18.3378374108301 18.3373194750995 18.3367084903091 18.3360975055186 18.3354158931286 18.334897957398 18.3343105151408 18.3336524452839 18.333205137153 18.332652448159 18.3321591760347 18.3315594019743 18.3310190447835 18.330502230126 18.3299966261985 18.329491022271 18.329150216076 18.3286793654118 18.3282096358206 18.3277623276896 18.3273273513618 18.326904706837 18.3264932730424 18.3260459649114 18.3258699564488 18.3254943969905 18.3251412589924 18.3247410359278 18.3244125615359 18.3241300511374 18.3238127874756 18.3236244472099
18.349886703541 18.3491568850115 18.3483463492254 18.3476176517689 18.3469001650425 18.346276848449 18.3455481509925 18.3448429960693 18.344137841146 18.3435268563556 18.3427387420296 18.3420571296395 18.3413631854464 18.3406815730563 18.3400941307991 18.3394237291392 18.3387544485522 18.3380840468923 18.3373430176327 18.3367791179087 18.3361322587819 18.3356031123212 18.3348867466679 18.3342634300743 18.3337230728836 18.3331109670201 18.3324293546301 18.3318295805697 18.3312544701156 18.3307959512546 18.3302309304576 18.3296793625367 18.3291378842728 18.3286087378122 18.3280919231546 18.3275863192271 18.3270807152996 18.3267522409077 18.3262813902435 18.3258352031855 18.3253878950546 18.3249652505298 18.3245067316687 18.3241535936706 18.3239305001416 18.323519066347 18.3231659283488 18.3228251221538 18.3225314010252 18.3221793841001 18.3218733311684
18.3490862574119 18.348310474889 18.3475705667025 18.3468295374429 18.3460896292563 18.3453485999967 18.3446199025403 18.3438912050838 18.3432443459571 18.3425268592307 18.3418104935773 18.341093006851 18.3403878519277 18.3395885268716 18.3389775420812 18.338283597888 18.3376838238277 18.3369080413048 18.3362264289148 18.3356389866576 18.3349573742675 18.3342163450079 18.3335582751511 18.3329002052942 18.3324528971633 18.3317365315099 18.3311008831133 18.3304898983229 18.3298789135324 18.3292791394721 18.3286793654118 18.3281031338847 18.3276681575568 18.3270459620363 18.326563900642 18.3260347541813 18.3255179395237 18.3249529187267 18.3245179423988 18.324200678737 18.323742159876 18.3232365559485 18.3228139114237 18.3224495626955 18.3220493396309 18.3216266951062 18.3212623463779 18.3210740061123 18.3207331999172 18.3204159362554 18.3201098833237
18.3482757216257 18.3475111498329 18.3467476991132 18.34605375492 18.3453015149303 18.3445492749407 18.343797034951 18.3430447949613 18.3423037657017 18.341551525712 18.3408116175255 18.3401647583987 18.3393418908094 18.338613193353 18.3379775449563 18.337261179303 18.3364495224438 18.3357443675205 18.3350392125972 18.3345223979396 18.3337342836137 18.3330403394205 18.3323587270304 18.3316894464435 18.3310190447835 18.3303486431236 18.3296905732668 18.3291614268061 18.3284450611527 18.3279035828889 18.3272802662954 18.326681613308 18.3260112116481 18.3254237693909 18.3250594206626 18.3245067316687 18.3238957468783 18.3233778111477 18.3229192922866 18.3224260201623 18.3218845418985 18.3214271441104 18.3211323019088 18.3207567424505 18.3202858917863 18.3198980005248 18.3195224410665 18.3191580923383 18.3188172861432 18.3184876906783 18.318335224749
18.3475817774326 18.3467947841796 18.3460190016567 18.3452432191338 18.344360934675 18.343691654088 18.3429853780918 18.342221927372 18.3413631854464 18.3406939048594 18.3399293330666 18.339177093077 18.3383306829544 18.3375784429648 18.3370145432408 18.3361793438484 18.3354394356618 18.3346984064022 18.3339697089457 18.3332410114893 18.3325235247629 18.3319125399725 18.3311950532461 18.330502230126 18.3297959541297 18.3291143417396 18.3284327293496 18.3277511169595 18.3270100877 18.3265515688389 18.3259170415153 18.3251995547889 18.3245773592684 18.323977585208 18.3234484387473 18.3227903688905 18.3222264691665 18.3218150353718 18.3213441847077 18.3207567424505 18.320251138523 18.3197690771287 18.3192993475375 18.3188520394065 18.3184293948818 18.3181704270165 18.3177825357551 18.3173587701573 18.3170538382986 18.3167130321036 18.3163957684417
18.3468530799761 18.3461131717895 18.3453138467334 18.3444080197414 18.3436210264884 18.3429270822953 18.3421389679693 18.3412454727803 18.3404584795273 18.339858705467 18.339071712214 18.3382017595583 18.3374259770354 18.3366501945125 18.3359797928526 18.335121050927 18.33445177034 18.3336871985472 18.3329349585576 18.3321827185679 18.3314416893083 18.3307017811217 18.3299607518622 18.329150216076 18.3286210696153 18.3279035828889 18.3271984279656 18.3264103136396 18.3257174905195 18.3251177164592 18.3244473147992 18.3237074066126 18.3231782601519 18.3225437328283 18.3219204162348 18.3213094314444 18.3207208681141 18.3201334258569 18.3195695261329 18.3191693030684 18.3186401566077 18.3181345526802 18.3176412805558 18.3171715509646 18.3167242428337 18.3162892665058 18.3158778327111 18.3156076541157 18.3152780586508 18.3149372524558 18.3145616929975
18.3462533059158 18.3454304383265 18.3445145216773 18.3437734924178 18.3429618355586 18.3422566806353 18.3413519747163 18.3405403178571 18.339740992801 18.3390358378777 18.3382129702884 18.3374259770354 18.3366266519793 18.3358385376533 18.3350515444003 18.3342634300743 18.3334876475515 18.3327118650286 18.3319237507026 18.3312544701156 18.3304898983229 18.3297253265301 18.3288677056775 18.3281154656878 18.327468606561 18.3267286983745 18.3260112116481 18.3252825141916 18.3245773592684 18.3239540426748 18.3231659283488 18.3224843159588 18.3218027035687 18.321273557108 18.3206154872512 18.3199809599276 18.3193688540641 18.3187578692737 18.3181704270165 18.3176065272925 18.3170538382986 18.3166659470371 18.31608971551 18.3156547391822 18.315185009591 18.31473770146 18.3142556400657 18.3138565380742 18.3135157318792 18.3133150598104 18.3129395003521
18.3456187785921 18.3447847002727 18.3438441200174 18.3430212524281 18.3421983848388 18.341433813046 18.3406109454567 18.3397880778674 18.3389652102781 18.3381546744919 18.3373318069026 18.3365201500434 18.3357096142572 18.3349685849976 18.3341692599415 18.3333587241553 18.3325593990992 18.3317589529701 18.3308542470511 18.3301603028579 18.3293733096049 18.3285739845488 18.327798202026 18.3270224195031 18.3263520178431 18.3254820651874 18.3247298251977 18.323977585208 18.3233430578844 18.3226143604279 18.3218845418985 18.3211681762451 18.3204630213218 18.3197690771287 18.3190874647386 18.3184293948818 18.3179002484211 18.3171950934978 18.316653615234 18.3160549622467 18.3154787307196 18.314843082323 18.3143027251322 18.3138565380742 18.3135034000761 18.3129742536154 18.3125280665574 18.3121043009596 18.3117522840345 18.3113285184368 18.3109765015116
18.3449954619986 18.3440436710132 18.3431972608906 18.3423508507681 18.3415167724487 18.3406703623262 18.3398351629338 18.3389887528113 18.3382253020915 18.337378891969 18.3365436925766 18.3357208249873 18.3348867466679 18.3339461664125 18.3332286796862 18.3323946013668 18.3316535721072 18.3307253236549 18.3299136667957 18.3291973011424 18.3283856442832 18.327468606561 18.3266692815049 18.3259641265817 18.3251648015256 18.3243766871996 18.3235896939466 18.3228139114237 18.3220381289008 18.321273557108 18.3205213171184 18.3198867897947 18.3191580923383 18.3183464354791 18.3177231188855 18.3170302957654 18.3163486833753 18.3155964433856 18.3150314225886 18.3145381504643 18.3138442062711 18.3132567640139 18.3126928642899 18.3122220136257 18.3116222395654 18.311128967441 18.3108117037792 18.3103643956482 18.3099529618536 18.309553859862 18.3091895111338
18.3442320112788 18.3433732693532 18.3425156485006 18.3417163234445 18.3408575815189 18.3399999606663 18.3391423398137 18.338283597888 18.3373194750995 18.3365795669129 18.3357914525869 18.3349450424644 18.3339809196758 18.3331345095533 18.3323946013668 18.3315481912442 18.3305952791858 18.3297488690633 18.3289966290736 18.3282679316171 18.3273273513618 18.3264932730424 18.32565807365 18.3248352060607 18.3240123384714 18.3232018026852 18.3224843159588 18.3216849909027 18.3207802849837 18.3200863407905 18.3193105582676 18.3185347757447 18.3176771548921 18.3170415064955 18.3163957684417 18.3156659499123 18.3148666248562 18.3141614699329 18.3135740276757 18.312821787686 18.3121872603624 18.3117051989681 18.3111054249078 18.3105291933807 18.3099765043868 18.3094596897292 18.3089540858017 18.3084843562105 18.3080370480795 18.3077792012873 18.3073913100258
18.3436557797517 18.342785827096 18.3419046637102 18.3410347110545 18.3400470457327 18.3393418908094 18.3384719381537 18.337496604635 18.3366266519793 18.3358620801865 18.3349921275308 18.3340167940122 18.3331468413564 18.3323475163003 18.3315952763107 18.330618821719 18.3297488690633 18.3288912482107 18.328033627358 18.3271748854324 18.3263172645798 18.3255414820569 18.3246950719344 18.3237309491459 18.3229899198863 18.3221558415669 18.3213206421745 18.3203800619191 18.3196513644626 18.3189349988093 18.3181233419501 18.3172298467611 18.3164305217051 18.3156547391822 18.3149731267921 18.3141143848665 18.313492189346 18.3127634918895 18.312140175296 18.3113643927731 18.310682780383 18.3100359212563 18.3094013939327 18.3087892880692 18.3083543117414 18.3078027438205 18.3072735973598 18.3067085765628 18.3062971427681 18.3058509557101 18.3054395219155
18.3431389650941 18.3422566806353 18.3413755172495 18.3403766411976 18.3394831460087 18.3387073634858 18.337825079027 18.3368844987716 18.3360033353858 18.3352275528629 18.3343452684041 18.3333587241553 18.3324764396965 18.3315829445076 18.3307017811217 18.3298901242625 18.3290089608767 18.328139008221 18.3272567237622 18.3263755603763 18.3255056077206 18.3246244443348 18.3238363300088 18.3228609964901 18.3220964246973 18.3212388038447 18.3202746810562 18.3194159391306 18.318569529008 18.3178296208215 18.316983210699 18.3161603431097 18.3153374755204 18.3145258186611 18.313726493605 18.3129395003521 18.3121637178292 18.3114114778395 18.310788161246 18.3100594637895 18.3093543088662 18.3086715754032 18.3079193354135 18.3073677674926 18.3067444508991 18.3063094745712 18.3056861579777 18.305157011517 18.3047220351891 18.3042635163281 18.3037702442037
18.3425504017639 18.3416456958449 18.3406815730563 18.3397880778674 18.3388833719484 18.3381075894255 18.3370851708404 18.3361916756515 18.3352858486594 18.3344988554064 18.3335582751511 18.332652448159 18.3317589529701 18.3308542470511 18.3299607518622 18.3290560459431 18.3281502189511 18.3273273513618 18.3263172645798 18.3255291502538 18.3246356550649 18.323742159876 18.322730952021 18.3218385779051 18.3210616743092 18.3202623492531 18.3192634732012 18.3183935205455 18.3175123571597 18.3166424045039 18.3157724518482 18.3149260417257 18.3140672998001 18.3133273916135 18.3125045240242 18.3116816564349 18.3108699995757 18.3100830063227 18.3093072237998 18.308542652007 18.3079193354135 18.3072029697601 18.3064148554341 18.3058274131769 18.3051805540502 18.3044753991269 18.3038879568697 18.3033229360727 18.303018004214 18.302452983417 18.3019955856289
18.3420223763762 18.3409988367181 18.340081798996 18.3391658823469 18.3383071404212 18.3374024345022 18.3364853967801 18.3355683590579 18.3346625320659 18.3337466154168 18.3328295776946 18.3319125399725 18.33106612985 18.3300313794618 18.3292320544057 18.3283150166835 18.3273979789614 18.3263643496462 18.3254473119241 18.324647986868 18.3238015767455 18.3227780370874 18.3218609993653 18.3209450827161 18.3201569683901 18.3191222180019 18.3182175120829 18.3173116850909 18.3165011493047 18.3156076541157 18.3147141589268 18.3138206637379 18.3129507110822 18.3119630457604 18.3112108057707 18.310458565781 18.3096244874616 18.3086951179364 18.307978752283 18.3071794272269 18.306403644704 18.3055449027784 18.304816205322 18.3043229331976 18.3036289890044 18.3028879597448 18.3022657642243 18.301665990164 18.30110209044 18.3005729439793 18.3000785507819
18.3413990597827 18.3404696902574 18.3395537736083 18.3386244040831 18.3376961556308 18.3367791179087 18.3358508694564 18.3349809168007 18.3340515472755 18.3331232988232 18.332193929298 18.3312656808457 18.3303374323935 18.3292903502022 18.328479814416 18.3276098617603 18.3265515688389 18.3256233203867 18.3246950719344 18.3238722043451 18.3228251221538 18.3218845418985 18.3210269210459 18.3200863407905 18.3191580923383 18.318228722813 18.3173004743608 18.3163722259085 18.3154428563833 18.314514607931 18.3136917403417 18.3127747026196 18.3117522840345 18.3108464570425 18.3100706745196 18.3091895111338 18.308201845812 18.3073318931563 18.3067085765628 18.3058744982434 18.3049574605212 18.3041581354651 18.3033823529422 18.3027242830854 18.3019014154961 18.3011962605728 18.3006671141121 18.3000314657155 18.2994328127282 18.2988565812011 18.2983274347404
18.3408575815189 18.3399181223365 18.3390358378777 18.3380952576224 18.3370492965041 18.3362264289148 18.3352858486594 18.3343452684041 18.3332993072858 18.3324764396965 18.3315829445076 18.3306423642522 18.3295851924038 18.3286322803454 18.3278094127561 18.3268576217706 18.3257993288492 18.3249058336603 18.3239540426748 18.3230022516894 18.3220493396309 18.3210975486455 18.32014575766 18.3191928456016 18.3182410546161 18.3173587701573 18.3164069791718 18.3154551881864 18.3143856845349 18.3135628169456 18.3126099048871 18.3115516119657 18.3106233635135 18.309776953391 18.3089776283349 18.3079428779467 18.3070381720277 18.3061446768387 18.3053688943159 18.3043812289941 18.3036413208075 18.3028061214151 18.3019955856289 18.3011962605728 18.30043168878 18.2996794487904 18.2989742938671 18.2982097220743 18.2977870775496 18.2971749716861 18.2966110719621
18.340422605191 18.3394708142056 18.3385302339502 18.3374730621018 18.3365672351098 18.3357443675205 18.334792576535 18.3337342836137 18.3327824926282 18.3319472932358 18.3309955022503 18.3299730836653 18.3290201716068 18.3280683806214 18.3272219704988 18.3261401350442 18.3251883440588 18.3242242212702 18.3232600984817 18.3223553925626 18.3213912697741 18.3204159362554 18.3194518134669 18.3183587672822 18.3175000253565 18.316535902568 18.3155605690493 18.3145493611944 18.3135740276757 18.3127276175532 18.3117634947646 18.3106704485799 18.3097186575945 18.3087545348059 18.3080135055463 18.306956333698 18.3060157534426 18.3050987157205 18.3041816779983 18.3032758510063 18.3023834768904 18.3015011924315 18.3007724949751 18.2999384166557 18.2991267597965 18.2983509772736 18.2975864054808 18.2967758696946 18.2961760956343 18.2955292365075 18.2950012111198
18.3399528755998 18.3390010846144 18.3380481725559 18.3369786689045 18.336026877919 18.3351804677965 18.3341580492114 18.3331939264229 18.3322298036343 18.3313946042419 18.3303015580572 18.3293374352686 18.3283744335531 18.3273979789614 18.3264809412393 18.3255179395237 18.324541484932 18.3235661514134 18.3225784860916 18.321603152573 18.3206154872512 18.3196278219294 18.3185818608112 18.3175941954894 18.3167365746368 18.315748909315 18.3146323205971 18.3136323234722 18.3126457792235 18.3118576648975 18.3107410761795 18.3097534108578 18.308765745536 18.3077792012873 18.3068027466956 18.3058274131769 18.3048520796583 18.3039933377327 18.3030415467472 18.3021009664919 18.3011727180396 18.3002556803175 18.2992444724625 18.2984799006697 18.2976222798171 18.2969171248938 18.2960236297049 18.2952590579121 18.2946121987854 18.2939193756652 18.2931783464057
