app/data/climate/rcp45/2100/Temperature.asc
ncols        365
nrows        372
xllcorner    10.224615574000
yllcorner    43.742729801000
cellsize     0.000500000000
NODATA_value  -9999
[rows 88 to 109 of 372, columns 51 to 101 of 365]
18.5268391095777 18.5275790177643 18.5281552492914 18.5288839467479 18.5295308058746 18.5302595033311 18.5308940306547 18.5314590514518 18.5320812469723 18.5327864018955 18.5334097184891 18.5340677883459 18.5346092666097 18.5351967088669 18.5358671105269 18.5364545527841 18.5370307843112 18.5375240564356 18.5381585837592 18.5387236045562 18.5392998360834 18.539827861471 18.5403570079317 18.5408749436623 18.5413917583199 18.5418850304443 18.5423794236417 18.5428491532329 18.5433435464303 18.5438020652913 18.5442370416192 18.544672017947 18.5450946624718 18.5455060962664 18.545906319331 18.5463289638557 18.5466585593207 18.5470105762458 18.5473513824408 18.5477157311691 18.5480341159039 18.5482919626962 18.5485744730947 18.5488681942233 18.5491036195554 18.5493267130844 18.54951505335 18.549738146879 18.5499141553416 18.5500677423439 18.5502078764702
18.526074537785 18.526756150175 18.5273559242353 18.5280263258953 18.5287079382853 18.529460178275 18.5301888757315 18.5307651072586 18.5314119663853 18.5321406638418 18.5327751911654 18.5334097184891 18.533962407483 18.5346675624062 18.5353256322631 18.5359377381265 18.5365363911138 18.537124954444 18.5377123967013 18.5382886282284 18.5388648597555 18.5394164276764 18.5399691166703 18.5405453481974 18.5410744946581 18.5416036411188 18.5421798726459 18.5426148489738 18.5431081210982 18.5435901824924 18.5441193289531 18.5445419734779 18.5449892816089 18.5454242579367 18.5458939875279 18.5463054213225 18.5466462275176 18.547034118779 18.5474455525737 18.5477986905718 18.5481394967668 18.5484220071653 18.5487628133604 18.549056534489 18.5493379238145 18.5495968916798 18.5498323170118 18.5500318680076 18.5502437508065 18.5504320910722 18.5505957677316
18.5251227467995 18.5259097400525 18.5265218459159 18.5272270008392 18.5280027833621 18.5286956064822 18.5293783399453 18.5299769929326 18.5307292329223 18.5314590514518 18.5321283320387 18.5327751911654 18.5334332610223 18.5340677883459 18.5347034367426 18.5353379640662 18.5359612806597 18.5366193505166 18.537230335307 18.5378301093673 18.5384175516245 18.5390756214814 18.5395700146788 18.5401339144028 18.5406978141268 18.5413446732535 18.5418738197142 18.5423323385753 18.5428491532329 18.5434141740299 18.5439074461543 18.544330090679 18.5448009413432 18.5453300878039 18.545788606665 18.5462112511897 18.546587931721 18.5470464505821 18.5474343418436 18.547822233105 18.5481865818332 18.5485273880283 18.5488681942233 18.5491854578851 18.5494791790137 18.5497616894122 18.5500318680076 18.5502908358729 18.5505139294019 18.5507370229309 18.5509253631965
18.5242404623407 18.5249691597971 18.5256048081938 18.5264859715796 18.527203458306 18.5279086132292 18.5286137681525 18.5293189230758 18.5300128672689 18.530694479659 18.531376092049 18.5320577044391 18.5327864018955 18.5334455928254 18.5341036626822 18.534750521809 18.5354792192654 18.5360319082593 18.5366541037799 18.5372774203734 18.538018449633 18.5386171026203 18.5391350383509 18.5397224806081 18.5403693397348 18.5409332394589 18.5414971391829 18.541967989847 18.5426148489738 18.5431316636314 18.543648478289 18.5440957864199 18.5446484754138 18.5451305368081 18.5456002663993 18.5460587852603 18.5465173041214 18.5469522804493 18.5473637142439 18.5477751480386 18.5481630393 18.5485385987584 18.5488917367565 18.5492448747546 18.5495621384164 18.5499141553416 18.5501731232069 18.5504433018023 18.5507022696676 18.550972448263 18.5511843310618
18.5234411372846 18.5241821665442 18.5249220747307 18.5256631039903 18.5263918014468 18.5271911265029 18.5279086132292 18.5286260999556 18.5293312548789 18.5300364098021 18.5307415647254 18.5315173472483 18.5321171213086 18.5328570294952 18.5335274311551 18.5342796711448 18.5349377410016 18.5355027617987 18.5361484998524 18.5368659865787 18.5375005139024 18.5381238304959 18.538700062023 18.5393816744131 18.5399814484734 18.5405576800005 18.5411327904546 18.5417090219817 18.5422617109756 18.5428143999696 18.5433782996936 18.5438962354242 18.5444130500817 18.5449186540092 18.5454007154035 18.5458827767978 18.546352506389 18.5467986934469 18.547257212308 18.5476809779057 18.5481394967668 18.5484915136919 18.5488681942233 18.5492325429515 18.5496327660161 18.549961240408 18.5502314190034 18.550525140132 18.5508435248668 18.5511013716591 18.5513367969912
18.5225476420957 18.5232998820853 18.5240644538781 18.5248166938678 18.5255689338575 18.5263099631171 18.5271328307064 18.5277796898331 18.5285790148892 18.5292953805425 18.5301070374018 18.530812192325 18.5314231771154 18.5321283320387 18.5329041145616 18.5335868480246 18.5343155454811 18.5349029877383 18.535655227728 18.5363020868547 18.5369478249085 18.5375946840352 18.5382292113589 18.5388525279524 18.5395105978092 18.5401103718695 18.5407101459299 18.5412975881871 18.5418738197142 18.5424377194382 18.5429904084321 18.543543097426 18.5440722438867 18.5446361436107 18.5451417475382 18.5457056472622 18.54612941286 18.5465991424511 18.5470699931153 18.5475632652397 18.5479982415676 18.5483749220989 18.5487863558936 18.5492213322214 18.5495856809497 18.5499376978748 18.5502437508065 18.5505610144683 18.5509018206633 18.5511843310618 18.5514421778541
18.521572308577 18.5224422612327 18.5231238736228 18.5239702837453 18.5247348555381 18.5255812656606 18.5263335056503 18.5269915755071 18.5277326047667 18.5285666830861 18.5292953805425 18.5300834948685 18.5307180221922 18.5315173472483 18.5322225021715 18.5329276570948 18.533621601288 18.534303213678 18.5349848260681 18.5357135235245 18.5363727144544 18.5370307843112 18.537677643438 18.5383233814917 18.5389579088153 18.5395812254089 18.540275169602 18.540839069326 18.5414388433863 18.5420262856436 18.5426731447703 18.5431664168947 18.5437191058886 18.5442717948825 18.5448009413432 18.5454119261336 18.5458592342646 18.546352506389 18.5468345677832 18.5473637142439 18.5478099013019 18.5481977925633 18.5486215581611 18.5490912877523 18.5494915108168 18.5498670702752 18.550184333937 18.5505610144683 18.5508906099332 18.5511955417919 18.5514780521905
18.5207965260541 18.5215846403801 18.5222662527702 18.523042035293 18.5239231986789 18.5247696088014 18.5255341805942 18.526192250451 18.5269568222438 18.5277909005632 18.5285431405529 18.5292841698124 18.5299186971361 18.5307415647254 18.5315285579784 18.5322348339746 18.532951199628 18.5336451438212 18.5343502987444 18.5350319111345 18.5357135235245 18.5363839251845 18.5371126226409 18.5377594817677 18.5384175516245 18.5390520789482 18.5397695656745 18.5403099228653 18.5409220287288 18.5415330135192 18.5422381684424 18.5427549831 18.543320003897 18.543883903621 18.5445072202146 18.5450475774054 18.5455060962664 18.546022910924 18.5466114742543 18.5471047463786 18.5475755970428 18.5479746990344 18.5484803029618 18.5489029474866 18.5493143812812 18.5497146043458 18.5501137063373 18.5504791761386 18.5508199823336 18.5511484567255 18.5514545096572
18.5199265733984 18.5207258984545 18.5214198426476 18.5222068359006 18.5230891203595 18.5238761136124 18.5246518961353 18.5253222977953 18.5262628780506 18.5270151180403 18.5277796898331 18.5285195980197 18.5292718380093 18.5300128672689 18.5307415647254 18.5314702621819 18.5322583765079 18.5329747421612 18.5336798970845 18.5343861730807 18.5350789962009 18.5358547787238 18.5364545527841 18.537124954444 18.5377830243009 18.538582349357 18.5392292084837 18.5397807764046 18.5404164248013 18.5411092479214 18.5417213537849 18.5422505002455 18.5428379425028 18.5435307656229 18.54410699715 18.5446596861439 18.5451305368081 18.5457291897954 18.5462583362561 18.5467639401836 18.547257212308 18.5477628162355 18.5482213350965 18.5486686432275 18.5491036195554 18.5495262640801 18.5499264871447 18.550302046603 18.5506663953313 18.5510307440595 18.5513950927877
18.519092495079 18.5198918201351 18.520667602658 18.5215610978469 18.5223480910999 18.5231362054259 18.5239231986789 18.5246989812018 18.5254747637246 18.5262393355174 18.5270734138368 18.5278379856296 18.5285902256193 18.529342465609 18.5300834948685 18.5308234030551 18.5316462706444 18.5322819190411 18.5330577015639 18.5337740672173 18.5345733922734 18.5352673364666 18.535878321257 18.536559933647 18.5373245054398 18.5379949070998 18.5387112727531 18.5392762935501 18.5400049910066 18.5406395183302 18.5412628349238 18.5418031921146 18.5424848045046 18.5430733678349 18.5436608100921 18.5442717948825 18.5448244838764 18.5453771728703 18.5459175300611 18.5464343447187 18.5469399486462 18.5474343418436 18.5479164032378 18.5484096753622 18.5488681942233 18.5493502556176 18.5497146043458 18.5501137063373 18.5504903868687 18.5509018206633 18.5512426268584
18.5182931700229 18.519092495079 18.519879488332 18.5206788133881 18.5215487660438 18.5223368803698 18.5231238736228 18.5238996561457 18.5246877704717 18.5254635529945 18.5262270037143 18.52709695637 18.52776735803 18.5285902256193 18.529342465609 18.5301776650014 18.5309175731879 18.5315644323147 18.5322931297712 18.5331159973605 18.5338334840868 18.5346092666097 18.5352202514001 18.5360083657261 18.5366899781162 18.5373715905062 18.5380532028963 18.5387112727531 18.53936934261 18.5400756186062 18.5407101459299 18.5413446732535 18.541967989847 18.5425677639074 18.5431664168947 18.5437549802249 18.544330090679 18.5449421965424 18.5454948855363 18.5460352427271 18.5466226849844 18.5470699931153 18.5475632652397 18.548045326634 18.5485744730947 18.549056534489 18.5494320939473 18.5498435277419 18.5502908358729 18.5506663953313 18.5510307440595
18.5175285982301 18.5183167125561 18.5191037058091 18.5199030308652 18.5206911451912 18.5214781384442 18.5223716336331 18.5231238736228 18.5238996561457 18.5246877704717 18.5255577231274 18.5263335056503 18.5270027862372 18.52776735803 18.5286137681525 18.5294366357418 18.5301888757315 18.5308357348582 18.5316698131776 18.5324108424372 18.5331395398937 18.53385702662 18.5345733922734 18.5352785471967 18.5360431189894 18.5367370631826 18.5374186755727 18.5381002879627 18.5387706896227 18.5394287594795 18.5400868293363 18.54072135666 18.5414153008531 18.5420386174467 18.5426496022371 18.543320003897 18.5438368185546 18.5444130500817 18.5449892816089 18.5456114771294 18.5461877086565 18.5466462275176 18.5471641632482 18.5477280629722 18.5481977925633 18.5486686432275 18.549056534489 18.5495498066133 18.5499971147443 18.5503850060058 18.5507605654641
18.5167528157072 18.5176227683629 18.5183750083526 18.5191507908755 18.5199389052015 18.5208200685873 18.5215958511102 18.5222897953034 18.5230655778263 18.5239467412121 18.5247931513346 18.5255689338575 18.5262393355174 18.52709695637 18.5278615281628 18.5286260999556 18.5293783399453 18.530130579935 18.5309411157212 18.5316821449807 18.5324220531673 18.5331518716968 18.5338682373501 18.5345857240765 18.5353020897299 18.5360083657261 18.5368547758487 18.537453428836 18.538135041226 18.538805442886 18.5395464721455 18.5401227036727 18.5407684417264 18.541404090123 18.5421092450463 18.5427785256332 18.5433076720939 18.5438962354242 18.544554305281 18.545118205005 18.5456708939989 18.5461406235901 18.5467403976504 18.5472930866443 18.5477863587687 18.548268420163 18.5486686432275 18.549174247155 18.5496092234829 18.5500206572775 18.550408548539
18.5161889159832 18.516952366703 18.5176104365598 18.5183750083526 18.5192449610083 18.5200913711308 18.5208671536537 18.5215375553137 18.5224187186995 18.5231945012224 18.5239702837453 18.5247348555381 18.525510638061 18.5263447163804 18.5271092881731 18.5278727388929 18.5286373106857 18.5293895506754 18.5301417906651 18.5308828199246 18.5316227281112 18.5325162233001 18.5331630824269 18.5338805691533 18.5345969348066 18.5353962598627 18.536101414786 18.5367135206494 18.5374063437695 18.5381473730291 18.5389119448219 18.539487055276 18.5401462462059 18.5407919842596 18.541509470986 18.5421439983096 18.5426731447703 18.5432841295607 18.5440016162871 18.5445778478142 18.5451529582683 18.5456350196626 18.546247125526 18.5467639401836 18.5472807548412 18.5477751480386 18.5482919626962 18.5487504815572 18.5491977896882 18.549620434213 18.5500318680076
18.5156474377194 18.5163761351759 18.5170229943026 18.5177752342923 18.5186216444148 18.5193862162076 18.5202090837969 18.5208783643838 18.5217483170396 18.5225128888323 18.5232886713552 18.524053243148 18.5248290256709 18.5255924763907 18.5263570481835 18.5271911265029 18.5279433664926 18.5287079382853 18.529460178275 18.5302124182647 18.5309534475243 18.5317875258437 18.5324220531673 18.5332213782234 18.5339511967529 18.534750521809 18.5354668874623 18.5360778722528 18.536784148249 18.5375599307719 18.538241543162 18.5388884022887 18.5395576828756 18.5402987121352 18.5409332394589 18.5415800985856 18.5421204557764 18.5428143999696 18.5434141740299 18.5440599120836 18.5446361436107 18.5452000433347 18.5457527323286 18.5462942105924 18.54681102525 18.5473166291775 18.5478099013019 18.5483278370325 18.5487863558936 18.5492213322214 18.5496910618126
18.5150712061923 18.5158122354519 18.5164355520454 18.5172460878316 18.5179871170912 18.5187281463507 18.5194680545373 18.520220294527 18.5209725345167 18.521795402106 18.5225599738988 18.5233234246185 18.5240879964113 18.5248525682041 18.5256048081938 18.5263682589136 18.5272270008392 18.5279556982957 18.5287079382853 18.529460178275 18.5302942565944 18.531035285854 18.5316821449807 18.5324220531673 18.5332337100265 18.533962407483 18.5347381900059 18.5353615065994 18.5361608316555 18.5368547758487 18.5375475989688 18.538135041226 18.5388996130188 18.5395576828756 18.540275169602 18.5409220287288 18.5415565560524 18.5421798726459 18.5427908574363 18.5434018422268 18.543989284484 18.5445655160111 18.5451765008015 18.5457291897954 18.5462583362561 18.5468457785133 18.5472807548412 18.5477628162355 18.5482336668997 18.5487392708271 18.5492090004183
18.5146250191343 18.5152718782611 18.515941158848 18.5166351030412 18.5173873430308 18.5181048297572 18.5188211954106 18.5195622246702 18.5202909221266 18.5210431621163 18.5217841913759 18.5226306014984 18.5233592989549 18.5241115389445 18.5248637789342 18.5257225208598 18.5264747608495 18.5271328307064 18.527885070696 18.5287191490154 18.5295420166047 18.5302830458643 18.5309299049911 18.5317527725804 18.5324926807669 18.5332101674933 18.5339388649498 18.534644019873 18.535432134199 18.5361249573192 18.5368189015123 18.5375128457055 18.5381944580955 18.5388648597555 18.5395229296123 18.5401809994692 18.5408155267928 18.5415206817161 18.5421327875795 18.5427437723699 18.54342538476 18.5439309886875 18.5445072202146 18.5450599092085 18.5456708939989 18.5462583362561 18.5467056443871 18.5471989165115 18.5477392737023 18.5481977925633 18.5486327688912
18.5142371278729 18.5148369019332 18.5154714292568 18.5161182883836 18.5167875689705 18.5174703024336 18.518304380753 18.5189276973465 18.5196440629999 18.5203738815294 18.5211967491187 18.5219366573052 18.522583516432 18.5233234246185 18.524158624011 18.5249814916003 18.5257225208598 18.5263805907167 18.5272146690361 18.5279669090258 18.5287079382853 18.5294489675449 18.5301888757315 18.5310005325907 18.5317292300472 18.5324579275036 18.53317541423 18.5338917798834 18.5346092666097 18.535314421533 18.5360083657261 18.5367718164459 18.537453428836 18.538135041226 18.538805442886 18.5395464721455 18.5401103718695 18.5407572309963 18.5413805475898 18.5421439983096 18.5427437723699 18.5432605870275 18.5438491503577 18.5444836776814 18.5450363666753 18.5455767238661 18.5460352427271 18.5466585593207 18.547140620715 18.5476103503061 18.5480565373641
18.5138963216779 18.5145431808046 18.5150599954622 18.5156597695225 18.5162942968461 18.5170229943026 18.5176933959626 18.5182931700229 18.5189747824129 18.5198211925355 18.5205375581888 18.5212550449152 18.5218895722388 18.5227124398281 18.5234411372846 18.5241821665442 18.5249220747307 18.5256631039903 18.5264624290464 18.527203458306 18.5279433664926 18.5286843957521 18.5294254250117 18.5301541224682 18.5308828199246 18.5316115173811 18.5324926807669 18.5331283291636 18.5338334840868 18.5345386390101 18.5353379640662 18.5359377381265 18.5366305612467 18.5373121736367 18.538135041226 18.538805442886 18.5393816744131 18.5400162017367 18.5407336884631 18.5413570050566 18.541967989847 18.5424971363077 18.5432258337642 18.5438020652913 18.5443659650153 18.5449063222061 18.5454354686668 18.5459534043974 18.5464466765218 18.5469287379161 18.5474455525737
18.5137315239454 18.5142371278729 18.514695646734 18.5152954207943 18.5159647013812 18.5165768072447 18.5172113345683 18.5177875660954 18.5185398060851 18.5192214184751 18.5199030308652 18.520667602658 18.5213727575812 18.5220891232346 18.522806609961 18.5235353074174 18.5242527941438 18.5249927023304 18.5257225208598 18.5265218459159 18.5272505433724 18.5280734109617 18.5287191490154 18.5294489675449 18.5301776650014 18.5309882007876 18.5317056875139 18.5323402148376 18.5331283291636 18.5339153224166 18.5346204773398 18.5352325832033 18.5359254063234 18.5366070187135 18.5373715905062 18.5380296603631 18.5386765194898 18.5393345893467 18.540052076073 18.5406866033967 18.5412975881871 18.5418267346478 18.5424971363077 18.543084578565 18.5437191058886 18.5442605841524 18.5448009413432 18.5453177560008 18.5458233599283 18.5463054213225 18.5467762719867
18.5135319729496 18.5139781600076 18.5144019256053 18.5149187402629 18.5155297250534 18.5160947458504 18.5167404839041 18.5172819621679 18.5179871170912 18.518645186948 18.5193032568049 18.5199848691949 18.520667602658 18.5213604257781 18.5221249975709 18.5228301524942 18.5235353074174 18.5242527941438 18.5249814916003 18.5256989783266 18.5264276757831 18.5272382115693 18.5279433664926 18.5286608532189 18.5293895506754 18.5302012075346 18.5309175731879 18.5315408897815 18.5322583765079 18.5330453697608 18.5338211522837 18.5344321370741 18.5351260812673 18.5359018637902 18.5365722654501 18.5372426671101 18.5378177775642 18.5385588068238 18.5392056659505 18.5399108208738 18.5405341374673 18.5411451222577 18.5417448963181 18.5423200067722 18.5428962382993 18.5434612590963 18.5440016162871 18.5446013903474 18.5451069942749 18.5456002663993 18.54612941286
18.5134019284805 18.5137898197419 18.5141552895432 18.5146833149308 18.5151777081282 18.5157068545889 18.5162584225098 18.5168346540369 18.5174815131637 18.5181048297572 18.5187393570809 18.5193862162076 18.5200442860644 18.5207146877244 18.5213963001144 18.5220779125045 18.5228649057575 18.5235353074174 18.5242404623407 18.524957949067 18.5257572741231 18.5264747608495 18.52709695637 18.5278144430964 18.5286137681525 18.5294018824785 18.5301182481319 18.5307292329223 18.5315285579784 18.5322348339746 18.5329399888979 18.5335397629582 18.5343155454811 18.5350789962009 18.5357606085909 18.5364310102509 18.5370890801077 18.5377471499646 18.5383940090913 18.5390285364149 18.5396518530085 18.5403457972016 18.540945571262 18.5415330135192 18.5421204557764 18.5427437723699 18.5432258337642 18.543766190955 18.5442841266856 18.5449063222061 18.5453883836004
