app/data/climate/rcp45/2100/Temperature.asc
ncols        365
nrows        372
xllcorner    10.224615574000
yllcorner    43.742729801000
cellsize     0.000500000000
NODATA_value  -9999
[rows 220 to 241 of 372, columns 204 to 254 of 365]
18.4438819489874 18.4447631123732 18.4456218542988 18.4464447218881 18.4472440469442 18.4481487528633 18.4488774503197 18.4495713945129 18.4502294643697 18.4508527809633 18.4514402232205 18.4519929122144 18.4526397713411 18.4531677967288 18.453532145457 18.4539211577915 18.4542496321834 18.4545792276483 18.4548135319074 18.4549783296399 18.4552720507685 18.4553550101712 18.4553785527044 18.4553426783681 18.4552485082353 18.4550960423059 18.4548729487769 18.4545904383784 18.4543673448495 18.4539435792517 18.4534390963972 18.4528628648701 18.4521924632101 18.4513460530876 18.4506173556312 18.4498180305751 18.44879561199 18.4475254362697 18.4464447218881 18.4451162503713 18.4436577343854 18.4418830758106 18.4401790448355 18.4387093181195 18.436746319279 18.434371886644 18.4321028348718 18.4296813171703 18.4274245972013 18.4243326778398 18.4213932244078
18.4423180521385 18.4431992155243 18.4440579574499 18.4448808250392 18.4457743202282 18.4464447218881 18.4471734193446 18.4480198294671 18.4487597376537 18.4493124266476 18.4498998689048 18.4504525578987 18.4510287894258 18.451498519017 18.4518628677452 18.4523920142059 18.4527799054674 18.4530624158659 18.453297841198 18.4534738496605 18.4536263155899 18.4537092749926 18.4537440282559 18.4538505301919 18.453756360059 18.4536027730567 18.4533920113308 18.4531095009323 18.4526980671376 18.4523213866063 18.4519570378781 18.451381927424 18.4506285663613 18.4498651156415 18.449136418185 18.4482070486598 18.4470433748754 18.4459155754274 18.444962663369 18.4436341918522 18.4419884566736 18.4404021383645 18.4386969863164 18.4370983362042 18.4348887013015 18.4327732365318 18.4306454399589 18.4282351329875 18.4256611493566 18.4229100361902 18.4199952463643
18.4405781468271 18.441471642016 18.4424705180679 18.4433998875931 18.4441868808461 18.444857282506 18.4455859799625 18.4463740942885 18.4470321641453 18.4475848531392 18.4483247613258 18.4489480779193 18.4494536818468 18.449923411438 18.4503000919693 18.4507350682972 18.4510758744922 18.4513695956208 18.4517462761522 18.451945827148 18.4520870823472 18.4521689206769 18.4521924632101 18.4521577099468 18.4520870823472 18.4520747505441 18.4518516570151 18.4515343933533 18.4511700446251 18.4507933640937 18.4502877601662 18.4496420221125 18.4489604097225 18.448348303859 18.4476083956725 18.4465613134812 18.445527684166 18.444398763645 18.4433169281904 18.4418012374809 18.440342721495 18.4388976583851 18.4372048381401 18.4353707626958 18.4334077638554 18.4313035098157 18.4290467898467 18.4266488146784 18.4242261759039 18.4215109370738 18.4186196897811
18.4391319626442 18.440014247103 18.4409660380885 18.4417889056778 18.4427294859331 18.4433998875931 18.4442227551824 18.4449155783026 18.4455747692324 18.4461263371533 18.4467967388133 18.4474906830064 18.4479962869339 18.4484660165251 18.4489009928529 18.4492888841144 18.4496296903094 18.4499122007079 18.4501588367701 18.4504996429651 18.4506408981644 18.4507227364941 18.4507586108304 18.4507227364941 18.4506408981644 18.4504996429651 18.4502877601662 18.4501117517037 18.4497474029754 18.4493718435171 18.4488068227201 18.4482193804629 18.4475489788029 18.4467855280832 18.4459503286907 18.4451510036346 18.4441162532465 18.4429884537984 18.4417541524145 18.4404021383645 18.4389559541817 18.4373808466027 18.4358169497538 18.4339952061126 18.4320445390753 18.4299514957657 18.4277183183299 18.4250378327631 18.4228046553273 18.4201118379574 18.4173730565941
18.4375221018019 18.4383920544576 18.4393438454431 18.4401667130324 18.4409548273584 18.4417182780782 18.4425882307339 18.4432821749271 18.4439402447839 18.4445747721075 18.4451633354378 18.4457036926285 18.4462205072861 18.4466913579503 18.4472675894774 18.4476554807389 18.4479962869339 18.4482900080625 18.4485601866579 18.4487249843904 18.4488774503197 18.4489604097225 18.4491476289151 18.4491128756518 18.4490299162491 18.4488897821228 18.4486420249876 18.448348303859 18.4479962869339 18.4477720723319 18.4472081726079 18.4466207303507 18.4459503286907 18.4451980887011 18.4443516785785 18.4434234301263 18.4423998904682 18.4414133462195 18.4401902555656 18.4388505733187 18.4374043891359 18.435840492287 18.4339369103161 18.432349470934 18.4304100146268 18.4284705583196 18.4259784130185 18.4236039803834 18.4213932244078 18.4187374024472 18.4155401022228
18.4357474432272 18.4368752426752 18.4377104420676 18.4385333096569 18.4393090921798 18.4400725428996 18.4407900296259 18.4414839738191 18.4421420436759 18.4429178261988 18.443505268456 18.4440456256468 18.4445635613774 18.4450927078381 18.4454570565664 18.4458449478278 18.4461857540228 18.4466678154171 18.4469032407492 18.4470669174086 18.447220504411 18.4473146745438 18.447337096004 18.4473023427407 18.4473841810705 18.447220504411 18.446996289809 18.4467149004835 18.4463505517553 18.4459267861575 18.44542118223 18.4448337399728 18.4443281360453 18.4434817259228 18.4427418177363 18.441812448211 18.4407900296259 18.4395321857088 18.4384503502542 18.4371342105405 18.435840492287 18.4340893762455 18.4323965560004 18.4308214484214 18.4289055346474 18.4265893978089 18.4243909736364 18.4221690069306 18.4199952463643 18.417032250399 18.4142228414361
18.4342306314447 18.4350882522973 18.4359234516897 18.4367227767458 18.4376510251981 18.4384032651877 18.4391207519141 18.4398146961073 18.4405433935637 18.4410837507545 18.4416711930118 18.4422126712756 18.442941368732 18.4433998875931 18.4437754470514 18.4441521275828 18.4445400188442 18.4448225292427 18.4450568335018 18.4453864289667 18.4455388948961 18.4456218542988 18.4456566075621 18.4456218542988 18.4455388948961 18.4453864289667 18.4451633354378 18.4450332909686 18.4446812740435 18.4442575084457 18.4437519045182 18.4431767940641 18.4425176031343 18.4416835248149 18.4409548273584 18.4401790448355 18.4390389135844 18.4379099930634 18.436851700142 18.4355355604283 18.433924578513 18.4323853452703 18.4308562016848 18.429304636639 18.4271532975329 18.4251196710928 18.4229459105265 18.420629773688 18.4181611709201 18.415562523683 18.4129179124525
18.4325848962661 18.4334313063886 18.434265384708 18.4350647097641 18.4359234516897 18.4365703108165 18.4372866764698 18.4381218758622 18.4388505733187 18.4393909305095 18.4399671620366 18.4405781468271 18.4410725400244 18.4415310588855 18.4420590842732 18.442482849871 18.442823656066 18.4431061664645 18.4433404707236 18.4435288109892 18.4436700661885 18.4437519045182 18.4439402447839 18.4439167022507 18.4438225321178 18.4436700661885 18.4434581833896 18.4431767940641 18.4427765709996 18.4424122222713 18.4420714160763 18.4414951845492 18.4407541552896 18.440014247103 18.4392855496466 18.4383797226545 18.4372395914034 18.436287800418 18.4352295074966 18.4337597807805 18.4323382602039 18.4308102376913 18.4291633814397 18.4274010546681 18.4255198941574 18.4236387336467 18.4214997263437 18.4192194638415 18.416796825067 18.4142228414361 18.411507602606
18.4310916270168 18.4319380371394 18.4327496939986 18.4336308573844 18.4343954291772 18.4350411672309 18.4357474432272 18.4364996832168 18.4372990082729 18.4378281547336 18.4384032651877 18.4390030392481 18.4395086431756 18.4399671620366 18.4403315107649 18.4407541552896 18.4412362166839 18.4415310588855 18.4417653631446 18.4419537034103 18.4420826268064 18.4421767969392 18.4422003394724 18.4423303839416 18.4422474245389 18.4420949586095 18.4418830758106 18.4415658121488 18.4412126741507 18.4408483254225 18.4403550532981 18.4398729919038 18.439214922047 18.4384738927874 18.437757527134 18.4367339874759 18.4357351114241 18.4346420652394 18.4335961041211 18.4322911751375 18.4308920760211 18.4293752642386 18.4277530715932 18.4260131662818 18.4241566693773 18.4221690069306 18.420065873964 18.4176555669926 18.415562523683 18.4130356251186 18.4103551395518
18.4292934259089 18.4301275042283 18.4310209994172 18.4319615796726 18.4327026089321 18.4333371362558 18.4341241295088 18.4347833204386 18.4354178477622 18.4359469942229 18.4365815215466 18.4372631339366 18.437757527134 18.4382160459951 18.4386274797897 18.438991828518 18.4393203029099 18.4396028133084 18.4400254578331 18.4401902555656 18.4403315107649 18.4404133490946 18.4404368916278 18.4404021383645 18.4403315107649 18.4401790448355 18.4401084172359 18.4398146961073 18.4394738899123 18.439108420111 18.4385568521901 18.437980620663 18.4373337615363 18.4366050640798 18.435958204953 18.435053499034 18.4340658337122 18.4329839982576 18.4317967819401 18.4305277272928 18.4291409599795 18.4278001566596 18.4262015065474 18.4244851437692 18.422663400128 18.4207116120177 18.4183607219158 18.4161387552101 18.4140815862369 18.411730696135 18.4087688212427
18.4276476907303 18.4285647284524 18.4293517217054 18.4301162934982 18.4308562016848 18.431562477681 18.4324088878035 18.4330546258573 18.4336779424508 18.4342777165111 18.434830405505 18.4353584308927 18.435840492287 18.4364525981504 18.436851700142 18.4372283806733 18.4375456443351 18.4378281547336 18.4380860015259 18.4382507992584 18.4383797226545 18.4386386905198 18.438662233053 18.4386274797897 18.438544520387 18.4383797226545 18.4381689609287 18.4378864505302 18.4375456443351 18.4372866764698 18.4368046150756 18.4362407153515 18.4356061880279 18.4348887013015 18.4340893762455 18.4331958810565 18.4323853452703 18.4313147205458 18.4301510467615 18.4288932028443 18.4275411887943 18.4260725831513 18.4242968035035 18.4228281978605 18.4211589201487 18.4192430063747 18.4169504120693 18.4147631986269 18.4127531147201 18.4100143333567 18.4074280179228
18.4259548704852 18.4268954507406 18.4276712332635 18.4284234732532 18.4291521707096 18.4298573256329 18.4305277272928 18.4311622546165 18.4319380371394 18.4325254793966 18.4330669576604 18.433583772318 18.4340658337122 18.4345591058366 18.4349122438348 18.435276592563 18.4357586539573 18.436064706889 18.436287800418 18.4364402663473 18.4365815215466 18.4366633598763 18.4366869024095 18.4366633598763 18.4367339874759 18.4365815215466 18.4363819705508 18.4360994601523 18.4357586539573 18.4353584308927 18.4348774905714 18.43448959931 18.4338539509134 18.4330546258573 18.4323618027371 18.4314918500814 18.4305389380229 18.4293517217054 18.4283528456535 18.4272597994688 18.425931327952 18.4242968035035 18.4227452384578 18.4213001753479 18.4195367275033 18.4174201416605 18.4154100577536 18.4133999738468 18.4114246432033 18.4087452787095 18.406217259072
18.4243091353066 18.4250849178295 18.4258494896223 18.4267306530081 18.4275299780642 18.4281297521246 18.4287878219814 18.429422349305 18.4301039616951 18.4305983548925 18.4311387120833 18.4318091137432 18.4323382602039 18.4327732365318 18.4331140427268 18.4334660596519 18.4338191976501 18.4340893762455 18.4343124697744 18.4346297334362 18.4347709886355 18.4348539480382 18.4348774905714 18.4348416162351 18.4347597779054 18.4346185227061 18.4345714376397 18.4343012590443 18.433924578513 18.4335725615879 18.4331017109237 18.4325490219298 18.4318561988096 18.4311510438864 18.4306331081558 18.4297754873032 18.4287059836517 18.4276712332635 18.4266835679417 18.425472809091 18.4239918716448 18.4225804407253 18.421193673412 18.4197710317624 18.417820364725 18.4159739574777 18.4139997479071 18.4119190364007 18.409709401498 18.4074874347923 18.4050188320244
18.4228158660574 18.4235804378502 18.4243203460367 18.4251320028959 18.4258259470891 18.4265658552757 18.4272127144024 18.4279178693257 18.4285053115829 18.4289997047803 18.429528851241 18.4300804191619 18.4307037357554 18.4311275013532 18.4314683075482 18.4318674095397 18.4321734624714 18.4324324303367 18.4326555238657 18.4328203215982 18.4331140427268 18.4331846703264 18.4332082128596 18.4331846703264 18.4331017109237 18.4329492449943 18.4327496939986 18.4324907261333 18.4322788433344 18.4319268264093 18.4314683075482 18.4308685334879 18.4302452168943 18.4295636045043 18.4288932028443 18.4279414118589 18.427165629336 18.4261432107509 18.4251667561592 18.4238270739124 18.4225344767319 18.4211353776155 18.4196421083662 18.4181847134533 18.4164795614051 18.414657817764 18.4127295721869 18.4106847350167 18.4085221851805 18.4062408016053 18.4038192839038
18.4211701308788 18.4219223708685 18.4226398575948 18.4234391826509 18.424120795041 18.4246970265681 18.4254021814913 18.4261667532841 18.4267418637382 18.4272239251325 18.4278124884627 18.428294549857 18.428740736915 18.4291521707096 18.4295400619711 18.4300456658986 18.4303393870272 18.4305983548925 18.4308102376913 18.4309862461539 18.43110395882 18.4311857971497 18.4312093396829 18.431338263079 18.4312564247493 18.4311151695501 18.4309268292844 18.4306218974257 18.4302923019607 18.4299514957657 18.4296689853672 18.42908154311 18.4284705583196 18.4278001566596 18.4270367059398 18.4262138383505 18.4252968006284 18.4242968035035 18.4233685550513 18.4221813387338 18.4209234948166 18.4195602700365 18.4180905433204 18.4165389782747 18.4148697005628 18.4130939209151 18.4113428048735 18.4090860849045 18.407228466927 18.4049952894912 18.4026443993893
18.419395472304 18.4201118379574 18.4210647500158 18.4217463624059 18.4224044322627 18.4229694530597 18.4236622761799 18.4242497184371 18.4248147392341 18.4253550964249 18.4260254980849 18.426495227676 18.4269302040039 18.4273416377986 18.4277059865268 18.4280467927218 18.4283405138504 18.4285882709856 18.4289873729772 18.4291409599795 18.4292575515726 18.4293281791722 18.4293517217054 18.4293169684421 18.4292463408425 18.4292698833757 18.4290580005768 18.4287878219814 18.4284705583196 18.4281409628547 18.4276353589272 18.4271185442696 18.4265311020124 18.4260254980849 18.4252844688253 18.4244739330391 18.4235804378502 18.4226039832585 18.4215468114101 18.4203943483559 18.4191600469719 18.4179728306544 18.4163629698121 18.4150221664922 18.4133999738468 18.4116724003385 18.409591688832 18.4076399007217 18.4058293678106 18.4037721988373 18.4011746726733
18.4177732796586 18.4185602729116 18.4192430063747 18.4199122869616 18.4205468142852 18.4213349286112 18.4219347026716 18.4224986023956 18.4230512913895 18.4235804378502 18.4240624992444 18.4245322288356 18.4249559944334 18.4255669792238 18.4258842428856 18.4262138383505 18.426495227676 18.4267654062714 18.4269772890703 18.4271062124665 18.4274010546681 18.4274716822677 18.4274952248009 18.4274593504646 18.427388722865 18.4272362569356 18.4270367059398 18.4267889488046 18.4266364828753 18.426260923417 18.4258259470891 18.4253080113585 18.4247317798314 18.4240972525078 18.4233685550513 18.4225804407253 18.4218640750719 18.4207822396173 18.4198775336983 18.4187486131773 18.4175501861296 18.4160804594136 18.4146813602972 18.4135176865128 18.4119302471308 18.4100266651599 18.4082161322488 18.4063114292049 18.4045479813602 18.4021623379951 18.3999168287561
18.4162329253429 18.416914537733 18.417584939393 18.4182317985197 18.4188539940402 18.4194537681005 18.4200423314308 18.4205938993517 18.4212878435448 18.4217934474723 18.4222755088666 18.4227216959245 18.4231925465887 18.4235804378502 18.4238853697089 18.4243674311032 18.424684694765 18.4249201200971 18.4251084603627 18.425249715562 18.4253786389581 18.4254380558277 18.4254604772879 18.425590521757 18.4255075623543 18.4253786389581 18.4251790879624 18.4249324519002 18.4246263989685 18.4242620502402 18.4238382846425 18.4235098102505 18.4229459105265 18.4222284238002 18.4216174390097 18.4208416564869 18.4199829145612 18.418936953443 18.4182082559865 18.4171152098018 18.4157744064819 18.4145053518346 18.4131410059815 18.4118719513342 18.4101320460228 18.4084751001141 18.4068529074687 18.4049829576881 18.4030199588477 18.4009515791443 18.3987643657019
18.4146342752308 18.4154336002869 18.4160804594136 18.4167037760071 18.4173853883972 18.4179022030548 18.4184661027788 18.4190075810426 18.4195950232998 18.420182465557 18.4206533162212 18.421088292549 18.4215468114101 18.4219223708685 18.4222160919971 18.4225221449288 18.4228281978605 18.423227299852 18.4234268508478 18.4235681060471 18.423674607983 18.4237452355826 18.4237564463127 18.4237216930494 18.4236510654498 18.4236858187131 18.4234974784474 18.4232508423852 18.4229100361902 18.4225927725284 18.4221813387338 18.4216992773395 18.4212407584784 18.4206062311548 18.4200064570944 18.4192542171048 18.4183136368494 18.4173965991273 18.4165266464716 18.4154694746232 18.4143170115689 18.4130703783819 18.4117430279381 18.4103203862885 18.408803574506 18.4071937136637 18.4054773508855 18.4036668179744 18.4018798275965 18.3998462011565 18.3977184045836
18.4130244143885 18.4136589417121 18.4142822583056 18.4149638706957 18.4156925681522 18.4161981720796 18.4167385292704 18.4173259715277 18.4178315754551 18.4182430092498 18.4187015281109 18.419172378775 18.419736278499 18.4200882954242 18.4203831376258 18.4207239438208 18.4209817906131 18.4212060052151 18.4213932244078 18.421534479607 18.4218046582024 18.4218640750719 18.4218876176051 18.4218517432688 18.4217699049391 18.421640981543 18.4214638520074 18.4213584711444 18.4210647500158 18.4207586970841 18.4203472632895 18.4198181168288 18.419277759638 18.4186667748476 18.4180782115173 18.4174089309304 18.4165972740712 18.4157037788823 18.4148573687597 18.4136936949754 18.4125658955274 18.4113551366767 18.4102026736224 18.4088159063091 18.4073461795931 18.4057822827442 18.4041130050324 18.4021264636587 18.4004930602832 18.3985412721729 18.3965782733325
18.4114369750064 18.4120479597968 18.4127183614568 18.4132945929839 18.4138584927079 18.4143405541022 18.4149279963594 18.4155983980193 18.4160804594136 18.4164795614051 18.4169739546025 18.4173730565941 18.4177497371254 18.4181017540505 18.4185838154448 18.4188775365734 18.4191252937086 18.4193483872376 18.4195243957002 18.4196656508994 18.4197710317624 18.4198304486319 18.4200064570944 18.4199717038311 18.4199010762315 18.4197710317624 18.4195714807666 18.4193360554345 18.419054666109 18.4187486131773 18.4184661027788 18.4179963731876 18.41747955853 18.4168909951998 18.4162329253429 18.4155042278865 18.4147161135605 18.4140109586372 18.4130703783819 18.4120479597968 18.4109549136121 18.4097789080247 18.4085221851805 18.4071813818606 18.405758740211 18.4043719728977 18.4025378974534 18.4008215346751 18.3992352163661 18.3973305133222 18.39506146155
18.4097206122281 18.410378682085 18.4110961688114 18.4116488578053 18.4121892149961 18.4127183614568 18.4132239653842 18.4137060267785 18.4141645456396 18.4147631986269 18.4151869642247 18.4155748554861 18.4159515360175 18.4162800104094 18.4165972740712 18.4168674526666 18.4171152098018 18.4174907692601 18.4176791095258 18.4177968221918 18.4178909923247 18.4179492881212 18.4179616199243 18.417925745588 18.4178551179883 18.4178909923247 18.4177138627891 18.41747955853 18.4171970481315 18.4168674526666 18.416468350675 18.4160210425441 18.415680236349 18.4151051258949 18.4144694774983 18.413764322575 18.4130008718553 18.4121544617327 18.4112486347407 18.4102609694189 18.4093450527698 18.4082038004457 18.4068293649355 18.4056881126113 18.404301345298 18.402831618582 18.4010692918104 18.3994000140985 18.3979773724489 18.3958966609424 18.393933662102
