app/data/climate/rcp45/2100/Temperature.asc
ncols        365
nrows        372
xllcorner    10.224615574000
yllcorner    43.742729801000
cellsize     0.000500000000
NODATA_value  -9999
[rows 198 to 219 of 372, columns 153 to 203 of 365]
18.4114022217431 18.4127889890564 18.414434724235 18.4158809084178 18.4173383033308 18.4187956982437 18.4202654249597 18.4217340306028 18.4232037573188 18.4246734840349 18.4263192192135 18.427952622589 18.429199255776 18.4306331081558 18.4320445390753 18.4336073148512 18.4349940821645 18.436181298482 18.4376981102645 18.4391913795137 18.4404963084973 18.4417776949477 18.4428819518625 18.4442810509789 18.4455041416328 18.4467025686804 18.4480198294671 18.4491711714483 18.4503000919693 18.4514054699572 18.4524749736087 18.4535209347269 18.4545556851151 18.455554561167 18.4566363966216 18.45769356847 18.458481682796 18.4593751779849 18.4602215881074 18.4611498365597 18.4619491616157 18.4626195632757 18.4634300990619 18.4642182133879 18.4648886150478 18.4655231423715 18.4660522888322 18.4666991479589 18.4672395051497 18.4677921941436 18.4682619237348
18.4090737531014 18.4105199372842 18.4119896640003 18.4134818121765 18.4151981749548 18.4167037760071 18.4184078069823 18.4197239466959 18.4212407584784 18.4227340277277 18.4244145161696 18.4258954536157 18.4273775121349 18.4288225752447 18.4304570996932 18.4318797413428 18.4332900511894 18.4345131418432 18.4360523750859 18.437415599866 18.4389088691152 18.4402261299019 18.4415187270824 18.4428001135328 18.4440456256468 18.4452799270308 18.4464918069545 18.447666691469 18.4489716204526 18.4501005409736 18.4513460530876 18.452286633343 18.4533449262644 18.4543785555795 18.4555074761006 18.4565893115552 18.4574233898746 18.4583404275967 18.4593393036486 18.4601980455742 18.4610321238936 18.4617260680868 18.4625960207425 18.4634188883318 18.4641240432551 18.464794444915 18.4654413040418 18.4660522888322 18.4666285203593 18.4671688775501 18.4676856922077
18.4065233120038 18.4082161322488 18.4095558144957 18.4111073795415 18.4126589445872 18.4144111817018 18.4159739574777 18.4175266435964 18.4190782086422 18.4208057821505 18.4223461364662 18.4238618271757 18.4251790879624 18.4268595764043 18.4283293031203 18.4299750382989 18.4314088906787 18.4328315323283 18.4342418421748 18.4356297305611 18.4370041660713 18.4383561801213 18.4396846516381 18.4411420465511 18.4424234330014 18.4436936087217 18.4449279101057 18.4461498796865 18.447337096004 18.4485131015915 18.449923411438 18.4508998660297 18.4519929122144 18.453191339262 18.4542260896502 18.4552372975052 18.4560949183578 18.4571767538124 18.4582115042006 18.4591049993895 18.4599749520452 18.4608090303646 18.4616206872238 18.4623964697467 18.4631487097364 18.4638650753898 18.4646296471825 18.4652765063093 18.4658987018298 18.46648726516 18.4671105817536
18.4037721988373 18.4057710720141 18.4071578393274 18.4087564894396 18.4105558116206 18.4121656724628 18.413764322575 18.4151634216915 18.4169504120693 18.418713859914 18.4202766356898 18.4218282007356 18.4233685550513 18.4248965775639 18.4264010575432 18.4278943267925 18.4293640535085 18.430997456884 18.4324324303367 18.4338427401833 18.4352530500298 18.4367934043455 18.437980620663 18.4393203029099 18.4406375636966 18.4422474245389 18.4433528025267 18.4445983146407 18.4458214052946 18.4471734193446 18.448348303859 18.4493483009839 18.4504761004319 18.451840446285 18.4529099499365 18.4539559110548 18.4548494062437 18.4559547842315 18.4569177859471 18.4578583662024 18.4587641931945 18.4597395267131 18.4605859368356 18.4613964726218 18.4621845869478 18.4630309970704 18.463665524394 18.4643594685871 18.4650993767737 18.4657933209669 18.4663930950272
18.4015042681382 18.4031376715137 18.4045838556965 18.4062295908752 18.4082979705785 18.4099437057571 18.4115894409357 18.4132239653842 18.4148461580296 18.4164560188719 18.4180546689841 18.4196421083662 18.4213820136777 18.4229335787234 18.4244739330391 18.4260019555517 18.4276824439936 18.4289873729772 18.4304447678901 18.431903283876 18.4336667317207 18.4350647097641 18.4362754686149 18.437639814468 18.4391555051774 18.4404727659641 18.4416128972152 18.4428942836656 18.4444458487114 18.4456689393652 18.4468673664129 18.4479021168011 18.4492070457846 18.4503236345026 18.4514290124904 18.452509726872 18.4536857324594 18.4546969403144 18.4556958163662 18.4566599391548 18.4577171110032 18.4585164360593 18.4593987205181 18.4603505115036 18.4612675492257 18.4620556635517 18.4627137334085 18.463442430865 18.464230545191 18.4648998257779 18.4655231423715
18.3990939611668 18.4007979921419 18.4022912613912 18.4041959644351 18.4058999954102 18.4075816049252 18.4092620933671 18.4111197113446 18.4127766572533 18.4144111817018 18.4160445850773 18.4178551179883 18.4192542171048 18.4208293246838 18.4223932215326 18.4243091353066 18.4258259470891 18.4271532975329 18.4286465667821 18.4302923019607 18.4317496968737 18.4331723385233 18.4344189717104 18.4361353344886 18.4374985592687 18.4388382415156 18.4400019152999 18.441471642016 18.4427418177363 18.4439996616534 18.4452339630374 18.4465736452843 18.4477608616018 18.448913324656 18.4500411241041 18.451157712822 18.4522395482766 18.4532855093948 18.4544379724491 18.4554256377708 18.4565186839555 18.4573415515449 18.458258589267 18.4592462545888 18.4601038754414 18.4609267430307 18.4617148573567 18.4625724782093 18.4633011756658 18.464006330589 18.4646644004459
18.3969897071271 18.3987408231687 18.4004930602832 18.4022329655947 18.403960539103 18.4056769018813 18.4073809328564 18.4090737531014 18.4109313710789 18.4126006487907 18.4142463839693 18.4160804594136 18.4175031010632 18.4191017511754 18.4206768587544 18.4224403065991 18.4241566693773 18.4254963516242 18.4271891718692 18.4286824411185 18.4301510467615 18.4316095627474 18.4330310833241 18.4344425142436 18.4359817474863 18.4373573040695 18.4386969863164 18.440014247103 18.4413191760866 18.442600562537 18.4438584064542 18.445080376035 18.4464211793549 18.4476083956725 18.4487597376537 18.4500299133739 18.4509940361625 18.4520747505441 18.4531330434655 18.4542855065197 18.4553897634345 18.456236173557 18.4571767538124 18.4582115042006 18.4590926675864 18.4599390777089 18.4606565644353 18.4615500596242 18.4624076804768 18.4631363779333 18.4638303221264
18.3946264852222 18.3964134756 18.3982004659779 18.4001522540882 18.4019033701298 18.4036432754412 18.4055950635515 18.4070872117278 18.4087923637759 18.4104728522178 18.4123540127285 18.4141757563697 18.4155983980193 18.4172205906647 18.4190187917727 18.4206062311548 18.4221690069306 18.4235210209806 18.425249715562 18.4269189932738 18.42841114145 18.4298808681661 18.4313270523489 18.4327609047287 18.4341712145752 18.4355591029615 18.4369223277416 18.4384155969909 18.4397440685076 18.4410366656881 18.442482849871 18.4435758960557 18.4447989867095 18.4460097455603 18.447337096004 18.4486184824544 18.4496061477762 18.450711525764 18.4519334953448 18.4529805775361 18.4540029961212 18.4548729487769 18.4560837076277 18.457024287883 18.4579289938021 18.4588112782609 18.4596576883834 18.4604805559727 18.4612798810288 18.4620321210185 18.4628549886078
18.3926522756516 18.3946859020917 18.3962486778676 18.3980244575153 18.3997991160901 18.4017621149305 18.4036780287045 18.4051836297569 18.406887660732 18.408803574506 18.4104728522178 18.4121421299296 18.4135883141125 18.4154223895568 18.4171970481315 18.4187956982437 18.4203708058227 18.4219347026716 18.4234862677173 18.4250030794998 18.4265187702093 18.4281880479211 18.4296219003008 18.4310804162867 18.4325019368634 18.4340893762455 18.4353001350962 18.4366633598763 18.4380041631962 18.4394963113724 18.4409312848252 18.4420478735431 18.4432933856572 18.4446812740435 18.4458797010911 18.4470557066785 18.4480669145335 18.4494648925769 18.4505702705647 18.4516397742162 18.4526868564075 18.4537092749926 18.4547081510445 18.455672273833 18.4566128540884 18.4576352726735 18.4585052253292 18.4593628461818 18.460174503041 18.4609738280971 18.4618202382196
18.3910300830062 18.3929336649771 18.3944740192928 18.3962374671375 18.398211676708 18.3999639138225 18.4016914873309 18.4032082991133 18.4051242128873 18.4069818308648 18.4086746511099 18.4103439288217 18.4119896640003 18.4136353991789 18.4152575918243 18.4168674526666 18.418607357978 18.420182465557 18.4217463624059 18.4232743849185 18.424802407431 18.4264840169459 18.4277889459295 18.4292463408425 18.4308449909547 18.4324436410668 18.4336667317207 18.435053499034 18.4365815215466 18.4379212037935 18.4392261327771 18.4403662640282 18.4419301608771 18.4431767940641 18.444398763645 18.4455983117656 18.44677319628 18.4479256593343 18.4490422480522 18.45014762604 18.4513460530876 18.4523920142059 18.4534032220609 18.4543908873827 18.4553550101712 18.4564121820196 18.4572002963456 18.4580814597314 18.4590343717899 18.459951409512 18.4607271920349
18.3896780689562 18.3913350148649 18.392804741581 18.3948619105543 18.3965782733325 18.3982946361107 18.400010998889 18.4017150298641 18.4034201819122 18.4051130021572 18.4067822798691 18.4086040235102 18.4102609694189 18.4118954938674 18.4135288972429 18.4151398791582 18.4169268695361 18.4183136368494 18.4198775336983 18.4215703539433 18.4232979274517 18.424802407431 18.4261073364146 18.4275882738607 18.4292227983093 18.430656650689 18.4318909520729 18.4334425171187 18.4349828714344 18.4363348854844 18.4376633570012 18.4389794967149 18.4402608831652 18.4415310588855 18.4427653602695 18.4441162532465 18.4453158013671 18.4464794751514 18.4476319382057 18.4487485269236 18.4499704965044 18.4509110767598 18.451945827148 18.4530859583991 18.4541913363869 18.4551431273723 18.4559547842315 18.4568594901506 18.4578348236692 18.4586700230616 18.4595870607838
18.3887957844974 18.3902890537467 18.3916646103299 18.393486353971 18.3951320891496 18.3969314113306 18.3986006890424 18.4002811774844 18.4019616659263 18.4036309436381 18.4052890106198 18.4071578393274 18.4085916917071 18.410378682085 18.4120008747304 18.4138114076415 18.4153988470235 18.4167856143369 18.4183495111857 18.4200882954242 18.4216286497398 18.4232867167216 18.4246028564352 18.4262721341471 18.42772952906 18.4291757132428 18.4304212253569 18.432008664739 18.4333842213222 18.4349010331047 18.4362407153515 18.4375568550652 18.4388617840488 18.4401431704992 18.4414010144164 18.4427765709996 18.443834863921 18.4451510036346 18.446314677419 18.4475960638693 18.4487014418572 18.4496532328426 18.450711525764 18.4518628677452 18.4529917882662 18.4539671217849 18.4547899893742 18.4558247397624 18.4567182349513 18.4575769768769 18.4583998444662
18.3881735889769 18.3894549754273 18.3908652852738 18.392358554523 18.3938977877657 18.3954852271478 18.3972957600589 18.3987060699054 18.40046951775 18.4021152529286 18.4039493283729 18.4055827317484 18.407005373398 18.4086275660434 18.4104380989545 18.4120367490667 18.4137766543781 18.4151510898883 18.4169033270029 18.4184548920487 18.4199829145612 18.4215109370738 18.4230042063231 18.4244974755723 18.4261073364146 18.4275535205974 18.4289873729772 18.4303988038967 18.4317967819401 18.4331723385233 18.4345243525733 18.4358640348202 18.437310219003 18.4386039372565 18.4398729919038 18.4412720910202 18.4423415946717 18.4435411427924 18.4448684932361 18.4461498796865 18.4472788002075 18.448230591193 18.4494413500437 18.450488432235 18.4515108508201 18.452509726872 18.4534738496605 18.4545321425819 18.4554368485009 18.4563191329598 18.4571655430823
18.3878675360452 18.3889022864333 18.3901477985474 18.3914762700642 18.3928865799107 18.3943563066268 18.396072669405 18.3974358941851 18.398999791034 18.4005872304161 18.4025031441901 18.4041130050324 18.4055121041488 18.4072990945266 18.4088977446388 18.4104851840209 18.4120602915999 18.4136230673758 18.4153158876208 18.4168562419365 18.418384264449 18.4199010762315 18.4214055562109 18.422886493657 18.4243562203731 18.425813615286 18.427388722865 18.4288113645146 18.430210463631 18.4315972309443 18.4331252534569 18.4343012590443 18.435617398758 18.4369223277416 18.4384974353206 18.4397552792377 18.4408371146923 18.4420478735431 18.44338755579 18.4445512295743 18.4456913608254 18.4466678154171 18.4480310401972 18.4490893331186 18.4501240835068 18.4511341702887 18.4521218356105 18.453074747669 18.4540029961212 18.4550142039762 18.4559895374949
18.387843993512 18.3887722419642 18.3896421946199 18.390782325871 18.3920289590581 18.3936163984402 18.3950379190168 18.3963193054672 18.3978125747164 18.3995289374947 18.4010692918104 18.4026208568561 18.4039840816362 18.4058652421469 18.4074280179228 18.4089919147717 18.4105434798174 18.4120950448632 18.4136353991789 18.4151634216915 18.416691444204 18.4185255196483 18.4198304486319 18.421311386078 18.4227811127941 18.4244145161696 18.4256723600867 18.4270950017364 18.4284941008528 18.4301981318279 18.431562477681 18.4327373621955 18.4340658337122 18.4355355604283 18.4368281576088 18.4380860015259 18.4391790477106 18.4406958594931 18.4418954076137 18.4430702921282 18.4442227551824 18.4453505546304 18.4464559326182 18.4475254362697 18.4487126525873 18.4498651156415 18.4507350682972 18.4516991910858 18.4526509820712 18.4536734006563 18.4545556851151
18.3880323337776 18.3886904036345 18.3894191010909 18.3904067664127 18.3916522785268 18.3928753691806 18.3941802981642 18.3954493528115 18.3970367921936 18.3984941871065 18.3999751245526 18.401480725605 18.4029964163145 18.4045132280969 18.4060412506095 18.4076981965182 18.4092385508339 18.4107665733464 18.4122833851289 18.4138001969114 18.4154930171564 18.4169974971357 18.4182900943162 18.4199122869616 18.4215580221402 18.4230042063231 18.4242497184371 18.4256723600867 18.4272474676657 18.428635356052 18.4299985808321 18.4313270523489 18.4328203215982 18.4341364613119 18.4354290584923 18.4366992342126 18.4379447463267 18.4391790477106 18.4405198510305 18.4417070673481 18.4428707411324 18.4440108723835 18.4451162503713 18.446209296556 18.4472675894774 18.4484312632618 18.4494413500437 18.4504290153655 18.451381927424 18.4524278885422 18.4533213837312
18.3882789698398 18.3887610312341 18.3893372627612 18.3902655112134 18.391229634002 18.3923114694566 18.393486353971 18.3947441978882 18.3960491268718 18.3974953110546 18.3989056209011 18.4003394732809 18.4017979892668 18.4032665949099 18.404748653429 18.4062408016053 18.4079224111202 18.4093562634999 18.4108607434793 18.4123540127285 18.4140232904403 18.4155042278865 18.416796825067 18.4184425602456 18.4198887444284 18.4214761838105 18.4227216959245 18.4243091353066 18.4257082344231 18.4270950017364 18.4284582265165 18.4298102405665 18.4311387120833 18.4325961069962 18.4338898252497 18.4351712117001 18.4364167238141 18.4376510251981 18.4388741158519 18.4400613321695 18.4413774718831 18.4425176031343 18.4436341918522 18.4447283591099 18.4459391179606 18.4469850790789 18.4478785742679 18.4488662395896 18.4499592857743 18.4510175786957 18.4519334953448
18.3885850227715 18.3889493714998 18.3894661861574 18.3901365878173 18.3909594554066 18.3919112463921 18.3929572075103 18.3940861280314 18.3952968868821 18.3965547307993 18.397870870513 18.3994000140985 18.4007038220091 18.4021152529286 18.4035491053084 18.4051836297569 18.4066286928667 18.4079100793171 18.4093798060331 18.4110255412117 18.4126129805938 18.4140703755068 18.415339430154 18.4169739546025 18.4184078069823 18.419841659362 18.4210759607459 18.422663400128 18.4241914226406 18.4255669792238 18.4269302040039 18.4282710073238 18.4296106895707 18.4309156185543 18.4322082157348 18.4336543999176 18.4348887013015 18.4361230026855 18.4373460933394 18.4386857755863 18.4398617811737 18.4408718679557 18.4420007884767 18.4432350898606 18.4444570594415 18.4455041416328 18.4464088475518 18.4475377680728 18.4485131015915 18.4494536818468 18.450370719569
18.3889493714998 18.389196007562 18.3895951095535 18.3901365878173 18.3908182002074 18.3916175252635 18.3926399438485 18.3935693133738 18.3946623595585 18.3958260333428 18.3972128006561 18.3984829763764 18.3996343183576 18.4009751216775 18.4025143549202 18.4040076241694 18.405417934016 18.406664567203 18.4082632173152 18.4096970696949 18.4111309220747 18.4125658955274 18.413987416104 18.4155401022228 18.4169616227994 18.4183730537189 18.4197833635655 18.4211701308788 18.422545687462 18.4239212440452 18.4254492665578 18.4267541955413 18.4280826670581 18.4293875960417 18.4308449909547 18.4321140456019 18.4332194235897 18.4344537249737 18.4359705367562 18.4371577530737 18.4383449693912 18.4393561772462 18.4406252318935 18.4417306098813 18.4428113242629 18.4438819489874 18.4450456227717 18.4460568306267 18.4470433748754 18.4479962869339 18.4489245353861
18.3893720160245 18.3895480244871 18.3897957816223 18.390218426147 18.390782325871 18.3915592294669 18.392358554523 18.393145547776 18.3941208812947 18.3953092186852 18.3964964350028 18.3976836513203 18.3987643657019 18.4001993391546 18.4015042681382 18.402831618582 18.4041959644351 18.4055591892152 18.4070401266614 18.4084392257778 18.4098383248942 18.4112374240106 18.412636523127 18.4140345011704 18.4154336002869 18.4168203676002 18.4183371793826 18.4197127359658 18.4210759607459 18.4224403065991 18.4239447865784 18.4251084603627 18.4264369318795 18.4280355819917 18.4293169684421 18.4305983548925 18.4316914010772 18.4330781683905 18.4343012590443 18.4354884753619 18.4366756916794 18.4379682888599 18.4390972093809 18.4402137980988 18.4412956335534 18.4423651372049 18.4433998875931 18.4444223061782 18.4454099714999 18.4465030176846 18.4475489788029
18.3897486965559 18.3898428666887 18.3900300858814 18.3903484706162 18.3908182002074 18.3914762700642 18.3921814249875 18.3928753691806 18.3938742452325 18.3948506998242 18.3958966609424 18.3970480029237 18.398211676708 18.3994235566317 18.4006690687458 18.4019381233931 18.4032430523766 18.4045603131633 18.4058999954102 18.4073461795931 18.4087094043732 18.4102497586888 18.4114481857365 18.4128237423197 18.4141992989029 18.4157396532186 18.4169268695361 18.4184201387854 18.4197710317624 18.4212766328147 18.4226039832585 18.4237687781158 18.4250725860264 18.4265311020124 18.4278124884627 18.4292104665061 18.4303046337639 18.4316914010772 18.4329021599279 18.4341017080486 18.435276592563 18.4364290556172 18.4375691868683 18.4388146989824 18.4399077451671 18.4411072932877 18.4420119992068 18.4430355388649 18.4440220831136 18.4451162503713 18.4461857540228
18.3901713410806 18.3901948836138 18.3903125962799 18.3905592323421 18.3909829979398 18.3914650593341 18.3920637123214 18.3926758181848 18.3935569815707 18.3944392660295 18.3953787252118 18.3963899330668 18.3974717685214 18.3985883572393 18.3998226586233 18.401033417474 18.4024201847873 18.4035255627752 18.4048181599556 18.4061118782091 18.4075928156553 18.408921287172 18.4102026736224 18.4115423558693 18.4130479569217 18.4143876391686 18.415562523683 18.4169033270029 18.4183965962522 18.4197127359658 18.4211589201487 18.4222990513998 18.4237564463127 18.4250378327631 18.4263068874104 18.4275647313275 18.4288113645146 18.4300333340954 18.4313741374154 18.432572564463 18.4338898252497 18.4348887013015 18.4360288325527 18.4371342105405 18.4383561801213 18.4395669389721 18.4404727659641 18.4414951845492 18.4426117732671 18.4435758960557 18.444516476311
