app/data/climate/rcp45/2050/Precipitation.asc
ncols        365
nrows        372
xllcorner    10.224615574000
yllcorner    43.742729801000
cellsize     0.000500000000
NODATA_value  -9999
[rows 44 to 65 of 372, columns 51 to 101 of 365]
-9999 -9999 -9999 -9999 -9999 -9999 -9999 -9999 -9999 -9999 -9999 -9999 -9999 -9999 -9999 -9999 -9999 913.216006375636 913.928526838958 914.648861767132 915.376889059147 916.112425563482 916.968781020513 917.719458050502 918.477766393824 919.243461848453 920.016544414389 920.797014091631 921.683833751489 922.379992679024 923.182440538667 924.104730542899 925.024212223825 925.849004568908 926.576604507376 927.414705862913 928.366055908319 929.21911463799 930.079255226435 930.950568057599 931.933298063433 932.81425687465 933.701992292109 934.596565366314 935.384971609423 936.406163434457 937.321005276876 938.356421869964 939.168454659154 940.219927535495 941.161570550341
-9999 -9999 -9999 -9999 -9999 -9999 -9999 -9999 -9999 -9999 -9999 -9999 -9999 -9999 -9999 -9999 911.373441033892 912.07924594148 912.792682162401 913.513871797669 914.242692746271 914.978961856686 915.722862280434 916.568533898798 917.346378404254 918.11231806091 918.885827980392 919.76458897337 920.55354467104 921.249764649081 922.052151458217 922.963391320742 923.894106294895 924.718715488458 925.446010174393 926.283806277397 927.23466791875 928.087238244367 928.946768327745 929.704466166 930.686280414234 931.679938460761 932.567002322645 933.460598588744 934.360910410575 935.268059889154 936.181863872959 937.102200260978 938.029374305744 939.077428353712 940.017728257411
-9999 -9999 -9999 -9999 -9999 -9999 -9999 -9999 -9999 -9999 -9999 -9999 -9999 -9999 -9999 909.30144788809 910.000720391464 910.707807359692 911.512269886055 912.259100734123 912.988776389818 913.725961257833 914.564184714384 915.317059562613 915.98183852972 916.748388691442 917.619518371086 918.515373505931 919.304451304614 920.000793383668 920.803241243312 921.714481105837 922.531886339613 923.35625133115 924.083423916072 925.139841883454 925.985025097764 926.837168069835 927.696087648146 928.561783832697 929.434317673995 930.313506020519 931.199409922777 932.206376979758 933.105711993483 934.011762562942 934.924345536614 935.843583015512 936.769352898625 937.701594135444 938.640428826983
-9999 -9999 -9999 -9999 -9999 -9999 -9999 -9999 -9999 -9999 -9999 -9999 -9999 -9999 -9999 908.03483302625 908.735509691278 909.532768257854 910.249501206136 910.882839162309 911.61349162611 912.444511122874 913.305628519425 914.059235973734 914.724625445907 915.491786112696 916.363404196394 917.14582748985 917.935210541066 918.631796822147 919.649508768301 920.460015294825 921.277420528601 922.101724469631 922.932988168422 923.770967422946 924.615906435229 925.467377851727 926.44021767548 927.305364405471 928.177165640689 929.05568243164 929.940914778325 930.944646158452 931.731098785348 932.63598939518 933.662370513281 934.695589288129 935.504935855026 936.435956081711 937.373386611597
-9999 -9999 -9999 -9999 -9999 -9999 -9999 -9999 -9999 -9999 -9999 -9999 -9999 -9999 905.950812930634 906.645445595502 907.551801417494 908.262246163588 908.980322223016 909.614636987296 910.346510461231 911.178384665088 911.92570391721 912.680166078612 913.461490462948 914.325721435339 915.101490223568 915.884401921078 916.67421232584 917.47086038735 918.274712408646 919.085279985676 919.902685219453 920.841764113019 921.672966761303 922.510640763293 923.355396624057 924.206562788021 925.172198651988 925.92922493467 926.800354614314 927.793157953748 928.788647515475 929.68047331688 930.466132287189 931.370107139421 932.394839893842 933.312490059567 934.12079876785 935.166044492512 936.219715187093
-9999 -9999 -9999 -9999 -9999 -9999 -9999 -9999 -9999 -9999 -9999 -9999 -9999 904.066000638276 904.668996492635 905.365155420169 906.157224693679 906.86919570244 907.588614873015 908.340207660603 909.16530525822 909.906397358662 910.654693418891 911.409949236879 912.172470065162 912.941828550191 913.7183299445 914.617176554172 915.407475362988 916.204550778044 917.008647001367 917.819397729917 918.636986115214 919.564831715553 920.292370603514 921.245307962094 922.089758570325 923.047579969437 923.906011143695 924.66261007283 925.533190297915 926.520682243268 927.405181983873 928.411721687307 929.196709102043 930.213077937051 931.123402041976 932.040136450101 932.847468350278 933.892530923419 934.828129938105
-9999 -9999 -9999 -9999 -9999 -9999 -9999 -9999 -9999 -9999 -9999 -9999 902.210370488105 902.893891960759 903.498047774744 904.283462543027 904.989328501121 905.702703671536 906.423282801737 907.151187992739 907.886297143527 908.744911469305 909.49400118612 910.250172761709 911.013365145565 911.783578337687 912.560629186556 913.344578742679 914.234695129897 915.048803636314 915.853083011157 916.664200042747 917.584536430766 918.409817179903 919.137417118371 919.975030069855 920.925281206141 921.892626484294 922.750691355511 923.506985032113 924.4865404116 925.364141444951 926.248091730996 927.138513370748 927.92282922991 929.054522472014 929.964052920352 930.879749469864 931.686287713454 932.730251377475 933.664873584055
-9999 -9999 -9999 -9999 -9999 -9999 -9999 -9999 -9999 -9999 -9999 -9999 900.794914491009 901.480389579876 902.173312830557 902.991450670414 903.699026042695 904.413805374763 905.135910767631 905.865098019273 906.601367129688 907.34465704837 908.095028825825 909.064144568671 909.733136020738 910.504142869448 911.281926324397 912.165082953855 912.957335378884 913.655997377192 914.460704105582 915.37408073584 916.30906924546 917.13447209561 917.862072034078 918.804936059057 919.649936121848 920.501468588852 921.359289258043 922.115277682112 923.210645872747 924.087636401032 924.97115933353 925.860970468215 926.75700875458 927.659335243132 928.56794993387 929.482791776289 930.520589339137 931.447885484916 932.381408782375
-9999 -9999 -9999 -9999 -9999 -9999 -9999 -9999 -9999 -9999 -9999 898.811078276835 899.490936719089 900.17836542417 900.873120190051 901.575201016732 902.284546853706 903.001035599961 903.9334599883 904.573147197166 905.310759418728 906.05533139805 906.901247218441 907.660532369869 908.33037852903 909.102301135339 910.095714979839 910.881923404709 911.674847385312 912.373875686659 913.280353609664 914.092935853414 914.912050501378 915.737636503048 916.582087111278 917.525012186764 918.369890148542 919.221300514532 920.079060133217 920.943046903581 921.813505027652 922.690312404417 923.573102730835 924.579092979709 925.474581811514 926.376236744492 927.284179879657 928.198167014983 929.118320251482 930.044639589154 930.977002926986
-9999 -9999 -9999 -9999 -9999 -9999 -9999 -9999 -9999 -9999 896.704835796792 897.379504945979 898.181037048022 898.957050038278 899.567066700904 900.270979042785 900.981912192933 901.790465103243 902.516538779044 903.157508048551 903.896646532779 904.854284780372 905.607831184174 906.368215244723 907.038977161483 907.909007932008 908.689355508237 909.476357589693 910.269953125869 911.086869955593 911.993836282651 912.806906930455 913.626448931965 914.452340186168 915.284763844585 916.123353604176 916.96847576798 917.936675753226 918.79443537191 919.658238990755 920.528330811786 921.404771885511 922.287318009902 923.287569511149 924.070969612712 925.089108912412 925.996258390991 927.024104721252 927.828872500149 928.754337130727 929.685662609946
-9999 -9999 -9999 -9999 -9999 -9999 -9999 -9999 -9999 -9999 895.504582835701 896.181205601101 896.951357742717 897.643609437825 898.374811356186 899.080372061747 899.882575719364 900.603154849565 901.330754788033 901.97300611818 902.713365612542 903.554458442905 904.427480688257 905.188902607419 905.860580281779 906.73158786041 907.512790143733 908.300463780762 909.094791923019 909.895469317968 910.702679117132 911.633699343817 912.453607648367 913.279926256118 914.112472015548 914.951367027672 915.796489191476 916.647777456453 917.61304701738 918.486557666784 919.356344235282 920.232602157487 921.22540549692 922.114545076032 922.897578874554 923.797951746893 924.81834991534 925.849309821441 926.653406044764 927.57801596825 928.625276359631
-9999 -9999 -9999 -9999 -9999 -9999 -9999 -9999 -9999 893.590771552675 894.1788100329 894.943101325876 895.630224778423 896.324552190758 896.938048732263 897.645685155051 898.450208731921 899.292095218872 900.021282470513 900.664876911806 901.500047843023 902.249442812372 903.005675438468 903.768318367763 904.537554751779 905.431761522944 906.213940614373 907.002652110016 907.797773908859 908.599183909889 909.406943163612 910.221051670028 911.041448378632 912.089746628627 912.818811779255 913.657950993405 914.503134207716 915.461505061389 916.319814134633 917.075863609209 917.9455891272 918.931371658367 919.931928412147 920.820640637712 921.603124981675 922.615952887295 923.522736062834 924.435319036506 925.238865805269 926.278494883317 927.327037335338
-9999 -9999 -9999 -9999 -9999 -9999 -9999 -9999 891.468228587352 892.135937978779 892.726174277244 893.493273893526 894.30378042005 895.000122499104 895.615389505303 896.414296435559 897.131700939414 897.855943100016 898.587022917364 899.324818290446 900.18862190929 900.939604191812 901.696996777534 902.460982817976 903.231623363645 904.008430010488 904.791769061544 905.581396314787 906.595933634594 907.298258663302 908.106750523105 908.921408484082 909.845346851994 910.673252772918 911.402684226586 912.242067642763 913.311855671105 914.164181794696 915.022551918447 915.778540342515 916.757424166429 917.633804189647 918.516228213025 919.404696236563 920.417157839144 921.317347559962 922.223459179927 923.135492699039 924.053448117298 924.977264384197 925.906819398723
-9999 -9999 -9999 -9999 -9999 -9999 -9999 -9999 890.126399501297 890.796550912991 891.474028385485 892.158709817766 892.850595209833 893.549501410168 894.376308421971 895.088828885292 895.808248055867 896.534443832682 897.267233064217 898.006615750472 898.752652941954 899.505283588156 900.264263487051 901.245284078698 901.920991086499 902.698957692968 903.483395653144 904.373267838336 905.171014808965 905.874072443753 906.683357960143 907.719812411844 908.542162736661 909.370557061638 910.100354818346 911.045477712072 911.892004037529 912.74451331264 913.602944486898 914.585857644251 915.456254717815 916.332573690527 917.214692461371 918.102855232376 918.996756751008 919.896580168786 920.802203384698 921.832308583706 922.749592446391 923.67267610721 924.601498515656
-9999 -9999 -9999 -9999 -9999 -9999 -9999 887.990852778054 888.656425401747 889.45191350363 890.132016147911 890.819200650965 891.513344911779 892.21450998086 892.922512706688 893.637414139769 894.358970078077 895.207999474308 896.034867536618 896.683834422498 897.43151997766 898.185615836022 899.04166604052 899.809376161869 900.486121028283 901.385272890488 902.269345277546 903.061841904602 903.860443582325 904.564355924206 905.476084190785 906.293001020508 907.115900799885 907.944905629929 908.898758746108 909.739668424952 910.586377901929 911.439192429573 912.297806755351 913.162220879262 914.032617952826 914.908814824524 915.909676830838 916.79753434931 917.691130615408 918.590648780653 919.495783592511 920.406840303517 921.323330509616 922.245803665368 923.292941955736
-9999 -9999 -9999 -9999 -9999 -9999 886.098226020842 886.758853553495 887.427051348976 888.187435409524 888.78499776879 889.597091608487 890.293433687541 891.08513665801 891.70681396741 892.423607966198 893.147056470213 893.968796289963 894.706164309498 895.47747641074 896.226627178062 897.07718283696 897.839825766255 898.608756897738 899.286600673271 900.165239565236 900.952607949732 901.866045630498 902.665563065821 903.370024862262 904.282790987454 905.100257271737 905.923767556181 906.753321840784 907.588675923521 908.549122494421 909.396381425958 910.249257004109 911.108115531913 911.972712807344 912.843109880909 913.7192457021 914.601181321425 915.719321351048 916.50143939197 917.400591254175 918.3054208135 919.330031466908 920.132051973004 921.05391462369 921.981332870482
-9999 -9999 -9999 -9999 -9999 -9999 884.735334509987 885.398892466961 886.15433143647 886.833396222137 887.433217450149 888.125530195763 888.912532277219 889.741537107263 890.365290133889 891.084281950917 891.900954578614 892.633865911162 893.373004395391 894.025206958124 894.870634374461 895.62882061677 896.513930862441 897.284327206084 897.963453042258 898.843373994862 899.632085490505 900.426779935802 901.227518381258 902.034117675354 902.96641996268 903.78486305507 904.6091669961 905.439148634251 906.275052171548 907.116877607992 907.964380741556 908.817683673253 909.903955338395 910.660859520064 911.531378694642 912.407636616847 913.400134703747 914.288358525258 915.070171313648 915.969017923319 917.106388862543 918.017140321014 918.818611372551 919.739985619183 920.783033525604
-9999 -9999 -9999 -9999 -9999 882.583792553997 883.243260127023 883.993998207519 884.792966188282 885.474717196242 886.077102545535 886.859281636964 887.561789817192 888.270830401633 888.896781246499 889.618398235314 890.559797048133 891.294723047401 892.03587619835 892.689666074257 893.537169207821 894.296942763303 895.063065571478 895.835171329308 896.613137935777 897.517845394089 898.307838950371 899.103693355294 899.905469659364 900.713045761567 901.526604813424 902.345780511894 903.170878109511 904.225830864733 904.958131692214 905.800323431698 906.648376019822 907.609127843255 908.469146330686 909.226294714381 910.096813888959 911.202682766742 912.085228891133 912.973330611631 913.755082349514 914.766322941961 915.671213551793 916.581537656719 917.382642405215 918.538633748972 919.465563591711
-9999 -9999 -9999 -9999 880.634510926597 881.208141487248 881.95417867873 882.624940595491 883.302906472038 883.987893156852 884.592842627424 885.501823621203 886.206895922711 886.918622729445 887.546588241031 888.361246202008 889.09226496885 889.829449836865 890.572800806053 891.444357839244 892.199918909767 892.961646081462 893.729234101798 894.5029271728 895.282420041936 896.067834810219 896.859232528155 897.777126895907 898.680735445099 899.388616069914 900.203029828864 901.023121284934 901.952676299459 902.784916806356 903.517767088398 904.360569332949 905.435546654357 906.290253747708 907.150577487672 907.907970073394 908.887952806428 909.764943334712 910.647489459104 911.535469078589 912.549029590289 913.448059351481 914.352583658273 915.262602510665 916.178176959164 917.099001751236 918.025443189921
-9999 -9999 -9999 -9999 879.125830805819 879.828338986047 880.577795005902 881.251792599516 881.932627849877 882.620544959011 883.315177623878 884.016586894986 884.7244675198 885.438819498322 886.282964854019 887.00995428742 887.742987720982 888.482370407237 889.227980245172 889.979573032761 890.737148770003 891.500768507406 892.391983803744 893.264517645042 893.948283319722 894.735163300165 895.527843078741 896.42638443588 897.231274315789 897.940192799217 898.87640231897 899.800462787895 900.627880304766 901.460731316729 902.194253154344 903.143466432017 903.993106333314 904.848301830719 905.829139270845 906.695384909956 907.567002993654 908.444115622952 909.326661747343 910.214641366828 911.108115531913 912.006901091078 913.031450693979 913.941225344345 914.856250338283 915.776647776809 916.702478710428
-9999 -9999 -9999 877.209638553033 877.864954691607 878.52759689098 879.197443050141 879.99995196029 880.683656584464 881.374198865385 882.071456702039 882.775491144934 883.485813790015 884.202607788803 884.925689989778 885.778321365902 886.51361366821 887.255011021185 888.096287003069 888.755876677109 889.515283929552 890.280429929621 891.148384982918 891.925863185334 892.732645630951 893.520990823554 894.414464988639 895.214776080548 896.020581718058 896.730477009593 897.649287134945 898.471881661788 899.420972838448 900.254678557505 901.093756721148 901.938451531406 902.788579836756 903.644080586694 904.505136932738 905.371565723369 906.363819608243 907.240993288047 908.123722563959 909.123058307606 909.905054247515 910.80383980668 911.707814658912 912.617284056744 913.652456447805 914.572487583291 915.497891163363
-9999 -9999 875.164019226111 875.815306031245 876.474102048698 877.140224126952 877.813489114486 878.493774910286 879.18095941334 879.96203959565 880.700262322278 881.406921936959 882.120113955854 882.929887876297 883.565179448683 884.296930821605 885.0348482957 885.872033893637 886.745544543042 887.406843631269 888.168204499924 889.031519714715 889.805151735211 890.58440040232 891.270913349801 892.159808726886 893.077642044131 893.879235196681 894.686383945337 895.499088290101 896.317042978437 897.140797464908 897.969802294951 898.804301670595 899.644295591839 900.610419859859 901.461036569263 902.31708677376 903.178509422844 904.045182415502 904.91734995376 905.794767835591 906.677497111503 907.797468656326 908.579464596235 909.478005953373 910.381919755098 911.404943095333 912.205376288256 913.124980070195 914.04995629672
