app/data/climate/rcp45/2050/Precipitation.asc
ncols        365
nrows        372
xllcorner    10.224615574000
yllcorner    43.742729801000
cellsize     0.000500000000
NODATA_value  -9999
[rows 154 to 175 of 372, columns 255 to 305 of 365]
960.550600963004 961.64358818388 963.012218442361 964.103923602597 965.194590904219 966.148199818372 967.373117184157 968.461037212979 969.547553080148 970.633031088704 971.859963121209 972.943121210511 974.025119340187 975.105469106182 976.184475761031 977.261834052199 978.337482929182 979.556783648353 980.629380000002 981.700266937464 982.769200258712 983.836179963747 984.901145002062 986.096819175154 987.024847927013 988.231450140797 989.288173360712 990.474140503243 991.525796531105 992.444057201897 993.491012340745 994.665868291062 995.857818383246 996.896959057241 997.803986434806 998.96699858683 999.997653240398 1001.02568272218 1002.04992707255 1003.0722178067 1004.24353282763 1005.25977956163 1006.27199696218 1007.40833004279 1008.28849519742 1009.29076136539 1010.29003605853 1011.56635795093 1012.5586118358 1013.4238196163 1014.41009055152
959.02262888212 960.247912550945 961.336198882807 962.423691558083 963.510390576772 964.73634580117 965.821457506686 966.905531353588 967.988262089343 969.069954966485 970.150304732481 971.22949453885 972.450138369168 973.526764054256 974.736174591348 975.67549768694 976.747483533522 977.817882066931 979.019783391702 979.953123537641 981.163571933346 982.226888607981 983.420670215365 984.479652304027 985.404445379033 986.459337083748 987.643411660572 988.841649954943 989.889581901898 990.804606895837 991.978241836021 993.018664570655 994.05652318401 995.091817676084 996.124242794345 997.304654340769 998.331707014444 999.355951364811 1000.50455559726 1001.3957708936 1002.41104081949 1003.42228141193 1004.71063025415 1005.71588789694 1006.59312262725 1007.59233626989 1008.71261306724 1009.70486695212 1010.69412936216 1011.55634566783 1012.81667232749
957.636660279745 958.72195513678 959.806517387736 960.890285982105 961.97319986938 963.055136948549 964.136036169104 965.356435797396 966.435625603765 967.64808866619 968.590159034582 969.665624760044 970.739564222839 971.946105386117 973.016931273073 974.095998978428 975.16432179461 976.364086351648 977.42874613743 978.358789556009 979.41996946291 980.611492201548 981.668520673996 982.869445190661 983.791185740333 984.973673003984 986.022337557019 987.068804291813 988.112767955835 989.154411700603 990.342027206814 991.378847961555 992.413104595016 993.444675006184 994.473620245565 995.499696111132 996.52284155238 997.694034472297 998.838731472321 999.726466889779 1000.73764643172 1001.74687235745 1002.8771614379 1003.87942760586 1004.75263300274 1006.02596342031 1007.01821730518 1008.00747971523 1008.99271279184 1009.973916535 1010.95218985385
956.12077619918 957.340199019365 958.421464542961 959.501875359463 960.716169937088 961.65988866916 962.737491162356 963.813933695924 965.023649485549 966.238371416721 967.177511360793 968.249436156869 969.453840552413 970.522895974675 971.590486184777 972.523215825649 973.720843614954 974.926957424685 975.988198382093 976.915311376352 978.105307852323 979.160993213625 980.214663908207 981.266319936068 982.461627806119 983.509315551047 984.554744427229 985.597914434663 986.638703472338 987.676928388732 988.71289443638 989.746235312242 990.925364798026 992.082027697356 992.979348044361 994.002310334089 995.022403250003 996.166489744959 997.180355509194 998.215711051775 999.224265421929 1000.35553131049 1001.35675961984 1002.35505750487 1003.22624823502 1004.34255674945 1005.4848117292 1006.47004480581 1007.45228640759 1008.43153653454 1009.40681837856
954.611302421816 955.689210167545 956.766385307194 957.977200005938 959.190761977483 960.131306083209 961.205184495498 962.411969860803 963.483528353838 964.553926887246 965.489464851425 966.690877772143 967.898395743528 968.963849185896 970.027715315092 971.089994131113 972.150746684468 973.20972877313 974.267062498112 975.466094449069 976.520009345678 977.572092727086 978.622161441774 979.670215489742 980.71607171947 981.759974332985 982.801434926233 983.986791563697 985.153527796628 986.058723658993 987.091087726747 988.120826622715 989.276268511912 990.300512862279 991.342889213127 992.362188472455 993.505725512852 994.518980772019 995.52942770788 996.411058074671 997.541102953094 998.693126013918 999.691545999965 1000.68660820815 1001.67886209302 1002.66708664445 1003.65238077157 1004.63462237335 1005.61283464169 1006.74214691403 1007.71339942461
953.108177897146 954.182300511461 955.389940583859 956.462475885001 957.534156479049 958.471098604882 959.813049791949 960.882105214211 961.950000676846 963.016614078841 964.082189622223 965.146299953445 966.209128224027 967.270491282448 968.471598950633 969.530275786761 970.587426360223 971.642928570005 972.696599264586 973.748560544981 974.798507158656 975.846683307637 977.036679783608 978.211474683419 979.123508202531 980.163625684632 981.201606399 982.366633217744 983.399668841072 984.44772288904 985.476607077914 986.630889007484 987.654217600252 988.675104172753 989.565892115544 990.708330246821 991.720730798895 992.879042061906 993.885887017873 994.889923650533 995.890907757861 996.888778289348 997.883535244995 998.874934422775 1000.01425897821 1000.99967520634 1001.98191680812 1002.96019012697 1004.05745088331 1004.90770128967 1005.87590127492
951.475565247832 952.815562818686 953.885350847028 954.954284168277 956.022301731925 957.08946458848 958.155528535915 959.220554624737 960.284481804439 961.486077876677 962.547807238139 963.608376639974 964.667663981169 965.725425059697 966.913712121481 967.836551580273 968.889733870802 970.082721821599 971.263988075117 972.181149836789 973.22767762209 974.272251791178 975.445093074776 976.485454758904 977.537782342338 978.574480996066 979.738164703664 980.769979316858 981.799535061306 982.698503771991 983.851381539908 984.873611223555 986.039614850406 987.056899443013 988.071558863834 989.083287860335 990.092330634542 991.098504034936 992.10174701101 993.2507175465 994.248282825454 995.242734528567 996.234072655841 997.345558180237 998.207286081854 999.188917178568 1000.16737364893 1001.41481865168 1002.38704797037 1003.2342458514 1004.19951541232
950.120915555378 951.321107465962 952.387293514411 953.588767485635 954.65354937243 955.717293400612 956.780182721701 957.841851032656 958.902481484997 960.094431577182 961.020262510801 962.216119835412 963.272110449247 964.458321793804 965.511137781293 966.431168916778 967.481176580959 968.66036711725 969.847982623461 970.762397112333 971.805628170275 972.977065292219 974.016328067226 975.053393023994 975.959199391426 977.121356836357 978.295968584647 979.324669622002 980.351111790609 981.375172989457 982.396731117531 983.415786174832 984.432216060346 985.592236737543 986.603782582524 987.612398003184 988.618449302565 989.621509127119 990.746486813489 991.61895960428 992.613167105367 993.752980064857 994.864648740773 995.849393413326 996.708435092651 997.687135765044 998.784213369866 999.7559542845 1000.87464376868 1001.7198880335 1002.8021303652
948.769745741803 949.833001365932 950.895463333474 951.957131644429 953.018006298797 954.077904145059 955.27339516663 956.331583598705 957.520664317076 958.576410728884 959.499250187676 960.552615629724 961.736140751989 962.9255877734 963.974862831501 964.891780391147 966.068895210211 967.113347278285 968.156212033187 969.067268744192 970.236569098402 971.41545438216 972.451237278288 973.484883406682 974.51645381785 975.545887461284 976.573123286479 977.598100242926 978.76459227383 979.785234644304 980.803434994512 981.818949122426 982.832143331087 983.96878166423 984.850412031021 985.855486522295 987.004151805252 988.128641087568 989.125229558415 989.99471087438 990.985682698613 992.096862970476 993.081119238976 994.210858864866 995.067092220884 996.164291926719 997.136032841353 998.104477028626 999.069380286512 1000.03104786755 1000.98868611514
947.157523961717 948.351366619608 949.410226607257 950.468292938318 951.657678909223 952.581800428655 953.637180537423 954.691461737071 956.012961004405 957.065166486826 957.984892369779 959.03471688244 960.214151620758 961.261106759606 962.306535635787 963.220217518579 964.532192906873 965.573287197081 966.612672073102 967.650225433923 968.685947279544 969.719837609965 970.751774324173 971.923272496624 972.951424079418 973.977377843972 975.0012558913 976.022814019374 977.169281484091 978.058909467256 979.073446787063 980.229560231833 981.365343857883 982.372188813851 983.250949806829 984.252666520236 985.376362145965 986.372095909719 987.511420465156 988.378032407307 989.488907426636 990.473163695136 991.454306387796 992.432213403603 993.40700684357 994.378503556176 995.495483626172 996.460631086085 997.422603919652 998.380913722818 999.335987849131
945.686512003554 946.742258415362 947.797333271597 949.117733629811 950.171282223379 951.092412267984 952.144190396859 953.326189256457 954.375647466078 955.42400676658 956.340374871665 957.654120724652 958.698939095766 959.742414355735 960.784363353036 961.824847138177 962.863682559638 963.900991718433 965.075969769764 966.110043251705 967.142346268953 968.172756720494 969.201213555821 970.355861788432 971.252083226317 972.274496061484 973.436470354895 974.581716809478 975.597414088912 976.484111647757 977.495291189698 978.629792755107 979.635599852461 980.782922024272 981.658752592929 982.781837713592 983.777144123799 984.769703261206 985.759331974293 986.746091313567 987.729737077 988.857034682623 989.835002748937 990.809735138397 991.78129290151 992.74961498777 993.714640346669 994.676491079222 995.902995758181 996.738716143958 997.690554593417
944.221788247577 945.274054780505 946.456969397703 947.507526516444 948.557228928092 949.474940144325 950.788685997311 951.835702186666 952.881802618421 953.926682040042 954.97034045153 956.012594701365 957.053627941066 958.230437507597 959.268906626018 960.305971582786 961.341327125367 962.375156405282 963.407215220503 964.437686722551 965.466143557878 966.632574538275 967.657734646243 968.808475646427 969.701705609485 970.720760666786 971.864480858702 972.878712925977 974.032628552507 974.916456737538 976.050042545348 977.055055986115 978.057505305602 979.057451554316 980.054711580737 981.049285384864 982.185435313954 983.174819825014 984.161151810741 985.144675473161 986.125268711261 987.102687323014 988.077114459941 989.316073442259 990.16327132329 991.12847983371 992.090330566263 993.168604615031 994.123434539318 994.956041349255 995.904583071354
942.89595439427 944.076060688161 945.124236837142 946.171619329537 947.218147114838 948.26375914254 949.308394362134 950.486608090319 951.52947284522 952.570994488975 953.611600375129 954.650741049124 955.688599662478 956.725176215193 957.889470427857 958.930931021105 959.963295088859 960.993949742427 962.151406298344 963.050252908016 964.075718268517 965.099352113817 966.248627901841 967.407854922451 968.298459713723 969.314401195184 970.454702558727 971.465943151174 972.474802773862 973.355822635586 974.627687840999 975.629709806939 976.629289752613 977.626183475994 978.620574128601 979.612095407394 980.601052564908 981.731158493838 982.83739367466 983.695336444864 984.672999258644 985.647609547091 986.740413616447 987.708430450173 988.552881058404 989.661314057466 990.740137560795 991.695577990148 992.647477490114 993.477825431304 994.541386307966
941.442586032534 942.487648605675 943.664458172206 944.70836078572 945.751408692142 946.793479790456 947.834635131171 948.874813663779 949.913771186253 951.081362126277 952.123372174085 953.1590329692 954.193533804688 955.355630199111 956.387078509266 957.288428189711 958.316946075545 959.472265863729 960.634850662206 961.530644746544 962.552752329179 963.700440804029 964.71858010373 965.73470473671 966.622134901635 967.900593561768 968.910735245095 969.918557009169 970.924303056017 971.927668133104 972.928652240431 973.927194327491 975.064992620261 976.058711717295 977.049866693048 978.038335446509 979.023934826155 980.129620552418 981.109359083425 981.964188277789 983.082572509439 984.175376578794 985.143515513534 986.10841877142 986.950183157358 988.028823509166 988.984141837506 990.082562553475 991.031470578614 991.9771429269 992.9192743458
939.997032135651 941.038614829912 942.079464918093 943.119521349688 944.288638552379 945.329915994106 946.367530405434 947.404229059162 948.569133776893 949.60345146086 950.507487363599 951.539424077807 952.698956350951 953.863311614121 954.891524247422 955.78969930152 956.943004422984 957.966455116765 958.988135345852 959.880754803844 961.163853302484 962.180649491038 963.195369962365 964.208258918493 965.219011106887 966.22774862856 967.234288331994 968.238752318202 969.380824146438 970.381014597179 971.378763027653 972.374008387353 973.366811726787 974.480739271449 975.344726041814 976.471840495917 977.45438735023 978.556471096599 979.532973950753 980.38517797333 981.356369433403 982.445205219826 983.554126622942 984.515916304988 985.355055519138 986.43033809308 987.38254284558 988.331634022239 989.277367421032 990.219681991451 991.304976848487
938.557888541968 939.596052407856 940.633422617157 941.799487294514 942.835148089629 943.740710255034 944.774539534948 946.069359730868 947.101357495583 948.13219530067 949.033239728582 950.190329981459 951.21744370564 952.243214318675 953.267580770055 954.425769932053 955.44745016114 956.467420976041 957.485865528275 958.502478565309 959.517443238663 960.530515346311 961.541694888251 962.688772858035 963.696289369575 964.701791214396 965.705095240976 966.706262499824 967.82983602454 968.701759360771 969.835833572634 970.828026407001 971.941160295077 972.927919634351 973.789220182422 974.771217582175 975.872446621451 976.848644223071 977.964098030401 978.813493729671 979.902512667613 980.867110672967 981.828839304506 982.787393309699 983.742833739052 984.839422939821 985.788758318507 986.734796969833 987.795183220148 988.616800938885 989.552827307118
936.995483975323 938.029740608784 939.32315664305 940.356253316885 941.388373182613 942.290943873191 943.450109843295 944.479482436222 945.50775612003 946.534869844211 947.693974763808 948.719073821269 949.742829767583 950.765181552244 951.786129175252 952.805672636606 953.823628784787 954.840058670301 955.990494417951 957.003810727625 958.015356572606 959.025254053907 960.03307581798 961.16464695907 962.042980598502 963.182793557992 964.182861907719 965.305397573822 966.300887135549 967.170002148473 968.161035023213 969.273131052676 970.259035684856 971.382426058053 972.24104038383 973.342025221079 974.317795469153 975.290696343412 976.260849944872 977.228195223026 978.334796706888 979.296403237414 980.255201444634 981.210825025507 982.163273980033 983.112609358719 984.058709060552 985.001450984518 986.202680753716 987.021795401679 987.954830295085
935.699442769269 936.85958554748 937.889934948514 938.919551743469 940.078961915599 941.107113498393 942.134410374094 943.160669391182 944.18582949915 945.209890697997 946.232791937218 947.254472166306 948.408082540303 949.427320749124 950.572384052187 951.461706782819 952.476671456173 953.490170917367 954.628213412163 955.647268469464 956.655822839618 957.662667795585 958.793201078062 959.795955650082 960.671725168234 961.670816709854 962.792070315317 963.924374062487 964.916933199894 965.783545142045 966.895091716947 967.880691096594 968.863726354961 969.844258542554 970.962032269137 971.937680416197 972.910703391471 973.88085699293 974.848324372097 975.812861326943 976.77446785747 977.733327115196 978.831137326098 979.902878970654 980.733776366404 981.680425522797 982.623839002336 983.681355878837 984.61774855011 985.578439323036 986.508849044655
934.280140590254 935.436315085531 936.463245658192 937.489504675279 938.514847934767 939.539336487161 940.562909281956 941.716397554939 942.738138834533 943.886315713437 944.778324666362 945.796586067076 946.813687508163 947.95612563944 949.103569912264 949.989962218575 951.001630164569 952.137780093659 953.14602921128 954.026988022498 955.032001463265 956.160642180035 957.297402614191 958.296982559865 959.169943754709 960.290037400546 961.283573346059 962.274850422826 963.26399073186 964.38860211519 965.373346787743 966.355771541043 967.335754274077 968.313294986843 969.28808842681 970.26043984651 971.230105043916 972.337072830819 973.421879283801 974.263094215178 975.221831371891 976.177577053777 977.249196597319 978.198531976005 979.168624526959 980.112221158018 981.170226438573 982.107046463392 983.040691861864 983.854861418788 984.897848274702
932.867370815452 933.891432014299 935.043332974109 936.06605106181 937.088036543431 938.109167317959 939.129260233873 940.14837634168 941.293683846771 942.441555473141 943.330572951239 944.345659725606 945.48596108915 946.49805638869 947.508869627591 948.392148358062 949.526161519419 950.665913428402 951.670865818663 952.548894205561 953.675764457637 954.675649655844 955.673581237838 956.669620254125 957.799298829508 958.791796916408 959.782036134562 960.770199635489 961.756104267669 962.739872132116 963.721320077309 964.700387052743 965.814925102472 966.910903798174 967.761215255045 968.730453098905 969.697248922498 970.78150592092 971.742257744353 972.720592113707 973.676337795593 974.748079440148 975.697536919847 976.643941874214 977.46958892639 978.527655257452 979.464597383285 980.540429411787 981.471266486952 982.398684733745 983.32274520267
931.461621848916 932.482142118377 933.501990832265 934.521045889565 935.795292064738 936.685591603476 937.702448842537 938.718207172478 939.859729546155 940.873290057855 941.7590718591 942.770373502054 944.037843070987 945.046702693674 946.054280255721 947.060331555102 948.064856591816 949.06791641637 950.069511028763 951.069213075451 952.201028418567 953.197555838907 954.192434895568 955.185299285508 956.176210059235 957.165045115735 958.151987606529 959.272569656418 960.378194332174 961.236076051872 962.214410421225 963.190363820818 964.285548859934 965.256374016967 966.241423942054 967.207914513114 968.291744157989 969.252434930916 970.210317380535 971.046159867326 972.117657309854 973.06699268854 974.153325404189 975.096860984742 976.037405090468 976.974774569847 977.908969422879 978.839989649565 979.767774199397 980.834143399366 981.755334494478
930.062527387608 931.079689879202 932.096058714209 933.238679997006 934.253400468333 935.140647481738 936.153658538879 937.421311259331 938.432429750765 939.442693535106 940.325605962537 941.459497022881 942.466097776821 943.471294369108 944.606528540598 945.609283112619 946.610633522986 947.610335569673 948.608633454707 949.605160875047 950.600039931708 951.593148523675 952.718126210044 953.83144324964 954.695674222031 955.681517803705 956.665163567138 957.769445131747 958.748573157688 959.739300779895 960.714582623914 961.808912955937 962.779249708917 963.74714444163 964.591839251887 965.675119442203 966.635260760569 967.730751052218 968.685642027011 969.637785729004 970.58712110769 971.533709213576 972.477122693115 973.417666798841 974.494902988996 975.429586246082 976.360972775808 977.289245729693 978.329607413821 979.135779354371 980.054223176683
