app/data/climate/rcp45/2050/Precipitation.asc
ncols        365
nrows        372
xllcorner    10.224615574000
yllcorner    43.742729801000
cellsize     0.000500000000
NODATA_value  -9999
[rows 44 to 65 of 372, columns 153 to 203 of 365]
999.547405753722 1000.93667108346 1002.36305512125 1003.63736234693 1004.91667571415 1006.04195865305 1007.49331234807 1008.78965880666 1010.0919882149 1011.53033815199 1012.84469451005 1014.16399595914 1015.48934140839 1016.8206698073 1018.15700434776 1019.50035969648 1020.84768332813 1022.33603363019 1023.69642207027 1025.06169455088 1026.43410994078 1027.81140937121 1029.19579066041 1030.58517809116 1031.98042637055 1033.51889913858 1034.92623541829 1036.33955464765 1037.93797901323 1039.18524086445 1040.6176078519 1042.05498098088 1043.82043953271 1045.27185427823 1046.5461004534 1048.00948109823 1049.66187411171 1051.13831956496 1052.61964905875 1053.92197846699 1055.74641180826 1057.24788796925 1058.75522497888 1060.26854493816 1061.78796994811 1063.31337790772 1064.84574562508 1066.383119484 1068.07556162984 1069.62600029718 1071.18327662127
998.272976427029 999.689042929191 1001.0817270873 1002.35200497954 1003.62832687194 1004.9106927645 1006.1980037481 1007.49032087324 1008.78965880666 1010.09400288162 1011.53436748543 1012.8506774597 1014.17199357551 1015.49935369149 1016.83269675712 1018.17098491378 1019.51531707061 1020.8656932276 1022.35508138827 1023.71742344456 1025.08574845051 1026.45914064851 1027.83839369515 1029.39786783748 1030.61509283942 1032.01253893705 1033.55284322028 1035.13832487845 1036.55457453213 1037.79890595904 1039.22626680493 1040.83873278705 1042.27903634036 1043.72544494433 1045.13681055748 1046.77723767165 1048.24159512458 1049.71291233528 1051.19033459664 1052.67264089854 1054.16202905921 1055.65740016954 1057.30381023336 1058.81224615211 1060.32666502051 1061.84694473756 1063.37235269716 1064.90569722263 1066.63623488464 1068.13661213651 1069.68790551094
997.02650823239 998.281828750496 999.542643814202 1000.80864817097 1002.08094072993 1003.48833806015 1004.77161971031 1006.06094536063 1007.35527715249 1008.65559189401 1009.96091277708 1011.27325446842 1012.58962549319 1014.04494747114 1015.54031858146 1016.70864212757 1018.04796814285 1019.39431496639 1020.91471678445 1022.10300384624 1023.46632271064 1024.97072929595 1026.51713862985 1027.89944420182 1029.11276197134 1030.50507982641 1032.07847348425 1033.48385614775 1034.89424495279 1036.27252119133 1037.87302127413 1039.30233573624 1040.7366563399 1042.17805880233 1043.62544421441 1045.07771366703 1046.53718707943 1048.14452481898 1049.61596413069 1051.09326429104 1052.57764631017 1054.06703447084 1055.56240558116 1057.2528941108 1058.71822837184 1060.23252513923 1061.75292695729 1063.279311725 1065.00374433634 1066.35015221039 1067.89350901896
995.621613972948 996.873271460654 998.130362443453 999.393070072865 1000.66157750041 1001.93490791798 1003.21422128521 1004.4995786526 1005.91991869023 1007.37927000162 1008.51859455705 1009.82593010684 1011.13924860628 1012.62259276679 1013.94793821604 1015.11223242871 1016.58061921508 1018.08997089143 1019.4383323817 1020.62265116055 1021.98096388341 1023.5163230756 1024.88770060688 1026.2640232292 1027.60933219414 1029.17075995267 1030.56613033308 1031.96553004692 1033.37188951852 1034.78313303066 1036.20158050258 1037.62491201503 1039.19427633944 1040.63067266032 1042.07207512275 1043.52043734294 1044.97380570468 1046.43315701607 1048.08249750421 1049.51388768354 1050.99228675301 1052.47666877214 1053.96703374091 1055.65044041178 1056.96473571932 1058.47219482997 1059.98551478925 1061.84401431324 1063.37137588905 1064.71167871244 1066.24905257135
994.087536841397 995.335287096676 996.716982163584 997.975904661583 999.398869870999 1000.51053854691 1001.78588363121 1003.06721166515 1004.51459707724 1005.80789101049 1007.0742006198 1008.37756788665 1009.85089976407 1011.16623293023 1012.48657223793 1013.64787497577 1015.14526075281 1016.48360995999 1017.96097117085 1019.14126061626 1020.66563071725 1022.02595810682 1023.39232949656 1024.76364597733 1026.14204431688 1027.52532669696 1029.05171146467 1030.44708184507 1031.84843517513 1033.25577145484 1034.66811387609 1036.08753815612 1037.51184647668 1039.12125993346 1040.5196828392 1041.96194000872 1043.41030222891 1044.86476949977 1046.50812703826 1047.79140868842 1049.26284800013 1050.7412470696 1052.55566812777 1054.04700990465 1055.35629907065 1056.85875203975 1058.55510141802 1060.06952028643 1061.58992210448 1062.92424197822 1064.79678311874
992.680200561688 993.924287786567 995.173747456033 996.585967776275 997.847210193527 999.084826064699 1000.35650811859 1001.79388124758 1003.07722394825 1004.36551173995 1005.49781548712 1006.96015827334 1008.26554020691 1009.70889628556 1011.02520625982 1012.34756023425 1013.67589715833 1015.00924022396 1016.34856623924 1017.69289839607 1019.04321350255 1020.53461632994 1021.89592052762 1023.26430658407 1024.63763773157 1026.01603607112 1027.4002952593 1028.79065949816 1030.36209953979 1031.72743307091 1033.13574615873 1034.54906538809 1036.14651294556 1037.57289698335 1038.82516497613 1040.26156129701 1041.70491737565 1043.47733568523 1044.9327797642 1046.21105527281 1047.67846525108 1049.33488759799 1050.81316456645 1052.29864549469 1053.7489613311 1055.43236800196 1056.93469887004 1058.44313478879 1059.9575536572 1061.47685656614 1063.00226452574
991.399788285342 992.640517732354 994.042969971529 995.295237964302 996.553000502674 997.65807572387 999.084887115206 1000.48953717262 1001.76891159035 1003.05420790723 1004.34554822427 1005.64183363235 1006.94318623249 1008.25052178227 1009.56384028171 1011.01519397673 1012.33852475926 1013.66887635006 1015.00423408241 1016.3445369058 1017.69088372935 1019.04223669444 1020.4005494173 1022.06997552213 1023.26827486701 1024.64362068122 1026.02397263698 1027.40933073429 1028.97576463438 1030.19897258598 1031.60240163326 1033.15076458337 1034.7432059993 1036.16458389554 1037.41282255487 1038.84518954231 1040.46363847408 1041.90797136083 1043.50138958486 1044.77465895193 1046.42009220764 1047.88750218591 1049.36187192194 1050.84124779952 1052.32660662675 1053.81794840363 1055.46142804313 1056.96473571932 1058.47317163807 1059.98746840546 1061.50787022352
989.861803921364 991.253755473392 992.62556035822 993.874409522619 995.128509030592 996.388042033657 997.65294748131 998.923347474563 1000.1990588619 1001.6118286367 1002.89816281219 1004.19047993734 1005.48884106264 1006.79214727899 1008.2645023483 1009.41481599494 1010.73411744403 1012.19352980593 1013.69085453246 1014.86119274529 1016.20253342729 1017.54985705894 1018.90316364025 1020.4326009333 1021.62589413663 1023.13323114626 1024.50857696047 1026.06304496125 1027.45133348288 1028.66965739394 1030.06795819867 1031.64843371529 1033.05870041931 1034.61512203631 1035.85945346321 1037.46483758655 1038.8981813821 1040.33763022832 1041.78293992317 1043.23325575958 1044.68967664665 1046.29603757809 1047.76442436447 1049.2387941005 1050.71816997808 1052.20352880531 1053.69389377408 1055.19036379353 1056.88073022215 1058.34911700852 1059.86353587693
988.604651888058 989.838909981363 991.078418418242 992.323238249201 993.702979699896 994.958849672561 996.220214190827 997.486829052667 998.758755308586 1000.19606738707 1001.31878620469 1002.6070739964 1004.03248122608 1005.4948240123 1006.80014489536 1007.94642920856 1009.26273918283 1010.58307849053 1012.07545812603 1013.24176700542 1014.71412207473 1016.05747742345 1017.57482671617 1018.93020901471 1020.12051074321 1021.48486746622 1023.02822427479 1024.40454689711 1025.92592552327 1027.1402201009 1028.7086076172 1030.10800733104 1031.51436680264 1032.92475560768 1034.34112736238 1035.76348206673 1037.33382319924 1038.7681438029 1040.20759264911 1041.65290234397 1043.10321818037 1044.55963906744 1046.02204290417 1047.67443591764 1049.1097333294 1050.58910920698 1052.07459013522 1053.75201385643 1055.24836177486 1056.56265708241 1058.06999409204
987.192187365789 988.422843479201 989.658810986693 990.900150938772 992.303030531494 993.398765025169 994.655978108982 996.049272772157 997.476389416026 998.750696641706 999.870118731969 1001.15474349327 1002.44406914359 1003.90140578826 1005.20172052978 1006.47804242218 1007.79038411352 1009.27177465781 1010.59510544035 1011.75640817818 1013.08975124381 1014.59611144534 1015.94044360216 1017.42781709611 1018.61311268307 1020.14450359233 1021.51185179017 1022.88420612956 1024.26156661049 1025.64484899058 1027.03423642132 1028.56867985592 1029.96893427685 1031.37529374845 1032.7866593616 1034.2040079244 1035.62636262875 1037.05470028276 1038.81222226871 1040.07254892836 1041.51785862322 1042.96927336874 1044.60762476568 1046.07100541051 1047.35538596979 1048.8286567967 1050.64014743055 1052.12550625778 1053.61587122656 1054.92528249357 1056.61467211409
985.778562883894 987.134677788508 988.36753172016 989.760887433842 991.004852557707 992.097778728076 993.351695084529 994.610983885568 996.034071195997 997.435973980612 998.552343545542 999.833122124928 1001.28075173904 1002.57209205608 1003.86941532277 1005.00971668631 1006.48109494752 1007.92841930909 1009.24778180869 1010.4060320212 1011.90244099013 1013.23773767198 1014.57810154587 1015.92444836942 1017.27580133451 1018.77013458622 1020.13351450113 1021.50086269897 1022.87517065457 1024.25454580223 1025.63886604092 1027.02923027978 1028.56465052248 1030.14207351376 1031.37334013224 1032.7866593616 1034.2040079244 1035.80646162342 1037.23577608553 1038.49207341174 1040.07645616079 1041.70296375944 1043.15523321205 1044.61360771534 1045.89395894118 1047.54537514654 1049.01974488257 1050.49912076015 1052.13258811656 1053.43687114101 1055.12027781187
984.363900543385 985.587841101063 986.816909901302 988.335480204159 989.576026499651 990.665778043674 991.916275571753 993.329289548581 994.590654066847 995.85757418122 996.970402816763 998.539156636101 999.822071983221 1001.11072607797 1002.40402001122 1003.70238113653 1005.00672521149 1006.31601437749 1007.63037073554 1009.08569271349 1010.41207602136 1011.74236656165 1013.07870110211 1014.42107964272 1015.76840327437 1017.12073304757 1018.47806896232 1019.98046088091 1021.52082621465 1022.72413170108 1024.10350684873 1025.48880389553 1027.05426098751 1028.45060817602 1029.67784546106 1031.22633051218 1032.81669621088 1034.2359983899 1035.66042881147 1036.91171999614 1038.52613959447 1039.96644314778 1041.41285175175 1043.01127611733 1044.2855222925 1045.93193235632 1047.4003191427 1048.87371207062 1050.3530879482 1051.83746996732 1053.47692027338
982.948139293756 984.168783124074 985.547975120209 986.779485940714 988.016308155299 989.102824022468 990.63616854794 991.888802843752 993.146687483138 994.40994456711 995.678268843136 996.951782412229 998.230607375402 999.514621631641 1000.93764789156 1002.23197968343 1003.53235547546 1004.83767635852 1006.14800338314 1007.4643133574 1008.78562947322 1010.11195173058 1011.57936170885 1013.08474510227 1014.26002840613 1015.6083898964 1016.9616964777 1018.49009591214 1019.85542944326 1021.05372878814 1022.56808660603 1024.1215167482 1025.50882846172 1026.90016950868 1028.12349956129 1029.70092255258 1031.10923564039 1032.52255486976 1034.0849594364 1035.33136658053 1036.93968112819 1038.37510064097 1039.8165031034 1041.26278960636 1042.71420435188 1044.31861166712 1045.78089340283 1047.2492801892 1048.72267311713 1050.2010721866 1051.68545420572
981.402645717458 982.901252504635 984.124216254207 985.352369296845 986.585650582044 987.824182210815 989.067903132654 990.316691246546 991.570729704012 992.961582346921 994.22618254204 995.496033080732 996.771011861985 998.051240986811 999.497710641294 1000.6275723682 1001.92294201868 1003.35830048095 1004.82864088354 1005.97693986345 1007.29428769633 1008.61658062025 1010.10999811436 1011.44334117999 1012.61459515042 1014.09598569471 1015.61333498744 1016.96871728597 1018.32904467555 1019.52337573749 1021.06471787934 1022.44110155216 1023.82243031603 1025.35082975046 1026.56817685342 1028.14047160215 1029.54390064943 1030.95221373724 1032.36663187573 1033.78593405474 1035.35432157104 1036.78473494227 1038.22003235403 1039.66045800836 1041.10674451132 1042.55815925684 1044.01555695202 1045.47686187962 1047.27626451315 1048.56565121398 1050.04307347534
980.136458209165 981.350630685776 982.570053505961 983.924275844869 985.154321453214 986.389312152599 987.629553195558 988.87486143057 990.125236857636 991.538128733451 992.641372439447 994.039612193663 995.310988995022 996.747202164385 998.029568056944 999.155644652434 1000.44753442403 1001.90694678593 1003.21025300228 1004.4895663695 1005.80190806084 1007.28525222135 1008.60962086249 1009.93893459468 1011.10622028217 1012.6125804837 1013.95795049914 1015.44630080119 1016.80168309973 1017.99296163634 1019.52935868714 1020.90067516792 1022.27705884075 1023.65936441272 1025.04667612624 1026.58111956083 1027.97942036556 1029.38284941284 1030.79116250065 1032.20558063914 1033.62488281815 1035.04919113871 1036.47862770184 1038.23908011211 1039.50038357987 1040.94569327473 1042.39710802025 1044.03545941719 1045.49786325392 1046.78114490407 1048.25258421578
978.846399952765 980.057703055563 981.274012299908 982.49551083732 983.875801742575 985.084296522066 986.321301888171 987.563435496837 988.966864544119 990.219804092465 991.320239475154 992.582763953046 994.009147990835 995.415568512944 996.694393476117 997.817600697793 999.267367079636 1000.56157677049 1001.8609147039 1003.00219287555 1004.31050523345 1005.92492483177 1007.24526413948 1008.57060958873 1009.7349038014 1011.23723466948 1012.57759854338 1013.92394536692 1015.27529833202 1016.77066944234 1018.13301149864 1019.50035969648 1020.87271403586 1022.25001346629 1023.63335689688 1025.0206686104 1026.41408537459 1027.95548856694 1029.53584198255 1030.76918431825 1032.18348035572 1033.60388144386 1035.20633514288 1036.6376032212 1038.04005546038 1039.48035901369 1041.10772131943 1042.55913606495 1044.01653376012 1045.29480926874 1046.945248666
977.42654831919 978.634554694628 979.847750363132 981.21863949036 982.442396896519 983.517374217927 984.750716553633 986.144133317821 987.519784384569 988.769244054035 989.866504810377 991.2831207671 992.547659911712 993.817205197871 995.091878726591 996.21136186736 997.790555323339 999.080918832272 1000.37653268478 1001.5138425735 1002.98216830937 1004.29249533398 1005.60782850014 1006.92920566646 1008.39252526078 1009.72385365969 1011.06024925065 1012.40152888214 1013.74891356431 1015.10020547889 1016.45760244415 1017.81994450044 1019.32728151007 1020.87271403586 1022.0779731385 1023.46131656909 1024.84972719173 1026.41811470803 1027.81739232086 1029.18980771075 1030.59909760668 1032.1905622145 1033.61084120162 1035.0362484313 1036.28753961597 1037.90195921429 1039.34336167672 1040.93677990076 1042.38709573716 1043.84351662423 1045.30482155183
975.876781207425 977.081368754489 978.44248980065 979.787859816091 981.008381545396 982.080550543498 983.464504479153 984.700105683605 985.940529878084 987.186143365629 988.280107394611 989.824807314323 991.085683428536 992.351626734801 993.622515132107 994.898470721467 996.17949350288 997.465400324826 998.891479110082 1000.18776451816 1001.48881186576 1002.79614741555 1004.10745124827 1005.42382227304 1006.74513838886 1008.07243745432 1009.54186209931 1010.87917344787 1012.38956298284 1013.56887562014 1014.92218220145 1016.2795181162 1017.81292369218 1019.18124869812 1020.52362723874 1021.90196452778 1023.45936295288 1024.84862828261 1026.24302185491 1027.46732871563 1029.04670532313 1030.45611732006 1032.01546936137 1033.43587044951 1034.86115557818 1036.29156894941 1037.72588955306 1039.16631520739 1040.61162490224 1042.06206283966 1043.66537124577
974.455342260675 975.807366781343 977.014335298168 978.226248906033 979.443290756457 980.642994262989 982.023102016724 983.255345443309 984.492411859921 985.734423367573 986.981441016772 988.233464807517 989.490372638796 990.885620918185 992.152785234584 993.42495569253 994.70219334253 995.984315033062 997.271442865142 998.563576838768 999.860716953942 1001.2987616385 1002.60609718829 1004.08345839915 1005.23676352061 1006.55911749504 1007.88641656051 1009.38581700427 1010.72410516094 1012.03846151899 1013.38578515064 1014.90917844353 1016.26755221689 1017.63087108129 1018.82917042617 1020.37356509335 1021.7528791905 1023.27926395821 1024.66865138896 1026.06304496125 1027.46232257408 1028.86672842947 1030.27601832539 1031.69043646387 1033.10973864289 1034.68020187641 1036.11049314663 1037.5449358513 1039.16423949016 1040.42859548325 1041.87793451155
973.033048606833 974.381593248621 975.585509240112 976.794309272137 978.007993344695 979.226744609306 980.450196762931 981.67871610861 983.043744387198 984.282398116983 985.525874836795 986.774296647647 988.027724600046 989.285914491965 990.707475539728 991.817251649937 993.224710030659 994.503046589779 995.947135274502 997.074616031645 998.367726813378 999.665782686151 1001.13172745226 1002.44107766877 1003.72735079375 1005.04573648525 1006.5340867873 1007.86340051949 1009.19674358512 1010.36805860605 1011.87942494912 1013.2287632475 1014.7221196911 1016.08147027257 1017.44582699558 1018.81518986014 1020.18852100764 1021.56783510479 1022.95221639399 1024.34056596612 1025.87891663314 1027.27831634698 1028.68162329325 1030.26808175952 1031.50533132766 1032.92365669856 1034.34808712014 1036.10255658076 1037.53785399253 1038.79720384407 1040.24055992271
971.75935188622 972.955209210831 974.286049205685 975.491979863897 976.702794562641 977.918371200906 979.139015031225 980.36448185157 981.594832712448 982.984647496743 984.202360902741 985.447608087247 986.697678261779 988.109959632528 989.3704694437 990.477437230603 991.747043567269 993.181303120418 994.596453864981 995.72088209679 997.01039089863 998.46717808874 999.767065476713 1001.07171480421 1002.2179991174 1003.69633713637 1005.15471163965 1006.4790802808 1007.8094318716 1009.14375174533 1010.48405456872 1011.82838672555 1013.17772502392 1014.67315718475 1016.03348457433 1017.39784129734 1018.76714311139 1020.14248892561 1021.69488120916 1022.90618431196 1024.2955106922 1025.83398346023 1027.40933073429 1028.81373658968 1030.04695682437 1031.46137496285 1032.88067714187 1034.48215403278 1035.91146849489 1037.31379863305 1038.75312537826
970.335593020218 971.528397819496 972.726086659307 973.928598489145 975.417742447788 976.479044455704 977.696208407142 978.918439550633 980.299096758928 981.531523337033 982.613887769749 983.855166671321 985.390647964526 986.642793856285 987.899701687564 989.00349484812 990.428047370709 991.699424172068 992.975685013961 994.096328114357 995.678451994656 996.969670210683 998.265589315722 999.566514562309 1000.87262910196 1002.18301717708 1003.49828929274 1004.81862860044 1006.28304710389 1007.61333764418 1008.94869537653 1010.28899819991 1011.63339140725 1013.15275536669 1014.33805095365 1015.69837834323 1017.20473854475 1018.7461417371 1020.12148755132 1021.32882237118 1022.71314260988 1024.10246899012 1025.67085650642 1027.07025622026 1028.44462522637 1029.85293831418 1031.44330401288 1032.86272829291 1034.28605980537 1035.53637418192 1037.14774125492
