app/data/climate/rcp45/2050/Precipitation.asc
ncols        365
nrows        372
xllcorner    10.224615574000
yllcorner    43.742729801000
cellsize     0.000500000000
NODATA_value  -9999
[rows 132 to 153 of 372, columns 51 to 101 of 365]
812.934993577479 813.127424774496 813.296168374926 813.47712207669 813.695621840054 813.876148188271 814.093976396063 814.324136806201 814.59752097506 814.895325346586 815.129637191177 815.408699057156 815.736784479989 816.040877053702 816.316581141815 816.642346645395 817.022508150416 817.420923756931 817.782892210965 818.108718765051 818.539796392633 818.934610019255 819.33998538353 819.756044586472 820.182299224027 820.619054548729 821.122477026713 821.580172675202 822.107038547746 822.525234518422 823.012234410112 823.508758180842 824.078725711093 824.594907744971 825.118537940661 825.652913025526 826.264639102338 826.817878793763 827.379726606628 827.878387145091 828.529002394651 829.11624721829 829.783651357183 830.388295575222 831.000937409635 831.621576860421 832.250274978087 832.88654335858 833.53056515342 834.18246246362 834.920746240755
812.540179950857 812.690119995234 812.852209090437 813.048608570388 813.274312293539 813.448855692103 813.659357839094 813.910763825552 814.146724033824 814.394589090895 814.621208571647 814.925728498906 815.252470810593 815.547833161852 815.815600684098 816.172929299625 816.502296783098 816.842958610305 817.194548478206 817.557188487813 817.981062155609 818.36598560015 818.761592883358 819.1675787527 819.584004258681 820.01056414877 820.447319473472 820.893903929748 821.46606927824 821.875351874942 822.352156332018 822.838362567121 823.396730501106 823.902839201383 824.353147738566 824.876411631216 825.475683404669 826.083929602601 826.635520930346 827.125390195849 827.764711101675 828.341882591714 828.927418001166 829.521195229018 830.123153224764 830.806613646911 831.42536053199 832.05198293243 832.686480848229 833.328549026856 833.978309569323
812.148296748556 812.292620146319 812.468872959069 812.638104963553 812.81918076633 812.98719176068 813.255386636472 813.472238036156 813.700811133121 813.940983826353 814.192695065345 814.456005900603 814.730733180609 815.016937955868 815.314314973847 815.668407912521 815.988984123035 816.320427323735 816.662920666142 817.016158897722 817.380142018476 817.754686876884 818.139793472945 818.637721405329 818.994134263256 819.410803971265 819.83760806338 820.32955304611 820.777297462012 821.176995129167 821.642810495044 822.237869783536 822.724686523706 823.220599789369 823.662117053591 824.239960099203 824.763101890841 825.294912854425 825.835637191983 826.384908600474 827.01085944534 827.577957601778 828.153541778643 828.737367773909 829.329313486561 829.929501017613 830.537503013519 831.227923193426 831.852775129172 832.485197327745 833.125495041678
811.724117828227 811.916365873725 812.067954281781 812.231203336611 812.405868836188 812.592133932032 812.789754422116 812.999035558973 813.219549989058 813.492262602344 813.736281477495 813.991655746887 814.258446461026 814.536287316872 814.825361465944 815.12536365571 815.436415987183 815.758335308843 816.180743764479 816.482516418938 816.837158812172 817.202362943059 817.625809257308 818.012991570596 818.360063701003 818.766293772371 819.289374513502 819.717521716764 820.155437001093 820.546404445794 821.059961307885 821.526448229335 822.002275878304 822.487322153781 823.043125966485 823.547158949536 824.06028845808 824.582209239584 825.112860243541 825.652180419446 826.200047666283 826.756400933548 827.389922041241 828.036202704828 828.546035486011 829.136271784477 829.734505699316 830.417172464876 830.955027428621 831.57707104106 832.282875948648
811.35433490934 811.488768125023 811.634251482412 811.791090234042 811.996280986953 812.176196830103 812.367345966481 812.569728396085 812.783344118916 813.037008974121 813.244153343245 813.49122474373 813.791593236536 814.095991062783 814.342329857188 814.63415127906 814.936595489093 815.289772670167 815.614988719187 815.90827535322 816.301440616161 816.702847697503 817.070554899163 817.448335434425 817.787226796938 818.234116505747 818.642055991302 819.059519355897 819.486872902573 819.97997784493 820.427172806272 820.883891646655 821.349829113544 821.824924156434 822.309237825831 822.802586970214 823.304788438064 823.879273705809 824.465724872861 824.929403471004 825.467380535762 826.013721519933 826.638573455679 827.202680137291 827.703111140448 828.353299036461 829.016063336848 829.613625696113 830.142933588924 830.755270170803 831.453443765058
811.005431263733 811.135163590402 811.275885008272 811.427595517341 811.611479643425 811.764105910095 811.986757107913 812.183095537357 812.417346331442 812.637128155446 812.838472726437 813.078950672202 813.362286073648 813.625780060426 813.908321805285 814.192634014838 814.525298225671 814.832199122691 815.149661757364 815.43592758313 815.815600684098 816.164138026665 816.572199613233 816.941799380601 817.321289330049 817.710730512083 818.110000825691 818.51897816986 818.937601494082 819.365748697344 819.8597693973 820.30757486371 820.764660007132 821.289877515996 821.706303021978 822.190616691375 822.683965835758 823.249415628516 823.825060855888 824.280741837658 824.809805528442 825.415060251547 825.961950690279 826.517205048423 827.009821586727 827.652378169406 828.232174831232 828.891703454765 829.413441084749 830.09299427447 830.705452957362
810.624292950605 810.749141236741 810.884673361544 811.050059184107 811.208363147897 811.3558001215 811.53443390401 811.748415929881 811.988649673619 812.201593840877 812.396894411708 812.65996104494 812.905200930225 813.16106360367 813.393604983568 813.704596264535 813.992083100434 814.334942745881 814.643919360127 814.963335611014 815.292886246007 815.632571265107 815.982390668314 816.342039203095 816.711761071476 817.142472396018 817.532463032613 817.932160699768 818.393153075617 818.760066620691 819.188152773447 819.625579653722 820.128635828666 820.643841054437 821.051719489485 821.526448229335 822.071018748812 822.564428943702 823.066630411553 823.513092766815 824.09673561056 824.690085484866 825.22720784253 825.772633069101 826.326483265593 826.888331078458 827.458481760229 828.036630058374 828.622775972893 829.289325404693 829.892138107532
810.211835727556 810.331433670119 810.461471249322 810.655917113059 810.808848632262 810.951218413812 811.123930297175 811.330769413766 811.526069984597 811.731810192068 811.920517308178 812.215147053357 812.453182978856 812.701719591501 812.927728567185 813.229989625698 813.509661996744 813.799529802403 814.099715143689 814.455761698577 814.77688736365 815.108025311817 815.44911449257 815.844660725272 816.160902349811 816.531295773766 816.911518329293 817.350532522742 817.804015686272 818.162687412946 818.581493888688 819.063670790351 819.501830276706 819.949147339062 820.34805134963 820.870887888735 821.405018771572 821.888844036915 822.381277423699 822.882379982429 823.392029612093 823.910165262183 824.436664831687 824.971650421618 825.581911286271 826.134113119082 826.69443466928 827.262998037879 827.839436921837 828.423873422169 829.016246488368
809.836741414589 809.951638468138 810.093214593101 810.22990667753 810.376977348093 810.514096786069 810.738823701114 810.917518534131 811.106469852268 811.305677655526 811.515447196436 811.735473222468 811.965938885139 812.206599982424 812.499215060883 812.760938582969 813.033040691187 813.315094031993 813.607281756906 813.909420714405 814.221633005505 814.543613377672 814.922981226106 815.308820428247 815.617369688947 815.979093940954 816.350281021495 816.779282931851 817.170494578579 817.520436082799 817.983198923342 818.454814087352 818.883815997707 819.321731282036 819.712332423697 820.224363023121 820.688957378864 821.16228195706 821.644275707204 822.196843843055 822.696786442158 823.205276112196 823.722129701646 824.313587010245 824.780806537774 825.322507683439 825.87232854649 826.569647433651 827.066049103368 827.640900674153 828.223627760298
809.464455424928 809.589486862584 809.71122157288 809.842907515762 809.984788893258 810.136682553848 810.298832699558 810.471056178868 810.691021154393 810.884062856477 811.087422094188 811.300915716005 811.524421620917 811.758184010948 812.001958684073 812.255806690798 812.51960593011 812.836702261743 813.157278472257 813.415338963942 813.719370487148 814.033292192435 814.397946868762 814.732381544289 815.032811087602 815.434218168943 815.842707109058 816.215725704799 816.598023977554 816.940212067427 817.390398503597 817.800230554858 818.219159131614 818.70274019493 819.140350226726 819.586751531481 820.042005159704 820.505927959874 820.97833678047 821.45947582352 821.948978785983 822.509788740235 823.017057400138 823.597708769057 824.056503326666 824.588558492277 825.128794425782 825.746198199714 826.233564394444 826.867634956697 827.440838163802
809.107615213454 809.215064105189 809.366530412232 809.493942819648 809.631245409145 809.778438180721 809.935521134377 810.102677421634 810.279723890971 810.490897593535 810.70225444762 810.909765119784 811.127471226562 811.384127556594 811.592492935851 811.839747487856 812.097014322955 812.398054371335 812.719668440461 812.971501780466 813.268512495406 813.614058363146 813.931337846299 814.258324360013 814.552099398099 814.940380620507 815.295511417794 815.710105408576 816.084467115463 816.467986398351 816.860602206732 817.262314540607 817.672879197949 818.092418279771 818.52080968506 819.014708284003 819.461414841292 819.916729520022 820.439382907606 820.853305342814 821.334200183837 821.823642095794 822.384207848019 822.955152186377 823.406315430653 823.92964037381 824.528240591689 825.068842828234 825.548455608617 826.104137320308 826.738757337121
808.740457466353 808.843693873128 808.956393108437 809.0787383238 809.22788471159 809.387714938046 809.539669649143 809.701209289786 809.894739395923 810.077158309847 810.244803001157 810.445598117588 810.683206689539 810.944502858078 811.146824237176 811.387302182941 811.669355523746 811.930346439752 812.201044386317 812.445551665522 812.770950866062 813.115275723669 813.424618640955 813.743424386775 814.071570860115 814.408997010469 814.755641787329 815.111566241203 815.476526170064 815.850521573912 816.285567484427 816.678244343315 817.07995667719 817.542475315706 817.909755163821 818.337780266069 818.774352439252 819.275882351528 819.789439213619 820.195241931441 820.666734994437 821.207398281488 821.696718092431 822.194218671268 822.636468541571 823.214067385156 823.801861663354 824.332878970352 824.804066780815 825.419028534481 825.974099741106
808.376169093066 808.475254065388 808.58367976523 808.716953021286 808.845403287315 808.965611734944 809.111827698414 809.287897359644 809.491012395328 809.667753612132 809.830209010375 810.04999083438 810.255547890331 810.470567774815 810.666723052739 810.929484433438 811.21434609755 811.468316205289 811.731688091054 812.00458385586 812.286759297679 812.578336517525 812.879315515398 813.189452089271 813.555388826238 813.884756309712 814.223098217665 814.570597701619 814.972432136507 815.292580993474 815.667064801375 816.050400932742 816.544910036753 816.947599178734 817.307125612502 817.726115239763 818.207742686867 818.644925365116 819.090533013285 819.487544458146 820.007206370903 820.538406829421 821.018324862337 821.506545764161 822.003008484384 822.507529871488 823.020109925472 823.540870747349 824.0696291856 824.673540797559 825.219210226157
807.981843870498 808.076777408366 808.214141048369 808.342469213385 808.466401741921 808.58239770459 808.723729627526 808.893999490623 809.055233878733 809.22587004487 809.420010656074 809.633076924345 809.832528929629 810.04138271294 810.231799243237 810.487295613642 810.724354731034 810.970693525439 811.226495148377 811.533823398943 811.808794880976 812.092862888502 812.386149522534 812.727055551768 813.0001955186 813.320771729113 813.650383414613 814.080117931049 814.429448930203 814.742454877889 815.10833056435 815.530433767452 815.914929858446 816.308156171894 816.659257635742 817.174890215059 817.594490347387 818.022698601156 818.459209723832 818.904206866934 819.357506878943 819.819048709353 820.288832358162 820.828213584574 821.31509137525 821.810210984327 822.313572411804 822.824809354641 823.344043913852 823.871276089436 824.406505881393
807.623538446864 807.714564752305 807.827630290654 807.93764330367 808.056752842179 808.202724603622 808.356938183465 808.503764652002 808.659931848058 808.825195569608 808.999738968172 809.183439942735 809.376481644819 809.617081691598 809.829049050749 810.050296086913 810.280761749584 810.520384988256 810.769287903941 811.027226294613 811.294261210779 811.613677461665 811.899515933884 812.231935942691 812.498299303283 812.811183149956 813.132736168576 813.505266360264 813.845745035951 814.15081441777 814.557288691165 814.96999011624 815.346000186808 815.730618378816 816.073966428316 816.525190723099 816.935328026894 817.353585048076 817.836616656832 818.272517274441 818.716781811464 819.169166065873 819.629792138682 820.15769586984 820.575403436462 821.060327610925 821.61631457515 822.181398064868 822.62804357165 823.145751868194 823.671518831618
807.30021496355 807.399422036886 807.496919696034 807.60326967865 807.718471984732 807.842648715295 807.975677769324 808.152480036634 808.304068444691 808.464570226721 808.634107483738 808.812863367261 809.000593675265 809.197481559269 809.403527019273 809.657497127012 809.88216299155 810.115803280568 810.38949270196 810.610190283565 810.87099804805 811.140658136002 811.454701942302 811.787488254149 812.047868665087 812.353731703494 812.708374096728 813.032857539667 813.365888053541 813.664608182667 814.058261849662 814.467300244337 814.835556900558 815.212360627712 815.597650375293 815.991487193808 816.393565830723 816.803947336545 817.22269276178 817.649680005415 818.141930240679 818.586133727194 819.038456931097 819.557080985241 819.967401440556 820.443961695606 820.928519567029 821.483163420107 821.985303837451 822.494526113568 823.011623905045
806.925303802103 807.042398673892 807.13623330264 807.238553951816 807.349604823445 807.469446968034 807.597836183556 807.735199823559 807.881354736522 808.091856883513 808.236241331783 808.4094416192 808.591616331097 808.807246720648 808.982827977825 809.191681761136 809.409509968927 809.665189490852 809.942236690111 810.157195524089 810.411043530814 810.707260589167 810.979790050932 811.261171836165 811.514531438836 811.850003972977 812.202998002531 812.51978908163 812.845066181157 813.178951402124 813.521444744531 813.872363056858 814.231706339105 814.599413540766 815.027011289468 815.412239986543 815.805710502018 816.207422835892 816.669269918835 817.035511908336 817.461827596398 817.896263001847 818.452616269112 818.905000523521 819.307384412969 819.774726041512 820.310077934483 820.794269502866 821.224370322342 821.723397163845 822.359055039272
806.574995994842 806.656437370737 806.746242666046 806.844350830261 806.998137056557 807.099664049146 807.223779729202 807.356625631711 807.516211656141 807.667494811664 807.806934168894 807.974334658177 808.209928563409 808.396437861279 808.566890875896 808.770066962087 809.008835493665 809.23044883287 809.460731344021 809.669401975812 809.947425983178 810.245535607237 810.511166361749 810.785466288208 811.068313285601 811.35982945494 811.659770594199 811.968258804392 812.285233035012 812.657641125686 812.99213685172 813.33511859818 813.686281112534 814.091412274782 814.413697899482 814.789646919543 815.173837758005 815.669079468095 816.071463357543 816.430196134724 816.847659499319 817.327028077675 817.761524533631 818.204140706973 818.597855424475 819.172645944753 819.639804421776 820.114838414159 820.536941617261 821.088349793486 821.586888230936
806.227618611902 806.305763260437 806.391844474838 806.49880496252 806.602590823856 806.700332685031 806.819869577087 806.998320208077 807.13623330264 807.282693468137 807.417737188886 807.60107186041 807.7731121882 807.953821687937 808.118902257967 808.378550062826 808.58551128043 808.801080619474 809.025135978946 809.257799459857 809.499010011702 809.748828684987 810.006950227179 810.316171043452 810.591997232578 810.87630944213 811.168985571096 811.470025619476 811.818746113563 812.097197474475 812.423268230588 812.757580805102 813.192138311564 813.544643937065 813.859847702991 814.227615955159 814.651062269407 815.036046764455 815.42915097689 815.77964193567 816.293931403841 816.711638970463 817.137466254471 817.571046952827 818.012564217049 818.462018047138 818.919286342081 819.384308051371 819.918438934208 820.399883229791 820.889080939721
805.851791692854 805.957836422936 806.040743010991 806.143613114727 806.243735945662 806.337814776437 806.453261284546 806.593127995322 806.726157049352 806.867488972288 807.052044653945 807.210592819762 807.377504904992 807.552841960142 807.736726086226 807.928974131723 808.129586096634 808.338623031465 808.59503515947 808.821471488701 809.056332787853 809.299619056924 809.55126924541 809.844311677416 810.079600330114 810.356281226333 810.68485505322 811.015993001386 811.319108766992 811.591088774198 811.909528216978 812.277662772185 812.613318457846 812.957215961906 813.31387302186 813.719126285122 814.087871345396 814.464614022043 814.849171163545 815.241786971926 815.642278295668 816.050706185276 816.522382399792 816.947232875694 817.37989781645 817.820316171552 818.268671092521 818.724535225811 819.18827487446 819.659767937456 820.201041729574
805.541349866448 805.613084211782 805.703072658611 805.823403207253 805.920229310829 806.011438767791 806.137813316593 806.258754370302 806.387876191905 806.525117730894 806.670601088284 806.859247153888 807.021702552131 807.192338718268 807.371399854325 807.558641758275 807.754186531133 807.958034172897 808.170184683568 808.390638063146 808.658955039951 808.896502561396 809.142230850735 809.4284966765 809.658473935118 809.928927679657 810.207501141583 810.530702523883 810.871059098557 811.137178257122 811.488462872489 811.809100133509 812.137979212929 812.474794858216 812.81954706937 813.17223584639 813.583044705759 813.952278170086 814.329448200281 814.714432695329 815.10723165523 815.507845079985 815.916272969593 816.384957709283 816.812677558998 817.245098297727 817.685211400296 818.18954963588 818.588514696954 819.051765941551 819.522587448974
805.202580604947 805.280358950442 805.357709942391 805.442814348686 805.535672169328 805.636344454823 805.777615327252 805.894527047521 806.019436384164 806.152282286673 806.293308957076 806.442394294359 806.599538298523 806.764863070579 806.97408315693 807.156074717307 807.346185995071 807.544416990222 807.77732467316 807.96548233471 808.188194583035 808.41896549824 808.728430516539 808.977089230198 809.201266690682 809.465004879488 809.771295271441 810.05218865262 810.341079650172 810.600300101484 810.942488191358 811.301098867525 811.622346633612 811.951530965565 812.288651863386 812.633404074539 812.98609285156 813.346718194447 813.761495336749 814.142511548863 814.527007639858 814.919196094693 815.369687783395 815.778237774017 816.142037743251 816.56493460294 817.04973667639 817.546748851173 817.937838396888 818.392054166497 818.912021331788
