app/data/climate/rcp45/2050/Temperature.asc
ncols        365
nrows        372
xllcorner    10.224615574000
yllcorner    43.742729801000
cellsize     0.000500000000
NODATA_value  -9999
[rows 132 to 153 of 372, columns 204 to 254 of 365]
17.5844720176762 17.5738605073468 17.5630561392638 17.552070831603 17.5394819875641 17.5295183926091 17.5179642629223 17.5062172754819 17.4918797100144 17.4812573649797 17.4689534736891 17.4564675593501 17.442209087231 17.4293602102659 17.4179653507463 17.4047860152709 17.3887213977853 17.3751790996837 17.3614775314148 17.3476177764491 17.3335976678457 17.3194421254265 17.3051392310158 17.2895632587373 17.2749634934026 17.2602402124279 17.2453912488722 17.2304176862061 17.2134440369493 17.2001401023634 17.1848371646574 17.1682611490837 17.1508335256767 17.1352467186929 17.121545150424 17.1058326608593 17.0880756624125 17.0722374902668 17.0583430642443 17.0412339811719 17.0232949596767 17.0073321884205 16.9913477477538 16.9773623102072 16.959400535831 16.9434377645748 16.9263286815024 16.910423334184 16.8945634926278 16.8787491568337 16.8629911615069
17.5935612519169 17.5831881051031 17.5726112658306 17.5596822120466 17.54868498621 17.5389034143033 17.5275529770754 17.5145567481188 17.5027978425026 17.4923683552215 17.4802692398602 17.4654766167719 17.4529679495519 17.4402891774593 17.4290416699313 17.4143866475997 17.4011845592432 17.3878123660142 17.3732028494447 17.3594785282948 17.3456068551533 17.3315639936688 17.3173856983686 17.3012419875346 17.2885740501473 17.273952615402 17.2580472680837 17.2413011476374 17.2262701610334 17.2130355685611 17.1977889713225 17.1805195346122 17.1650692449148 17.1495268602226 17.1346670619617 17.1169999915684 17.1012311615364 17.0854049075665 17.071510481544 17.0535942129298 17.0376325251442 17.0204432652529 17.0044469064104 16.9884277946869 16.9724206011391 16.9564123241209 16.9404278834542 16.924465112198 16.9085370119987 16.8914961875694 16.8756699335994
17.601808629559 17.5916521768505 17.5799962009342 17.5694182781911 17.558648581165 17.5490707017172 17.5356768390776 17.5243155671444 17.5127614374576 17.5024912203438 17.4890854395284 17.4769624878156 17.4646585965249 17.4511845570665 17.4385057849739 17.4256341551278 17.4125913369385 17.3993784138768 17.3859834677667 17.3724303349598 17.3587060138099 17.3437096982627 17.3296560020729 17.3136477250547 17.3010718826621 17.2865631288515 17.2719081065199 17.255263832303 17.2403238572232 17.2259754570504 17.2108079531601 17.1935959403878 17.1782019911576 17.1626942775223 17.1490609678965 17.1314285685601 17.1144668374792 17.0986405835093 17.0847461574868 17.0668298888727 17.0508562829112 17.0348490893635 17.0188072247589 17.0027653601544 16.9855078416199 16.9694551423101 16.9534241124108 16.9354059975673 16.9214205600206 16.9054697069402 16.8895751943272
17.6099888320286 17.5987868302627 17.5886303775541 17.5782691489161 17.5677258972299 17.556967034909 17.5460261495398 17.5348924064169 17.5226676084747 17.5111253969636 17.4993892442285 17.4874602337398 17.4753492002027 17.4630453089121 17.4505593945731 17.4378806224805 17.4239861964581 17.4109433782688 17.3960380742458 17.3843019215107 17.3707260358228 17.3569789617918 17.3413119779892 17.3260772989263 17.3136022192926 17.2992083133577 17.2828262390081 17.2681127092681 17.253264829183 17.2401537523506 17.2231692683887 17.2067406048064 17.1913921613383 17.1759299534651 17.1603767340677 17.1447216684408 17.128986425995 17.1131829249062 17.0973003304689 17.0801457416344 17.0641602174972 17.0481302710684 17.0320656535828 17.0159891179214 16.9998909128495 16.9837927077776 16.9676945027057 16.9484141446997 16.9343723666857 16.9183532549622 16.9023796490007
17.6168732037493 17.6071371376048 17.5964118628702 17.5862554101616 17.5759060996994 17.5653509298374 17.5546039856923 17.5436522656178 17.532518522495 17.5211800034428 17.5087168419849 17.4969698545445 17.4850289258799 17.4713728633731 17.4605804134659 17.4480717462459 17.4353702212723 17.4198170018749 17.4067059250425 17.3950954548884 17.3816550030162 17.3663173942534 17.3525139797551 17.3385285422085 17.3261683104505 17.308933544797 17.2944594620433 17.279838027298 17.2650681570907 17.2501628530677 17.2351210317584 17.2199426931629 17.2046505901622 17.1880290688264 17.1725105204858 17.1568890424452 17.1411657181752 17.1253730517916 17.1095023755301 17.0935515224497 17.0763395096773 17.060285726897 17.0421885187051 17.0280893167532 17.0119564406245 16.9958008116147 16.9776461794849 16.961502468651 16.9462103656502 16.9301349134594 16.9120929622643
17.6249168889327 17.6153964334227 17.6056712019834 17.5957531127905 17.584358253271 17.5744965045454 17.5639651710349 17.5532290615951 17.5409251703044 17.5311771859841 17.5198505851077 17.5083192083019 17.4941636658827 17.4821999843372 17.4715776393025 17.4592509951308 17.445151793179 17.4324275153243 17.4195103797161 17.4080472615535 17.3920053969489 17.3785194393146 17.3648525421026 17.3510144565474 17.3369954314145 17.3228160526437 17.308467652471 17.2939599821309 17.2781109752799 17.2632847646053 17.2483220366444 17.2332238748678 17.2179881123344 17.2006970062137 17.1871547081121 17.1703403290226 17.154650592339 17.1368935938921 17.1229991678696 17.1070591494945 17.0910519559468 17.0729655824601 17.0568435410366 17.0414842628633 17.0253058809725 17.0070938249048 16.9908818554277 16.9746926388317 16.9605251782367 16.9423477932259 16.9262149170972
17.6328695625918 17.6235766358923 17.6140789332634 17.6031608007752 17.5932307934065 17.5843929243278 17.5740988708625 17.5614200987699 17.5506731546248 17.541118028058 17.529996203111 17.5172491723753 17.5057058773937 17.4939697246586 17.4835294026723 17.4688732968702 17.4565238998175 17.4439708103059 17.4312237795702 17.4182828076104 17.4051608960728 17.3918342086058 17.3783374162663 17.3635112055917 17.349628697745 17.3355750015552 17.3213512004929 17.3069453763823 17.2905622185621 17.2776678358349 17.261592383644 17.24656139704 17.2294859015539 17.2141710456721 17.2006634186274 17.1851210339352 17.1675005527746 17.1517198045667 17.1365978064386 17.120658871534 17.1026288385146 17.086541468148 17.070397757314 17.056230296719 17.0379727348893 17.0217152596501 17.0042312957758 16.9879619023608 16.9717044271216 16.9554697047635 16.9392577352864
17.6414473987443 17.6323928355605 17.6212135866756 17.6117267187519 17.6020361583694 17.5933792288685 17.5820407098164 17.5717477398215 17.5612391591921 17.5518888085547 17.5387094730792 17.5275876481322 17.51624912908 17.5047177522742 17.4929707648338 17.4810298361693 17.468885215046 17.4565358179932 17.4429252612485 17.4301663123371 17.4172155891425 17.4040590065481 17.3907095662001 17.3754629689614 17.3634429469485 17.348367538053 17.3342683361011 17.3181928839103 17.3037188011565 17.290914346483 17.2761455597462 17.2593203459515 17.2442211007044 17.2277252619495 17.2142728919016 17.1968225156135 17.1811782846919 17.1654213728356 17.1515605343995 17.1336215129043 17.1175796482997 17.1002202835358 17.084041901645 17.0678190974627 17.0515497040477 17.0352348048707 17.0189090709884 17.0025725024008 16.9850191964128 16.9686934625305 16.952402399705
17.6492072146499 17.639266372576 17.6302226440974 17.6209752231599 17.6115338609983 17.601070786131 17.5912090374054 17.5811316780452 17.5708506262262 17.5603756331831 17.5496850295053 17.5387896498981 17.5267349568284 17.515408355952 17.5038769791462 17.4921408264111 17.4801890630413 17.468044441918 17.4541272630145 17.4431181190021 17.4292583640365 17.4162718863146 17.4014348409347 17.3880290601193 17.3761336372169 17.3623757284807 17.3466524042107 17.3324849436157 17.3169425589235 17.3042301992447 17.287699689433 17.2728279729963 17.2577969863923 17.2426186477968 17.2272929572097 17.2118199146312 17.1949600297797 17.1792356220392 17.1633876986588 17.1474476802836 17.1314058156791 17.1152740230209 17.099072888249 17.0815542533179 17.0652393541408 17.0488800326722 17.0324860401468 17.0140356205635 16.9996633840391 16.9832585568084 16.966864564283
17.6561825978948 17.6464692846313 17.637630332082 17.6285985217792 17.619361935547 17.6099205733855 17.5994683332234 17.5895957497926 17.5795303086081 17.5692481733186 17.5587623455702 17.5480717418924 17.5371763622853 17.5246557768895 17.5137495625771 17.502207351066 17.4904484454499 17.4769624878156 17.4647496080491 17.453899734204 17.4413000554599 17.426883396644 17.412715936049 17.3994575072251 17.3876996850795 17.3723393234356 17.3584904031752 17.3444475416907 17.3302129059232 17.3145686750016 17.2999580749616 17.285177370049 17.2702146420881 17.2551045621357 17.2398243773108 17.2244076751996 17.2088425376264 17.1918808065455 17.1760545525755 17.1601156176709 17.1440737530664 17.1279300422324 17.1096724804027 17.0954140082835 17.0790546868149 17.0613886998922 17.042880856371 17.0264077704972 17.0119791935055 16.9954941894559 16.9769527583484
17.6633974281259 17.6543081938852 17.6456967701464 17.6369033233593 17.6278942659375 17.6186912672916 17.6092845761868 17.5996731091527 17.589846031484 17.5789387337011 17.5686912694683 17.5582162764252 17.5475375909232 17.5352792053946 17.5255539739553 17.5142382077842 17.5027068309784 17.4884256059782 17.4764283368464 17.4657496513444 17.451775048503 17.4391190292915 17.4262701523264 17.4131937465509 17.3987532513834 17.3852564590439 17.3715440560697 17.3576377118715 17.3435276752144 17.3292356155089 17.3147387798741 17.3000718393668 17.2839617161191 17.2670335726245 17.2537188033333 17.2383584416894 17.2228398933488 17.2052074940124 17.1913813266331 17.1754532264337 17.1581274492561 17.1399500642453 17.1237034237114 17.1094113640059 17.0930054533047 17.074475940373 17.0579573487371 17.0401548445282 17.0256580088934 17.0070028133807 16.9904278812774
17.6708950441642 17.6627375945757 17.6543872872336 17.6458332874327 17.6352217771033 17.6273601149683 17.6181798692034 17.608806765685 17.598002397602 17.58942564492 17.5794165442029 17.5692026675565 17.5565238954639 17.5458332917862 17.5363009181004 17.5252018460345 17.512465650004 17.500900685612 17.4891190271147 17.4775648974279 17.4638178233969 17.451354661939 17.4386878080222 17.4257923418245 17.4126823484627 17.399366495701 17.3858241975994 17.3708733878143 17.3551500635443 17.3427324078484 17.3283601713241 17.3137961605167 17.2971865573566 17.2822238293958 17.2689762352772 17.2524013031739 17.2349953491774 17.2193630364316 17.2055477037575 17.1896423564392 17.1716014887146 17.1554350249996 17.1378589661306 17.1235441535441 17.1050373934934 17.0885188018575 17.071930868108 17.0552985120669 17.0386434031447 17.0219655413416 17.0040265198464
17.6782680610921 17.6703500584898 17.6622381146633 17.6528650111449 17.6443326807545 17.6366985474299 17.6277805015323 17.6166922641715 17.6073191606531 17.5989461004299 17.5891753632286 17.5779397738763 17.5677139790541 17.5572736570678 17.5469915217782 17.5347450544254 17.5236340641837 17.5122955451315 17.5007294972689 17.4889370040664 17.4769289002293 17.4646932675818 17.4511054637181 17.4383920205687 17.4254629667847 17.412318302366 17.398946109137 17.3853593887438 17.3698170040517 17.357535865642 17.3420509048877 17.3276104097203 17.3111145709654 17.2962428545287 17.283075437229 17.2678515928714 17.2505149809886 17.233632343256 17.2198516816388 17.2019809187867 17.1859390541821 17.1697606722913 17.1534696094659 17.1370756169404 17.1205786947151 17.1026970971578 17.0860528229409 17.0693522082566 17.0526060878103 17.035837214483 17.0190455882746
17.6855392317905 17.6771780897432 17.6682708785508 17.6601481000191 17.6518313802633 17.6443901046923 17.6345857799046 17.6256666505365 17.6156922208763 17.6075120184067 17.5967531560858 17.5869715841791 17.5769624834621 17.5667377721104 17.5562963666535 17.5456285158568 17.5337341764249 17.5226004333021 17.5112391613689 17.4996503606252 17.4878351145417 17.4757815049425 17.4635003665329 17.4482646039995 17.4370972732904 17.4241107955685 17.4108989559773 17.3957650396733 17.3820753895802 17.3699080155758 17.355808813624 17.3384147778033 17.3238388488201 17.3090700620833 17.2959709034267 17.2789170773511 17.2635577991778 17.2480273326614 17.2342910933357 17.2151255832053 17.199094553306 17.1829172548858 17.1666251085898 17.150197528478 17.1336670186664 17.1170454973305 17.100334047941 17.0822585091596 17.0654441300702 17.0485842452187 17.0316907727809
17.6926858033785 17.6842899902743 17.6766211858929 17.6680433497404 17.6599660769708 17.6516948629771 17.6432199565245 17.6345283559668 17.6256438976555 17.6165438287095 17.6072389838342 17.5968214147289 17.5870625957033 17.5770762478673 17.5668742893966 17.5564448021156 17.5457877860241 17.534915159298 17.5213501083153 17.5113865133604 17.4997868779115 17.4879597136522 17.4743719097885 17.4620344309115 17.4510480397802 17.4382782561635 17.4224184146073 17.4091263981971 17.3956068529766 17.3835749127879 17.3678515885179 17.3536505403366 17.3392100451692 17.3245550228376 17.3083885591226 17.2933001485807 17.2780199637558 17.2625458377067 17.2468907720799 17.2310417652289 17.2150454063864 17.1988789426714 17.1812357086298 17.1647962103423 17.1482321129443 17.1315650858464 17.114796212519 17.0958343948475 17.0810309370539 17.0627625405189 17.0457672218517
17.6988204134954 17.6915839138538 17.6841534729881 17.6765301743688 17.6687140179959 17.6607039203988 17.6517295340339 17.6432882151676 17.634642120372 17.6257923331175 17.6167377699336 17.6074556779393 17.5979688100157 17.5860853052891 17.577360117145 17.5671809115554 17.5567741771554 17.5447769080235 17.5338815284164 17.5241454622718 17.5127950250439 17.4986394826247 17.486755977898 17.474644944361 17.463840576278 17.449673115683 17.4368242387179 17.4237359147666 17.4103983925944 17.3955721819197 17.3817460145404 17.3676814836454 17.3533775057641 17.338847082543 17.3240999652168 17.3091155678454 17.292595892739 17.2771911088036 17.261592383644 17.2457997172604 17.229826111299 17.213682400465 17.1953229924058 17.1809063335899 17.1629673120948 17.1462547792348 17.1273157144443 17.1103886544202 17.0955050198077 17.0784414424973 17.0591957555481
17.7063754534716 17.6987521548523 17.691549242797 17.6841762258691 17.6756438954787 17.6688386171063 17.6608751087419 17.6527057409776 17.6424701949207 17.6349259896497 17.6261217081573 17.6171007325598 17.6066831634545 17.5971962955308 17.5887094709025 17.5787913817096 17.5663856441895 17.5559561569084 17.545299140817 17.5357678506018 17.5232591833817 17.5118751585675 17.5002419355323 17.4883692655109 17.4750772491007 17.4626823462859 17.4500371617797 17.4371427790525 17.4239981146338 17.4106031685237 17.3969579407222 17.3817806855972 17.3676240597075 17.3514120902304 17.3385968008516 17.3237370025906 17.3086377573435 17.2913921569848 17.2777924349454 17.2606941865782 17.2447660863788 17.226611454249 17.2102857203667 17.1958690615508 17.1792583749202 17.1603886522434 17.1434940963351 17.1251346882759 17.1101838784908 17.0908699328984 17.0736470854208
17.713157978963 17.7064101245285 17.6994791635751 17.6907767283121 17.6834264642653 17.6768367965276 17.6691224863841 17.6602044404865 17.6520589090737 17.6447649854942 17.6362326551038 17.6255084638397 17.6164983229474 17.6072617367152 17.5990024408973 17.5881189794659 17.578200890273 17.5680552722697 17.5576712907507 17.5459925619535 17.5350971823463 17.5239515210477 17.5125566615282 17.5009115203172 17.4890171808853 17.4768606415862 17.4632500848414 17.4505713127489 17.4359834655899 17.4244065830221 17.4109433782688 17.3972201405894 17.3814729799679 17.3672155913193 17.3531954827158 17.3384494488601 17.3215776458328 17.3063321320647 17.2928006686683 17.2771228501604 17.2592401691326 17.2431300458849 17.2254293879054 17.2110127290895 17.1922903584042 17.17548681402 17.1585359176444 17.1414604221582 17.1242830804427 17.105650637811 17.0883021077524
17.7192134957315 17.7126812519316 17.7059550669076 17.6981844162968 17.6910833504709 17.6839942028208 17.6755528839545 17.667838573811 17.659931405914 17.6528314235586 17.6434810729212 17.6349487425308 17.6261899668004 17.6163173833696 17.6070916318427 17.5976502696811 17.5879716274744 17.5780535382815 17.5678960021024 17.5575011858782 17.5457986207293 17.5348815717117 17.523713157532 17.5108415276859 17.5006048981584 17.4886650529644 17.4764630079032 17.4624093117134 17.4484011212858 17.4369835088852 17.4237023271803 17.4084329770606 17.3945721386244 17.3804512672621 17.3678851761042 17.3514240084062 17.3351654496965 17.320009863982 17.3065585774046 17.288983602006 17.2731237604498 17.2570472247884 17.2407669966682 17.2228853991109 17.206218372013 17.1893812400425 17.1723967560805 17.1552638366565 17.1380074015926 17.1206361186529 17.1031857423649
17.7257349048261 17.7194291063661 17.7121351827866 17.7054555869953 17.6985820499798 17.6924246869818 17.6842899902743 17.6761097878048 17.6684529015992 17.6615901992889 17.6525248013998 17.6442535874061 17.6357559280725 17.6270534928095 17.6181235287361 17.6080234164948 17.5986048072143 17.5889597525939 17.5778140912953 17.568929632984 17.558545651465 17.5479124717251 17.5356540861966 17.5233382767301 17.5133183413078 17.501615776159 17.4881309019952 17.4758605982909 17.4633064253088 17.4521044235428 17.4373811425682 17.422702283885 17.409035386673 17.3950835367126 17.3808597356503 17.3663629000155 17.351604947984 17.3365750448505 17.3198971830473 17.3043547983551 17.288563215442 17.2725321855427 17.2562866284794 17.2398243773108 17.2231465155076 17.2062974653614 17.1878481292486 17.1684995125993 17.1533211740038 17.1358707977158 17.1183066570225
17.7326767004847 17.7258595039366 17.7190087198021 17.7125674875264 17.7059442322024 17.6991497885353 17.6921516524093 17.684971493235 17.6775984763072 17.6700206834499 17.6614309291216 17.6534219149951 17.6451962067635 17.6367548878972 17.6280871236911 17.6192026653797 17.6100798435528 17.6007186582101 17.5889142468318 17.5802681520362 17.5701572050897 17.5584665581166 17.5478095420252 17.5368924930075 17.5271217558061 17.5130788943216 17.501321072176 17.489278297282 17.4769744059914 17.4643747272472 17.4514911792253 17.4383237619256 17.4248616406429 17.4097851482768 17.395731452087 17.3813938866195 17.3667832865795 17.3518888172617 17.336722396842 17.3212829418498 17.3055823704608 17.2881991693454 17.2699535256914 17.2555596197566 17.2388925926586 17.2220218731019 17.2028216919147 17.1855522552044 17.1703175761416 17.1513449237648 17.1314513214412
17.7381633952272 17.7323354072691 17.7263373144384 17.7201561150889 17.7138058943374 17.706602982282 17.699854044377 17.69293608507 17.685812266363 17.6784955899025 17.6709752209831 17.6632489926639 17.6553190718858 17.6452763835824 17.6379250360651 17.629302777621 17.6204638250717 17.6102271955443 17.6008768449069 17.5925037846837 17.5816539108387 17.5702818042002 17.5598978226812 17.5492418900602 17.5396986816693 17.5271325905114 17.5156586376435 17.5038997320273 17.4906185503224 17.4782583185644 17.4656131340581 17.4526613273931 17.439414816745 17.4241682195064 17.4120344330883 17.3979016435501 17.382064554875 17.3654538682444 17.3522864509447 17.3369607603577 17.3213620351982 17.3034912723461 17.2873128904553 17.2714985546612 17.2548553639148 17.2358707933623 17.218749792114 17.2014467678175 17.1861546648168 17.1662957335499 17.1485040640463
