app/data/climate/rcp45/2050/Temperature.asc
ncols        365
nrows        372
xllcorner    10.224615574000
yllcorner    43.742729801000
cellsize     0.000500000000
NODATA_value  -9999
[rows 88 to 109 of 372, columns 255 to 305 of 365]
16.3196729481837 16.3039377057379 16.2882945582868 16.2727413388894 16.2572899657214 16.2408851384907 16.2237749719477 16.2105739670618 16.1956339919819 16.1808760399504 16.1644928821302 16.1501553166627 16.1366812772042 16.1228096040628 16.1075749249999 16.0943955895245 16.0815922183214 16.0707423444764 16.0573473983663 -9999 -9999 -9999 -9999 -9999 -9999 -9999 -9999 -9999 -9999 -9999 -9999 -9999 -9999 -9999 -9999 -9999 -9999 -9999 -9999 -9999 -9999 -9999 -9999 -9999 -9999 -9999 -9999 -9999 -9999 -9999 -9999
16.3310342201169 16.3134245736615 16.2998140169168 16.2843409743383 16.2689806126944 16.2518368585652 16.236737613318 16.2225484833126 16.2077222726379 16.1912600214694 16.1768314444777 16.1626184781206 16.1503828454731 16.1349433904809 16.1215376096655 16.1072791375464 16.0945548596918 16.0837504916088 16.0703674636745 -9999 -9999 -9999 -9999 -9999 -9999 -9999 -9999 -9999 -9999 -9999 -9999 -9999 -9999 -9999 -9999 -9999 -9999 -9999 -9999 -9999 -9999 -9999 -9999 -9999 -9999 -9999 -9999 -9999 -9999 -9999 -9999
16.3416338122705 16.3260697581678 16.3114591581278 16.2960652088976 16.2788759490063 16.2637431161729 16.2487348824499 16.2357267353175 16.2191962255058 16.2046885551658 16.1892371819978 16.1751379800459 16.1629933589226 16.1476676683355 16.1343409808686 16.1213328337362 16.1086768145246 16.0963837579393 16.0833528579258 -9999 -9999 -9999 -9999 -9999 -9999 -9999 -9999 -9999 -9999 -9999 -9999 -9999 -9999 -9999 -9999 -9999 -9999 -9999 -9999 -9999 -9999 -9999 -9999 -9999 -9999 -9999 -9999 -9999 -9999 -9999 -9999
16.3532789534815 16.3377712398461 16.3242852822119 16.3089715098006 16.2918960143145 16.27575122001 16.2608350812817 16.2479060274977 16.2314773639154 16.2170607050995 16.2028369040372 16.1888395483148 16.1750708048733 16.1603919461902 16.1471454355421 16.1341936288771 16.1215831154276 16.1093236464285 16.0974628945829 16.0860344474771 16.0739114957643 -9999 -9999 -9999 -9999 -9999 -9999 -9999 -9999 -9999 -9999 -9999 -9999 -9999 -9999 -9999 -9999 -9999 -9999 -9999 -9999 -9999 -9999 -9999 -9999 -9999 -9999 -9999 -9999 -9999 -9999
16.3639468042782 16.3484965145807 16.3350668974138 16.3179231432845 16.3028130633321 16.287839500666 16.2718886475856 16.257210872373 16.2426912838572 16.2283537183896 16.2142090106757 16.2002690788912 16.1865675106223 16.1731162240448 16.1587667404015 16.1458723576743 16.1317395681362 16.1210489644584 16.109176294437 16.0977240109796 16.0853637792216 -9999 -9999 -9999 -9999 -9999 -9999 -9999 -9999 -9999 -9999 -9999 -9999 -9999 -9999 -9999 -9999 -9999 -9999 -9999 -9999 -9999 -9999 -9999 -9999 -9999 -9999 -9999 -9999 -9999 -9999
16.3768422704759 16.3603800193074 16.3450987510119 16.3299323305922 16.3149013439882 16.2999960399651 16.2852380879336 16.2706274878936 16.2561880761967 16.2408049616718 16.226728512601 16.2111525403225 16.1992354480096 16.1858405018995 16.1727066721861 16.1582564257839 16.1457477585639 16.1338978414235 16.1220262548727 16.1091307886749 16.0981108099573 -9999 -9999 -9999 -9999 -9999 -9999 -9999 -9999 -9999 -9999 -9999 -9999 -9999 -9999 -9999 -9999 -9999 -9999 -9999 -9999 -9999 -9999 -9999 -9999 -9999 -9999 -9999 -9999 -9999 -9999
16.3887593627889 16.3734336722018 16.3582098278442 16.3431225007729 16.327047048582 16.3122089197316 16.2956903280957 16.2829768849463 16.2686057318925 16.2544155184165 16.2386802759708 16.2249115325293 16.2118914672211 16.1985420268731 16.1838414987794 16.1710489622817 16.1585511297669 16.1478832789702 16.1345338386222 16.1219005722917 16.1108242531067 -9999 -9999 -9999 -9999 -9999 -9999 -9999 -9999 -9999 -9999 -9999 -9999 -9999 -9999 -9999 -9999 -9999 -9999 -9999 -9999 -9999 -9999 -9999 -9999 -9999 -9999 -9999 -9999 -9999 -9999
16.4007338790397 16.3835565373241 16.3702981085003 16.3552671218963 16.3403498996975 16.3237402965374 16.3091296964974 16.2953490348801 16.2810461404694 16.2651516278564 16.2512344489529 16.2375220459787 16.2256948817194 16.2107440719343 16.1965657766341 16.1838068277226 16.1713209133836 16.1591416212034 16.1472808693578 16.1357722454331 16.1246385023103 16.1138915581652 -9999 -9999 -9999 -9999 -9999 -9999 -9999 -9999 -9999 -9999 -9999 -9999 -9999 -9999 -9999 -9999 -9999 -9999 -9999 -9999 -9999 -9999 -9999 -9999 -9999 -9999 -9999 -9999 -9999
16.4119586336867 16.3967575422101 16.3824427296236 16.3674464140764 16.3507457993922 16.336044187828 16.3214910117259 16.3088804982765 16.2928613865529 16.2776602950764 16.263788621935 16.2501206412524 16.2366585199697 16.2234228440269 16.2104255315997 16.197678500864 16.1852045047008 16.1718669825286 16.1599943125072 16.1484510175257 16.1372490157597 16.1264338129715 16.1160043256904 16.1060071431491 16.0953382088819 -9999 -9999 -9999 -9999 -9999 -9999 -9999 -9999 -9999 -9999 -9999 -9999 -9999 -9999 -9999 -9999 -9999 -9999 -9999 -9999 -9999 -9999 -9999 -9999 -9999 -9999
16.4229558595232 16.4077894391035 16.394610103628 16.3767057531897 16.3619022953961 16.347246189594 16.3327385192539 16.3183782009054 16.3041879874293 16.2901689622964 16.2763427949171 16.2615620900045 16.2481324728376 16.2349195497758 16.2219341555245 16.2092098776698 16.1951908525369 16.1845457546212 16.1726503317187 16.1599260538641 16.1473036222389 16.13780591961 16.1272973389805 16.117186392034 16.1063137653079 16.097110766662 16.0883747438128 16.0800699422327 16.0713100830319 -9999 -9999 -9999 -9999 -9999 -9999 -9999 -9999 -9999 -9999 -9999 -9999 -9999 -9999 -9999 -9999 -9999 -9999 -9999 -9999 -9999 -9999
16.4350896459413 16.4199687312837 16.4049604975607 16.3900779464187 16.3753308290925 16.3607202290525 16.3451215038929 16.3308066913065 16.3166630670631 16.3026776295164 16.2888850497234 16.2735929467226 16.2618687121633 16.247541981401 16.2345793400307 16.2202753621495 16.2078468717484 16.1971790209517 16.185272763344 16.1722191104495 16.1609716029215 16.1502690810679 16.1396694889143 16.1282063707517 16.1184356335503 16.1090744482076 16.1012463736589 16.0916804123869 16.0836594800846 16.0751043968131 16.0680607549251 -9999 -9999 -9999 -9999 -9999 -9999 -9999 -9999 -9999 -9999 -9999 -9999 -9999 -9999 -9999 -9999 -9999 -9999 -9999 -9999
16.4483708276462 16.4321816110502 16.417208048384 16.4023699195336 16.3876574732642 16.373081544281 16.3568576566281 16.3443717422891 16.3291251450505 16.3151743785607 16.2997002525116 16.2861471197047 16.2744445545559 16.2612771372562 16.2467239611541 16.2340343543563 16.2204465504926 16.2097786996958 16.1963610007047 16.18474944708 16.1734455990847 16.1638232973453 16.1518260282134 16.1415438929239 16.1305466670873 16.1210370462826 16.1119488955125 16.1032692131305 16.0950435048989 16.087250101407 16.0799106720654 16.0720717628115 16.0656868710031 16.0597559533451 16.0542800933078 -9999 -9999 -9999 -9999 -9999 -9999 -9999 16.0250599766983 16.0229688785836 16.0214357677896 16.0201973609787 16.0188451897625 -9999 16.0176176176568 16.0174020070222 16.0173911723169
16.4605728727074 16.4436555639181 16.4305910763183 16.4146738108242 16.3999841174358 16.3836356306725 16.3692525594429 16.3568013161607 16.3427129489142 16.3270687179926 16.3133454803132 16.2986785398058 16.286998727538 16.2722071879202 16.2592889688414 16.2465993620436 16.2341470352909 16.2219460737002 16.2100170632115 16.197235361419 16.1858860076616 16.1748432760629 16.1641180013283 16.1537459379851 16.1437249190923 16.1340798644719 16.123741388715 16.1148905179899 16.1064611172994 16.0984401849972 16.0899533603688 16.0837277387277 16.0770243065848 16.0707650973574 16.0633574093727 -9999 -9999 -9999 -9999 -9999 -9999 16.0345230082704 16.0319443484191 16.0294567000919 16.0275703779065 16.02599067788 16.0248432825932 16.0236622997201 16.0224238929091 16.0219005766452 16.0216058726622
16.4709221831696 16.4559150329171 16.4428830494332 16.4281023445206 16.4116292586468 16.3971443411878 16.3816593804335 16.3692298065619 16.3534154707677 16.3395437976263 16.3258422293574 16.3123226841368 16.2989959966699 16.285863250427 16.2718203889425 16.2591188639689 16.2466676206867 16.2344428227445 16.2224910593747 16.2108004124016 16.1993947181769 16.1871699202346 16.1763763868569 16.1659133119895 16.155779612162 16.1448159739117 16.1366021838558 16.1275812082583 16.1189470316384 16.1096876925252 16.1009397515001 16.0944985192244 16.0875339706848 16.0810006434144 16.0741509427505 16.0685038943701 16.0630616219192 16.0582217590806 16.0532572971315 16.0492582074209 16.0456339985122 16.0427714693831 16.0394766355142 16.0368979756629 16.0340462812391 16.0321263714674 16.0305011656787 16.0291489944626 16.0280471049379 16.0272063318099 16.0265930874923
16.4820559262924 16.4670823636263 16.4540622983181 16.4393043462866 16.4228648479991 16.4083918487158 16.3940651179536 16.3816474622577 16.3647193187631 16.3508595637974 16.3371807484096 16.323661203189 16.3103453504273 16.2972234388897 16.2843063032815 16.2704801359021 16.2580061397389 16.2457694236209 16.2337840726648 16.2220598381054 16.2106183893533 16.1994510586442 16.1885903500939 16.1769332907071 16.1667194140607 16.1556311766999 16.1473155404147 16.1381580475309 16.1293646007437 16.1199351567579 16.1109716050982 16.1043591844795 16.0971681905999 16.0895784795669 16.0832618464017 16.0773536816246 16.0725257369618 16.066754089471 16.0612327236717 16.0569389299781 16.0530189336158 16.0494510651745 16.0462364081245 16.0433619608196 16.0408168885546 16.0379771123066 16.0360572025349 16.0344092438652 16.0330354032385 16.031921595538 16.0309443051238
16.4954508724025 16.4804881444416 16.4674908320145 16.4498020922108 16.4352142450518 16.4207639986496 16.4064491860631 16.3922817254681 16.3782735350405 16.3644354494853 16.3496211569865 16.3361243646469 16.3228085118852 16.3096866003476 16.2967575465636 16.28405602159 16.270014243576 16.2593008870172 16.2461670573038 16.2344092351582 16.2214910160794 16.2116866912917 16.2007577240983 16.1901234608878 16.17854657832 16.1675038467213 16.1590852807361 16.1497804358608 16.1397485822627 16.1312162518722 16.1230598857542 16.1162426892061 16.107915134745 16.0999743792617 16.0933955462292 16.0872154303502 16.0814329481542 16.0760361814653 16.0710262137541 16.0663911268449 16.0613464880769 16.0574719974767 16.053927965387 16.0507349777475 16.0478605304426 16.0449980013136 16.0430325857798 16.0410552520703 16.0388178854346 16.037238185408 16.0360907901212
16.5077320108121 16.4927920357323 16.4779658250576 16.463265296964 16.4486893679808 16.4331361485834 16.4188321707021 16.4046766282829 16.3906792725605 16.3768422704759 16.3631742897933 16.3479959511978 16.3363627281626 16.3221042560435 16.3091752022595 16.294883142554 16.2823972282151 16.271673036951 16.2596194273518 16.2463609985279 16.2337385669027 16.2238887363529 16.2128915105164 16.2008595703277 16.1904875069845 16.1804329005054 16.1719005701149 16.1613009779613 16.1511889475443 16.1424984304571 16.134170875996 16.1262062841611 16.1186176565986 16.1114028263675 16.1045639604088 16.0972017781862 16.0911462614177 16.0854775436269 16.0801717884622 16.0752409140994 16.0701291001588 16.066459385488 16.0625848948879 16.0583474416616 16.054791491396 16.0519506316774 16.049724099747 16.0474401438786 16.0452027772429 16.0434984781059 16.0415330625721
16.5200250673975 16.5050959270229 16.4902816345241 16.4756027758409 16.4610387650335 16.4466101880418 16.4305455705562 16.4181842553277 16.4030633406701 16.3892371732907 16.3738648934711 16.3603908540126 16.3487457128016 16.3356129665588 16.3210706251619 16.3072444577825 16.2947357905625 16.2839877629469 16.270411877259 16.2586074658807 16.2470425014887 16.237135247001 16.2247067565999 16.2128687576353 16.2024045992974 16.1922481465889 16.1823983160391 16.1728778605292 16.1636748618833 16.1548250746288 16.145292700943 16.1371471695303 16.1293646007437 16.1219352433485 16.1148796832847 16.1073809837758 16.1018596179765 16.0959070309079 16.0894647151617 16.0836258924983 16.078819617246 16.0749007043543 16.0707304263006 16.0664474673122 16.0629716938656 16.0591535437327 16.0566539772298 16.0537806133954 16.0515194104082 16.0495193238176 16.04779335527
16.5334416829181 16.5166728095908 16.5037329211015 16.4879294200126 16.4733762439105 16.4571642744334 16.4429058023142 16.4305455705562 16.4165601330096 16.4010069136122 16.3862370434049 16.3727521692411 16.3611070280302 16.3463263231176 16.3334091875094 16.3206729914789 16.3081534895537 16.2958376800872 16.2826475099065 16.2707986762367 16.259187122612 16.2478377688546 16.236737613318 16.225910492354 16.2153683241383 16.2040406397914 16.1940889630122 16.1844428249212 16.1751152271649 16.1661180879189 16.1563809383038 16.1491108510759 16.1411235063599 16.1325229173263 16.1243773859136 16.1175038488981 16.1117896253452 16.1055867565851 16.0990425946095 16.0935894874533 16.087670487971 16.0835121280931 16.078524913263 16.0744575649092 16.0706968387143 16.0672546528539 16.0641071709766 16.0612554765527 16.0580744070891 16.0558023693965 16.0537914481007
16.5427584459692 16.5278639766514 16.5149240881622 16.5002560641843 16.4827829350152 16.4683890290803 16.4541197222559 16.4417584070274 16.4260350827575 16.4122197500834 16.3985636875766 16.3850788134128 16.3706502364211 16.3575164067078 16.3445765182185 16.3318294874828 16.3192872326765 16.306948670329 16.294837636792 16.28294329736 16.2701962666244 16.2587894889291 16.2476329929252 16.2367495314938 16.2261271864592 16.2145156328345 16.2057341042231 16.1949297361402 16.1854883739786 16.1752517444511 16.1664929687208 16.1590971989119 16.1509505840286 16.1421918082983 16.1338295827804 16.1267631880113 16.1208777761153 16.1136867822358 16.1076767712294 16.1019961352627 16.0966567925118 16.0916576595058 16.0862153870549 16.0818869223045 16.0778769978886 16.0741845303368 16.0707878502385 16.0676858741232 16.0648569325804 16.0617105341736 16.0591762966138
16.5550623372598 16.5401787026473 16.5272388141581 16.5107538101085 16.4962233868874 16.4818294809525 16.4675710088334 16.4523244115947 16.4383508922239 16.4245355595498 16.410879497043 16.3973827047035 16.3840560172365 16.3709113528178 16.3579487114475 16.3440651201303 16.3299323305922 16.3191279625092 16.3069833413858 16.2950424127213 16.2818977483027 16.2718778128804 16.259584756295 16.2486211180447 16.2366010960318 16.2262171145128 16.2173564925531 16.2074947438275 16.1967586343877 16.1875328828607 16.1776039589626 16.1700716718674 16.1607549088163 16.1528249880382 16.1452136075947 16.1379424368962 16.1310006412376 16.1235030251993 16.1172654853824 16.1113464859001 16.105767696163 16.1005193649361 16.0955884905733 16.0909869912504 16.0859434359529 16.0815120415025 16.0783201373336 16.0749462101164 16.0718442340011 16.0686967521237 16.0661755162103
16.5684908709562 16.5536083198143 16.5377138072012 16.5230577013991 16.5085391963538 16.4941333722432 16.479874900124 16.4657421105859 16.4517675077445 16.4368275326647 16.4231498007473 16.4079714621518 16.3963035680598 16.3831469854654 16.370161591214 16.3557785199844 16.3432015941213 16.3312617489273 16.3190716220419 16.3056192519939 16.2939069356103 16.2838404109554 16.2725593158411 16.2601644130263 16.2494163854106 16.2378741738996 16.2289333751209 16.217754126236 16.2081079881451 16.1987695556835 16.1897258272049 16.1809778861798 16.1715711950751 16.1634711694244 16.1556886006378 16.1482245721858 16.1411007534788 16.1342846404012 16.1278087370687 16.1207878480617 16.1142772736724 16.1094948347716 16.1043255968932 16.0994629811735 16.0943728366434 16.0901689710034 16.0867267851431 16.0823874856874 16.0786267594924 16.0755930420203 16.0728096062395
