app/data/climate/rcp45/2050/Temperature.asc
ncols        365
nrows        372
xllcorner    10.224615574000
yllcorner    43.742729801000
cellsize     0.000500000000
NODATA_value  -9999
[rows 132 to 153 of 372, columns 102 to 152 of 365]
17.8995810010975 17.8999558818994 17.9003535155824 17.9007056435032 17.9010577714241 17.9013535588777 17.9017165215038 17.9020231436626 17.9024435302266 17.9027284829749 17.9030004340768 17.9032507157683 17.903489079284 17.9037046899186 17.9039094658479 17.9040795707205 17.904352605293 17.9044772044035 17.9045801341034 17.9046483927465 17.9046938985086 17.9047047332139 17.9046819803328 17.9047394042707 17.9046592274518 17.9045227101655 17.9043645234688 17.9041250764826 17.9038758782617 17.9036136783944 17.9032734686493 17.9029321754337 17.9024890359887 17.9019895560763 17.9015128290449 17.9008302426137 17.900171492534 17.8994444838113 17.8986611346211 17.8978658672552 17.8969449173083 17.8959567921888 17.8948884902504 17.8937530131394 17.8925373592095 17.8912415284606 17.889867687834 17.8884245050936 17.8868675579481 17.8852206827489 17.8834827960256
17.898195242295 17.898592875978 17.8990587683041 17.899410896225 17.8997402712648 17.9000696463046 17.9003871031687 17.900694808798 17.900989512781 17.9012733820588 17.9016710157417 17.9019212974332 17.9021596609488 17.9023752715835 17.9025800475128 17.9027620705612 17.9029213407284 17.9030459398389 17.9032962215304 17.9033644801735 17.9034208206408 17.9034435735219 17.9034327388166 17.9033980677598 17.9033298091167 17.9032279628872 17.9031705389494 17.9029776811958 17.9027512358559 17.9025117888697 17.9021596609488 17.9017966983227 17.901387146464 17.9009212541379 17.9005008675739 17.8999222943131 17.8992971318197 17.898615628859 17.8978658672552 17.8970586817135 17.8961843209992 17.895252536347 17.8942979988138 17.8932069439944 17.8920487140023 17.8908103071914 17.8894928070321 17.8879131070055 17.8866064415514 17.8850386597006 17.8833798663257
17.8969568354841 17.8972970452292 17.8976383384448 17.8979677134846 17.8982970885245 17.8987402279695 17.8990468501283 17.8993534722871 17.8996492597406 17.8999558818994 17.9001942454151 17.9004445271065 17.9006828906222 17.9010577714241 17.9012278762967 17.9014218175208 17.9015800042175 17.9017392743848 17.90185303879 17.9019332156089 17.9020003907815 17.9021596609488 17.9021715791246 17.9021369080678 17.9020914023057 17.9019895560763 17.9018649569658 17.9017056867985 17.9015009108692 17.9013535588777 17.9010696895999 17.9007283963843 17.9003535155824 17.8999222943131 17.8994444838113 17.898910332842 17.8983198414055 17.8977629375553 17.8969676701893 17.8962980854044 17.8954681469817 17.8945710333863 17.8934918967427 17.8925828649715 17.8914809754468 17.8903563330411 17.8889359031818 17.8875837319656 17.8863344904494 17.8848338837712 17.8830396565806
17.8956610047353 17.8959903797751 17.8963208382855 17.8966382951495 17.8969904230704 17.8972634576429 17.8975700798017 17.8978658672552 17.8983198414055 17.898592875978 17.8988193213179 17.8990696030093 17.8993426375818 17.8995582482165 17.8997402712648 17.8999331290184 17.9002397511772 17.9003871031687 17.9005127857497 17.9006037972738 17.9006828906222 17.9007403145601 17.9007630674411 17.9007511492653 17.9008302426137 17.9007511492653 17.9006493030359 17.9005008675739 17.9003199279961 17.9001032338909 17.8998421174942 17.8995354953354 17.899285213644 17.8988420741989 17.898444440516 17.8979449606036 17.8973999749291 17.8967184719684 17.8960586384182 17.8954226412196 17.8947183853778 17.8937638478446 17.8928439813683 17.8919804553592 17.8909349063019 17.8896737466099 17.8884700108557 17.8872316040448 17.8860387029959 17.8844145806778 17.8828803864133
17.8943554227517 17.894786644021 17.8951051843555 17.8954226412196 17.8957639344352 17.8960358855372 17.8963316729907 17.8966155422685 17.896934082603 17.897331716286 17.8975592450964 17.8978084433173 17.8980814778898 17.8982970885245 17.8984791115728 17.8986719693264 17.89886482708 17.8991497798282 17.8992743789387 17.8993762251681 17.8994672366923 17.8995354953354 17.8995701663922 17.8995701663922 17.8995474135112 17.8996037539785 17.8995127424544 17.8993989780492 17.8992061202956 17.899036015423 17.8987965684368 17.8985246173349 17.8981605712382 17.8978886201362 17.8975137393343 17.8970586817135 17.896468190277 17.8959004517215 17.8952752892281 17.8946728796158 17.8938440246635 17.893105097765 17.8922307370507 17.8914127168037 17.890288074398 17.8892078542838 17.888060458997 17.8868339703618 17.8855392230835 17.8841751336916 17.8827102815407
17.8930368391218 17.8933434612806 17.8936392487342 17.8939805419498 17.8943998450433 17.8946620449105 17.8949459141883 17.8952633710523 17.8955483238006 17.8958094401973 17.8960358855372 17.8963089201097 17.8966838009116 17.8968994115462 17.8970814345945 17.8972970452292 17.8974790682775 17.8976383384448 17.897774855731 17.8978886201362 17.8981150654761 17.8981833241193 17.8982288298813 17.8982515827624 17.8982407480571 17.8982060770003 17.8981378183572 17.8980359721278 17.8979904663657 17.8978431143742 17.897626420269 17.8973772220481 17.8970478470082 17.8967065537926 17.8963771787528 17.8959567921888 17.8955028180385 17.8949686670693 17.894389010338 17.8938212717825 17.8930487572976 17.892287077518 17.8914690572711 17.8906965427862 17.8896964994909 17.8886747867851 17.8875837319656 17.8864244185031 17.8851870951626 17.8838685115328 17.8824708345545
17.8917193389625 17.8920032082403 17.8923325832801 17.8926164525578 17.8929003218356 17.8931506035271 17.8934691438616 17.8938667775446 17.8941387286466 17.8943998450433 17.8946501267347 17.8949004084262 17.8951279372366 17.8953543825765 17.8955591585058 17.8958885335457 17.896070556594 17.8962298267613 17.8963771787528 17.8965017778633 17.8966047075632 17.8966838009116 17.8967520595547 17.896911329722 17.896911329722 17.8968994115462 17.8968430710789 17.8967520595547 17.8966382951495 17.896513696039 17.8963208382855 17.8961843209992 17.8959112864267 17.8956046642679 17.8952980421091 17.8948549026641 17.894411763219 17.8939231180119 17.8933781323375 17.8928667342493 17.8922188188749 17.8915037283279 17.890731213843 17.8899012754203 17.8890149965302 17.8880496242917 17.8870268281154 17.8859704443528 17.8847894614797 17.8835391364929 17.8822097181578
17.8902653215169 17.8905719436757 17.8909695773587 17.8912415284606 17.8915145630331 17.8917875976056 17.8920595487076 17.8923325832801 17.8925828649715 17.8929685804787 17.8932188621702 17.8934572256858 17.8936955892015 17.8939122833067 17.8941278939413 17.8943207516949 17.8945027747432 17.894809396902 17.8949686670693 17.8950932661798 17.895207030585 17.8952980421091 17.8953771354575 17.8954226412196 17.8954453941006 17.8955710766816 17.8955255709195 17.8954681469817 17.8953663007523 17.8952633710523 17.8950824314745 17.8948776555451 17.8946501267347 17.8944800218622 17.8941614815276 17.8937985189015 17.8933889670427 17.8929349928924 17.8924344295095 17.8918786091298 17.8912761995175 17.8906965427862 17.8899695340634 17.8891970195785 17.8883562464505 17.8874472146794 17.8864818424409 17.8852997760973 17.8843344038589 17.8831870085721 17.8819258488801
17.8889586560628 17.8892197724596 17.8894808888563 17.889742005253 17.8901288042307 17.8903899206274 17.8906510370241 17.8909013187156 17.891151600407 17.8914354696848 17.8916510803194 17.8918786091298 17.8922415717559 17.8924918534474 17.8926738764957 17.8928667342493 17.8930595920029 17.8932524497565 17.8934008852185 17.893525484329 17.8937866007257 17.8939003651309 17.8939805419498 17.8940368824171 17.8940704700034 17.8940823881792 17.8940704700034 17.8940249642413 17.8940823881792 17.893968623774 17.8938321064878 17.8936620016152 17.8934572256858 17.8932188621702 17.8929349928924 17.8926056178526 17.8923325832801 17.8919241148919 17.8914007986279 17.8909468244776 17.8903899206274 17.8897766763098 17.8890149965302 17.8883789993316 17.887662825314 17.8868112174808 17.8857775865992 17.8847894614797 17.8838685115328 17.8827557873028 17.8814144507919
17.8877430021329 17.8879813656486 17.8882316473401 17.8884700108557 17.8887538801335 17.8889694907681 17.8893562897458 17.8895946532615 17.8898785225392 17.8901168860549 17.8903216619843 17.8905491907947 17.8908103071914 17.891025917826 17.8913444581606 17.8915373159142 17.8917420918436 17.8919241148919 17.8920823015886 17.8922079841696 17.8923553361611 17.8924691005663 17.892684711201 17.8927648880199 17.8928093103114 17.8928320631925 17.8928320631925 17.8928093103114 17.8927648880199 17.892684711201 17.892684711201 17.8925373592095 17.8923553361611 17.8921050544697 17.8918786091298 17.8915828216763 17.8912534466364 17.8908211418966 17.8904917668568 17.8900713802928 17.8895491474994 17.888901232125 17.8882652349264 17.8876747434898 17.8869358165912 17.8860387029959 17.8852315174542 17.8842888980968 17.8834253720877 17.8822324710389 17.8810969939279
17.8862662318063 17.8866183597272 17.8868448050671 17.8871070049343 17.88734536845 17.8875501443793 17.887788507895 17.8880496242917 17.8882879878074 17.8886520339041 17.8888557263629 17.8891060080544 17.889321618689 17.8895383127941 17.8897192523719 17.8899467811823 17.8901288042307 17.8904462610947 17.890605531262 17.8907648014293 17.8909013187156 17.8910150831208 17.8911169293502 17.8912079408743 17.8912642813417 17.8914354696848 17.8914582225658 17.89144630439 17.8914127168037 17.8913552928658 17.8912761995175 17.891151600407 17.8910941764691 17.8909013187156 17.890708460962 17.8904354263895 17.8901060513496 17.8897539234288 17.8893671244511 17.8889814089439 17.8885382694988 17.8880041185296 17.8874136270931 17.8868567232429 17.886084208758 17.8853344471541 17.8845272616124 17.8836529008982 17.8827785401839 17.8817665787128 17.8806993602449
17.8849140605901 17.8851188365195 17.8853344471541 17.8856974097803 17.8859249385907 17.8861177963443 17.8863453251547 17.8865956068461 17.886822052186 17.8870387462912 17.8872316040448 17.8876173195519 17.8878340136571 17.8880496242917 17.8882197291643 17.8884472579747 17.8886401157283 17.8888102206008 17.8889814089439 17.8892761129269 17.8894126302131 17.8895491474994 17.8896629119046 17.889764758134 17.8898330167771 17.889890440715 17.8899240283013 17.8900605455876 17.8900486274118 17.8900150398255 17.8899467811823 17.8898449349529 17.8897084176667 17.8895491474994 17.8893790426268 17.8892306071648 17.8889586560628 17.8886520339041 17.8882999059832 17.8879131070055 17.8874699675604 17.8869813223533 17.8864471713841 17.8859368567665 17.8852997760973 17.8846074384314 17.8838457586517 17.8830396565806 17.8821642123957 17.8812324277436 17.880221549743
17.883561889374 17.8837439124223 17.8839595230569 17.8841642989863 17.8843690749157 17.8845500144935 17.8849140605901 17.8851296712248 17.8853452818594 17.8855619759646 17.8857656684234 17.8859823625286 17.8861860549874 17.8864027490926 17.8867321241324 17.8869358165912 17.8871178396396 17.8872998626879 17.8874699675604 17.8876292377277 17.887788507895 17.8879250251813 17.8881742234022 17.8882999059832 17.8883789993316 17.8884472579747 17.8884927637368 17.8885263513231 17.8885382694988 17.8885155166178 17.888606528142 17.8885263513231 17.8884245050936 17.8882879878074 17.8881406358159 17.8879250251813 17.8876855781951 17.8874136270931 17.8872088511637 17.8868567232429 17.8864590895599 17.8860159501149 17.8855273049077 17.8849931539385 17.884402662502 17.8837666653034 17.8831306681047 17.8822779768009 17.8815628862539 17.8806874420691 17.879755657417
17.882323482563 17.8825163403166 17.8826875286597 17.8828684682375 17.8830624094616 17.8832552672152 17.8834481249688 17.8836529008982 17.8839941941138 17.8841978865726 17.884402662502 17.8846074384314 17.8848122143607 17.8850159068196 17.8852098480437 17.8854027057973 17.8857320808371 17.8859141038854 17.886106961639 17.8862543136305 17.8864027490926 17.8865501010841 17.8866974530756 17.8868112174808 17.8870268281154 17.8871178396396 17.8871860982827 17.8872316040448 17.8872543569258 17.8872543569258 17.8872316040448 17.8871752635774 17.887219685869 17.8871178396396 17.8869704876481 17.8868112174808 17.8866064415514 17.8863572433305 17.886084208758 17.8857656684234 17.8855045520267 17.8851069183437 17.8846529441934 17.8841642989863 17.8836193133119 17.8830277384048 17.8823809065009 17.8815964738402 17.8809832295227 17.8801652092757 17.8792897650909
17.8808467122364 17.8810059824037 17.8812898516814 17.8814491218487 17.8816192267213 17.8818012497696 17.8819832728179 17.8821761305715 17.8823581536199 17.8825737642545 17.8828912211185 17.8830851623426 17.8832780200962 17.8835055489066 17.8836637356034 17.8838576768275 17.8840505345811 17.8842553105105 17.8845619326693 17.8847092846608 17.8848685548281 17.8850386597006 17.8851751769869 17.8852997760973 17.8853907876215 17.8855045520267 17.8857201626613 17.8857775865992 17.8858111741855 17.8858339270665 17.8858339270665 17.8858111741855 17.8857548337181 17.8856746568992 17.885686575075 17.8855500577888 17.8853799529162 17.8851751769869 17.8849021424144 17.8846529441934 17.8843344038589 17.883982275938 17.8836193133119 17.8832216796289 17.8827330344218 17.8821869652768 17.8815173804919 17.8808694651174 17.8802562207999 17.8794945410202 17.8786310150112
17.879483706315 17.8796083054254 17.8797448227117 17.8798921747032 17.8800622795757 17.880347232324 17.8805054190208 17.8806874420691 17.8808802998227 17.881062322871 17.8812215930383 17.8814144507919 17.8816192267213 17.8819486017611 17.8821187066337 17.882300729682 17.8825055056114 17.8826875286597 17.8828684682375 17.8830169036995 17.8831989267479 17.8834936307309 17.8836301480171 17.8837666653034 17.8838912644138 17.8839941941138 17.8840841221674 17.8841642989863 17.8842206394537 17.8843918277967 17.8844145806778 17.8844145806778 17.8843799096209 17.8843235691536 17.8842553105105 17.8841415461053 17.884005028819 17.8839259354706 17.8837211595413 17.8835055489066 17.8832216796289 17.8828684682375 17.8825055056114 17.8821533776905 17.8817102382454 17.8812443459194 17.8806993602449 17.8800969506326 17.8795292120771 17.8787447794164 17.8779841831073
17.8781087822178 17.878222546623 17.8783363110282 17.8784836630197 17.8786201803059 17.8787447794164 17.8788921314079 17.8790741544562 17.8793699419098 17.8795400467823 17.8796873987738 17.8798921747032 17.8800741977515 17.8802443026241 17.8804035727914 17.8806083487207 17.8809377237606 17.8811197468089 17.8812898516814 17.881459956554 17.8816192267213 17.8817784968886 17.8819377670559 17.8820732008716 17.8823462354441 17.8824599998493 17.8825737642545 17.8826647757786 17.882743869127 17.8827893748891 17.8828348806512 17.8828576335322 17.8829822326427 17.8829486450564 17.8829031392943 17.8828229624754 17.8826983633649 17.8825618460787 17.8823917412062 17.8822097181578 17.8820504479905 17.8817665787128 17.8814491218487 17.8811424996899 17.8806874420691 17.8802443026241 17.879755657417 17.8792225899183 17.8786992736543 17.8780513582799 17.877359020614
17.8766200937154 17.8767002705343 17.8768140349395 17.8770404802794 17.8771661628604 17.8772680090898 17.8774272792571 17.8775637965433 17.8777111485348 17.8778704187021 17.8780296888694 17.8783363110282 17.8785064159007 17.8786765207733 17.8788466256458 17.8790286486942 17.8791998370372 17.879380776615 17.8795519649581 17.8798694218222 17.8800395266947 17.880198796862 17.8803580670293 17.8805173371966 17.880641936307 17.880767618888 17.8808922179985 17.8811533343952 17.8812324277436 17.8813006863867 17.8813581103246 17.8814036160867 17.8814263689677 17.8814144507919 17.8813916979109 17.881459956554 17.8813808632056 17.8812779335057 17.8811424996899 17.8809713113469 17.880767618888 17.8805400900776 17.8803580670293 17.8800514448705 17.8796993169496 17.8793016832667 17.8788585438216 17.8783698986145 17.8778357476453 17.877256090914 17.8766883523585
17.8753708521992 17.8754391108423 17.8755182041907 17.8756092157148 17.8758367445252 17.8759385907547 17.8760631898651 17.8761888724461 17.8763253897324 17.8764727417239 17.8766200937154 17.8767685291774 17.8770751513362 17.8772344215035 17.877404526376 17.8775746312486 17.8777447361211 17.8779159244642 17.8781087822178 17.8782680523851 17.8785746745439 17.8787447794164 17.8789268024647 17.8790741544562 17.8791998370372 17.879335270853 17.879483706315 17.8795974707202 17.8798466689411 17.87992684576 17.8800059391084 17.8800622795757 17.8800969506326 17.8801197035136 17.8801197035136 17.8800850324568 17.8801652092757 17.8800850324568 17.8799831862274 17.8798466689411 17.8796765640686 17.8794717881392 17.8792334246235 17.878960390051 17.8787566975922 17.8784045696713 17.8780069359884 17.8775063726055 17.8770751513362 17.8765518350723 17.8759613436357
17.873995928102 17.874041433864 17.8740977743314 17.8741660329745 17.8742462097934 17.8743372213176 17.8744282328417 17.8746774310627 17.8747911954679 17.8749277127541 17.8750523118646 17.8752007473266 17.8753480993181 17.8754954513096 17.8756547214769 17.8759732618115 17.8761314485083 17.8763026368513 17.8764954946049 17.8766428465964 17.8768140349395 17.8769722216363 17.8771542446846 17.8774608668434 17.8775973841296 17.8777447361211 17.8779040062884 17.8780296888694 17.8781542879799 17.878245299504 17.8783471457335 17.8785627563681 17.8786201803059 17.878665686068 17.8786884389491 17.8786884389491 17.878665686068 17.8786201803059 17.878540003487 17.8785627563681 17.8784381572576 17.8782680523851 17.8780513582799 17.8778476658211 17.8775865494244 17.877278843795 17.8768931282879 17.8765865061291 17.8762116253272 17.8757338148253 17.8751324886835
17.8725072395996 17.8725191577753 17.8726892626479 17.8727239337047 17.872780274172 17.8728485328152 17.8729276261636 17.8730186376877 17.8731215673877 17.8732461664981 17.8734964481896 17.8736210473 17.8737575645863 17.8739168347536 17.874041433864 17.8742007040313 17.8743599741986 17.8745409137764 17.874859454111 17.8750068061025 17.8751660762698 17.8753589340234 17.8755301223665 17.8756883090632 17.8758248263495 17.8760068493978 17.8763026368513 17.8764391541376 17.8765745879533 17.8766883523585 17.8768021167637 17.8768931282879 17.8769722216363 17.8770404802794 17.8772225033277 17.877256090914 17.877256090914 17.8772344215035 17.8771997504467 17.8771314918035 17.8770404802794 17.8769039629931 17.876858457231 17.8766883523585 17.8764727417239 17.8761769542703 17.8758822502873 17.8755409570717 17.8752115820319 17.8747348550005 17.8743372213176
17.8711442336781 17.8711333989729 17.8711333989729 17.8711561518539 17.8713262567265 17.8713717624885 17.8714281029559 17.871496361599 17.8715873731232 17.8716892193526 17.8717802308768 17.871893995282 17.8721670298545 17.8723035471407 17.8724281462512 17.8725646635374 17.87273476841 17.8728940385773 17.8730533087445 17.873200660736 17.8735419539517 17.8737120588242 17.8738713289915 17.874041433864 17.8742007040313 17.8743708089039 17.8745300790712 17.8746774310627 17.8749613003404 17.8750978176267 17.8752235002077 17.8753361811423 17.8754391108423 17.8755409570717 17.8755983810096 17.8756547214769 17.8758139916442 17.8758367445252 17.8758248263495 17.8757912387632 17.8757338148253 17.8756319685959 17.8755182041907 17.8753936050802 17.8753253464371 17.8750750647456 17.8748258665247 17.8745300790712 17.8742462097934 17.8738366579347 17.8734162713707
