app/data/climate/rcp45/2050/Temperature.asc
ncols        365
nrows        372
xllcorner    10.224615574000
yllcorner    43.742729801000
cellsize     0.000500000000
NODATA_value  -9999
[rows 308 to 329 of 372, columns 204 to 254 of 365]
17.7243372278479 17.7234401142525 17.7223945651951 17.721462780543 17.7205309958908 17.7197129756439 17.718668510057 17.7177248072291 17.7167941060474 17.7158959089816 17.7149532896242 17.7140106702667 17.7130669674388 17.7121124299056 17.7111589758429 17.710215273015 17.7092499007765 17.7083527871812 17.7072736505375 17.7064328774095 17.7054664217005 17.7043764503516 17.7034099946426 17.7024337876989 17.7016493550382 17.7005583002188 17.6995820932751 17.6986048028608 17.6976275124466 17.6966393873271 17.6956620969128 17.6946848064986 17.6937876929032 17.692810402489 17.6918331120748 17.6908677398363 17.6899023675978 17.6888232309542 17.6879824578262 17.6870387549982 17.6861979818702 17.6851643509886 17.6842672373933 17.6834828047326 17.6826192787236 17.6816658246609 17.6808358862382 17.6801771361585 17.6795183860788 17.6787003658319 17.6780188628712
17.7239168412839 17.7228604575212 17.7219178381638 17.7209860535116 17.7200770217405 17.7191452370884 17.7181906995552 17.7172480801977 17.7163054608403 17.7153509233071 17.7143963857739 17.7134873540028 17.7125328164696 17.7114536798259 17.7106129066979 17.7096475344595 17.708682162221 17.7075911074016 17.7066257351631 17.7058185496214 17.7048423426777 17.7037393696824 17.7027631627387 17.7017739541487 17.7007858290292 17.6997977039097 17.6987976606144 17.6978658759622 17.6968777508427 17.6958777075474 17.6948787477227 17.6938787044274 17.6928786611321 17.6917540187264 17.6908796580121 17.6899587080652 17.6889586647699 17.6878459405399 17.6869932492361 17.6860170422924 17.684925987473 17.6839606152345 17.6831198421065 17.6823018218596 17.6812790256832 17.6803819120879 17.6795183860788 17.6786776129508 17.6778704274092 17.677087078219 17.6764846686067
17.7234281960767 17.7224855767193 17.7215429573619 17.7205884198287 17.7196458004713 17.7187367687001 17.7177822311669 17.7168276936337 17.7158731561005 17.7149186185673 17.7139532463289 17.7129987087957 17.7119087374467 17.7109877874998 17.7101361796666 17.7091588892523 17.7080689179034 17.7070916274892 17.7061035023697 17.7052399763606 17.7041261686601 17.703194384008 17.7021943407127 17.7011953808879 17.7001953375926 17.6991952942974 17.6981844162968 17.6971735382963 17.6961052363579 17.6952081227625 17.6941961612915 17.6931744485857 17.6920378880041 17.6910150918278 17.6901179782325 17.6890951820561 17.6880279635882 17.6870160021172 17.6861308066976 17.6851307634023 17.6840061209966 17.6830060777013 17.6820287872871 17.6810634150486 17.6802107237448 17.6792800225632 17.6783709907921 17.677484711902 17.6766211858929 17.6757912474702 17.6750078982801
17.7230305623938 17.7220879430364 17.7211334055032 17.7201788679699 17.7190997313263 17.7182708763741 17.7173044206651 17.7163509666024 17.715305417545 17.7144538097118 17.7134873540028 17.7123973826539 17.7114200922396 17.7104428018254 17.7095911939921 17.7084773862916 17.7075456016395 17.70655747652 17.7055574332247 17.7045693081052 17.7035692648099 17.7025583868093 17.7015583435141 17.7005929712756 17.6995820932751 17.6985592970987 17.6975484190982 17.6963891056356 17.6953663094593 17.6944583611587 17.6934236468066 17.6923217572819 17.6912881264003 17.6902425773429 17.6893346290423 17.6881525626987 17.6871189318171 17.6860733827598 17.6851643509886 17.6840743796397 17.6830396652876 17.6820179525818 17.6810059911107 17.6799951131102 17.6789950698149 17.6780188628712 17.6771661715674 17.6761097878048 17.6753145204389 17.6744282415488 17.6735874684208
17.7226220940056 17.7216675564724 17.7207021842339 17.7196566351765 17.7187020976433 17.7178504898101 17.7168840341011 17.7157940627522 17.7148286905137 17.7139759992099 17.7129987087957 17.711942325033 17.7109541999135 17.7099769094993 17.7089887843798 17.7079887410845 17.707000615965 17.7060005726697 17.7050352004313 17.704035157136 17.7030242791354 17.7020134011349 17.7009906049586 17.6998432096718 17.6989450126059 17.6979113817243 17.6969340913101 17.6957639431422 17.6947194775554 17.6938104457843 17.6926283794407 17.691571995678 17.6905156119154 17.6894592281528 17.6884591848575 17.6873908829191 17.6863236644512 17.6852672806886 17.6841989787502 17.6831306768118 17.6820634583439 17.6810861679296 17.679904101586 17.6789950698149 17.6779614389333 17.6769278080517 17.675803165646 17.6748150405265 17.6739623492227 17.6731334942705 17.6721226162699
17.7222580479089 17.7212926756704 17.720201620851 17.7192362486125 17.7182708763741 17.7174181850703 17.7163618013077 17.7153845108934 17.7144083039497 17.7135556126459 17.7124428884159 17.7114655980017 17.7104655547064 17.709522935349 17.7085228920537 17.7075228487584 17.7065228054631 17.7055119274626 17.7043764503516 17.7034901714615 17.7024673752852 17.7014900848709 17.7003318548789 17.6992982239973 17.6983891922262 17.6973544778741 17.696173495001 17.6951279459436 17.694071562181 17.6930606841804 17.691992382242 17.6909251637742 17.6898568618357 17.6887777251921 17.6876985885484 17.686607533729 17.6855966557284 17.684505600909 17.6834145460895 17.6823245747406 17.6812335199211 17.6801435485722 17.6789159764665 17.6779733571091 17.6769841485191 17.6757804127649 17.6747348637076 17.673701232826 17.6728041192306 17.6716903115302 17.6707249392917
17.7218723324017 17.7208159486391 17.7198386582249 17.7188722025159 17.7178959955721 17.7169187051579 17.7159414147437 17.7149532896242 17.7140106702667 17.7130214616767 17.7120333365572 17.7110452114377 17.7100451681424 17.7090451248471 17.7080461650224 17.7070342035513 17.7060688313128 17.7049214360261 17.7038986398497 17.7030123609596 17.7019787300781 17.700820500086 17.6997857857339 17.6987413201471 17.6978658759622 17.6966848930891 17.6956285093265 17.6945710420934 17.6935038236255 17.6924355216871 17.6913563850434 17.6903227541618 17.6892316993424 17.6880052107072 17.687050673174 17.6859487836493 17.6848468941246 17.6835965691378 17.6826192787236 17.6815748131368 17.6804610054363 17.6791998457443 17.6780871215143 17.6771098311001 17.6759960233996 17.6747576165886 17.6736557270639 17.6726676019444 17.671599300006 17.6705429162434 17.669520120067
17.7215537920672 17.7204638207182 17.7195201178903 17.718542827476 17.7175666205323 17.7165774119423 17.7156012049986 17.7146119964085 17.713623871289 17.7126357461695 17.7116703739311 17.7106703306358 17.7096702873405 17.7085456449348 17.7076593660447 17.7066484880441 17.7056256918678 17.7045238023431 17.7034901714615 17.7025919743956 17.7014337444036 17.7003881953462 17.6993426462889 17.698298180702 17.6972417969394 17.6962298354683 17.6951626170004 17.694094315062 17.6930151784184 17.6919360417747 17.6908449869552 17.6897539321358 17.6885166087954 17.687471059738 17.6864937693238 17.6853799616233 17.6841198854018 17.6829941595255 17.682006034406 17.680870557295 17.6795974794272 17.6785183427836 17.6773828656726 17.6763828223773 17.6750989098042 17.6739623492227 17.6728377068169 17.6717130644112 17.6706794335296 17.6695883787102 17.6685092420665
17.7210998179169 17.7201225275026 17.7191452370884 17.7181679466741 17.7170552224442 17.7162252840214 17.7152371589019 17.7142490337824 17.7131243913767 17.7122608653676 17.7112608220723 17.7102499440718 17.7091588892523 17.7081480112518 17.7072617323617 17.7062389361854 17.7050915408986 17.704057910017 17.7030242791354 17.7021260820696 17.7009906049586 17.6999450559012 17.6988886721386 17.6978322883759 17.6967759046133 17.6957076026749 17.6946393007365 17.6935601640928 17.6923791812197 17.6914246436865 17.6903227541618 17.6892208646371 17.6879705396504 17.6868578154204 17.6858805250062 17.6846529529005 17.6835283104947 17.6823809152079 17.6813808719126 17.6800861246344 17.6789278946423 17.6777685811797 17.6766092677172 17.6754965434872 17.6743372300246 17.6731670818568 17.6719969336889 17.6708387036969 17.6696793902343 -9999 -9999
17.7207812775823 17.7197931524628 17.7188158620485 17.717827736929 17.7167139292285 17.7158504032195 17.7148622781 17.7137712232805 17.7127722634558 17.711896819271 17.7108859412704 17.7097612988647 17.7087504208641 17.7077276246878 17.7068413457977 17.705716703392 17.7046939072156 17.7036602763341 17.7026266454525 17.7015810963951 17.7005355473377 17.6994791635751 17.6984227798125 17.6972645498204 17.6963327651683 17.6952644632299 17.6941734084104 17.6929577544805 17.6918677831316 17.6909024108931 17.6898341089547 17.688583783968 17.687471059738 17.6863464173322 17.6853582922127 17.6840743796397 17.6829269843529 17.6817676708903 17.6806538631899 17.6794956331978 17.67832548503 17.6771434186864 17.6759624358133 17.6747695347644 17.6735766337155 17.6723837326666 17.6712471720851 17.669895000869 -9999 -9999 -9999
17.7204410678372 17.7194518592472 17.718497321714 17.717384597484 17.7163964723645 17.7155210281797 17.7145209848844 17.7133963424786 17.7123973826539 17.711521938469 17.7104200489443 17.709397252768 17.7083863747675 17.7073635785911 17.7063418658853 17.7053071515332 17.7042854388274 17.7032398897701 17.7022398464748 17.7011953808879 17.7001379136548 17.6990815298922 17.6978886288433 17.6968214103754 17.6958777075474 17.6948332419606 17.6936175880307 17.6925265332112 17.6914246436865 17.6904592714481 17.6892089464613 17.6880843040556 17.6869596616498 17.6858686068304 17.6847212115436 17.6835738162568 17.6824155862648 17.6812562728022 17.6800861246344 17.6789051417613 17.6777122407124 17.6765756801309 17.6752235089147 17.6741671251521 17.6729514712222 17.6717358172922 17.6703500584898 -9999 -9999 -9999 -9999
17.7201333622079 17.7191452370884 17.7180325128584 17.7170433042684 17.7160443444436 17.7152035713156 17.7140789289099 17.7130788856146 17.712068007614 17.711056046143 17.7100451681424 17.7090342901419 17.7080114939656 17.707023368846 17.7059897379645 17.7049550236124 17.7039213927308 17.7028769271439 17.7017067789761 17.7007858290292 17.6997630328529 17.6987066490902 17.6975029133361 17.6964346113977 17.6954919920403 17.6942644199346 17.6931744485857 17.6920833937662 17.6910042571225 17.6899023675978 17.6887777251921 17.6876530827863 17.6865165222048 17.6853799616233 17.6842325663365 17.6830743363444 17.6819496939387 17.6806311103088 17.6795974794272 17.6784164965541 17.6772116773295 17.6758595061133 17.6746438521834 17.6736221394776 17.6723945673719 17.6709979738642 -9999 -9999 -9999 -9999 -9999
17.7198722458112 17.7187595215812 17.7177594782859 17.7167713531664 17.7157713098711 17.7147712665758 17.7137939761616 17.7127950163368 17.7117830548658 17.7107721768652 17.7097493806889 17.7087385026883 17.707715706512 17.70655747652 17.7056831158057 17.7046484014536 17.703614770572 17.7024337876989 17.7013882386415 17.7004683721651 17.699410904932 17.6982071691779 17.6971735382963 17.6960944016526 17.6951506988247 17.6939242101895 17.69283315537 17.6917312658453 17.6906293763206 17.6895047339149 17.6884255972712 17.6872890366897 17.6861535595787 17.6848696470056 17.6838576855346 17.6826994555425 17.6815293073747 17.6802334766259 17.6791998457443 17.6780069446954 17.676643938774 17.6754282848441 17.6742126309141 17.6731334942705 17.6717358172922 -9999 -9999 -9999 -9999 -9999 -9999
17.7194291063661 17.7184637341277 17.7174756090082 17.7164755657129 17.7154755224176 17.7144765625928 17.7134646011217 17.7124537231212 17.7114428451207 17.7104655547064 17.7094427585301 17.7084210458243 17.7072617323617 17.7062389361854 17.7053299044143 17.7042962735327 17.7031261253649 17.7021044126591 17.7010588636017 17.7001270789495 17.6989341779006 17.6978658759622 17.6967986574944 17.6957195208507 17.6946620536175 17.6935720822686 17.6924810274492 17.6913672197487 17.6901179782325 17.6891406878182 17.6880160454125 17.6868914030067 17.6856302433147 17.6844828480279 17.6834719700274 17.6823126565648 17.6809832382297 17.6798022553566 17.6787567062992 17.6775529705451 17.6762343869152 17.6750078982801 17.6737814096449 17.6725430028339 -9999 -9999 -9999 -9999 -9999 -9999 -9999
17.7191571552641 17.7181571119689 17.7171689868494 17.7161689435541 17.7150670540294 17.7141807751393 17.713180731844 17.7121698538435 17.7110224585567 17.7101361796666 17.7091133834903 17.7080916707845 17.7069659449082 17.7059323140266 17.7050232822555 17.7038531340876 17.7028086685008 17.7017631194434 17.7007067356808 17.6996839395045 17.6986156375661 17.6975484190982 17.6964692824545 17.6953890623403 17.6942990909914 17.693208036172 17.692118064823 17.6909024108931 17.6897886031926 17.6888004780731 17.6876758356674 17.6864027577996 17.6852553625128 17.684107967226 17.6830851710497 17.6818012584766 17.6806311103088 17.6794382092599 17.6783937436731 17.6770415724569 17.675825918527 17.6745983464213 17.6733946106672 -9999 -9999 -9999 -9999 -9999 -9999 -9999 -9999
17.7188841206917 17.7178959955721 17.7168959522769 17.7157713098711 17.7147604318706 17.7138849876857 17.7128741096852 17.7117603019847 17.7107385892789 17.7098523103888 17.7088295142125 17.7076712842205 17.7066484880441 17.7056148571625 17.7047285782725 17.7035584301046 17.7025128810473 17.7014673319899 17.7004109482273 17.6993545644646 17.6982862625262 17.6972190440584 17.6961615768252 17.6949459228953 17.6939924688326 17.6929014140132 17.6917995244885 17.6905611176775 17.6894364752717 17.6884591848575 17.6872207780465 17.6860853009355 17.6849379056487 17.6837785921862 17.6826192787236 17.6814491305558 17.6802789823879 17.6791207523959 17.6779159331712 17.6767121974171 17.6754965434872 17.6742689713815 -9999 -9999 -9999 -9999 -9999 -9999 -9999 -9999 -9999
17.7186002514139 17.7176002081186 17.7164983185939 17.7154982752986 17.7144982320033 17.7136130365838 17.7124764760022 17.7114655980017 17.7104428018254 17.7095792758163 17.7084210458243 17.707398249648 17.7063646187664 17.7053299044143 17.7042962735327 17.7032518079458 17.7022062588885 17.7011834627121 17.6999905616633 17.6990587770111 17.6979915585432 17.6969232566048 17.6957076026749 17.6946284660312 17.693673928498 17.6926056265596 17.6913672197487 17.690265330224 17.689152605994 17.688163397404 17.6868914030067 17.6857559258957 17.6846421181952 17.6834947229084 17.6823245747406 17.6811544265728 17.6799842784049 17.6787913773561 17.6775984763072 17.6763936570825 17.6752007560337 -9999 -9999 -9999 -9999 -9999 -9999 -9999 -9999 -9999 -9999
17.7183727226035 17.7173726793082 17.7162480369025 17.715259911783 17.7142598684877 17.7132489904871 17.7122381124866 17.711227234486 17.7102044383097 17.7091816421334 17.7081588459571 17.7071598861323 17.7061251717802 17.7050915408986 17.7040470753118 17.7030015262544 17.701955977197 17.7009115116102 17.6997402799718 17.6988095787902 17.6977412768518 17.6965364576271 17.6954692391592 17.6943781843398 17.6934236468066 17.6921971581714 17.6911180215277 17.690016132003 17.6889023243025 17.6877776818968 17.686653039491 17.6855164789095 17.6843690836227 17.6830743363444 17.6820862112249 17.6809160630571 17.6797339967135 17.6784045783784 17.6773601127915 17.6761552935669 -9999 -9999 -9999 -9999 -9999 -9999 -9999 -9999 -9999 -9999 -9999
17.718122440912 17.7169977985063 17.7159988386815 17.7149868772105 17.7139879173857 17.7129759559146 17.7119878307951 17.7109650346188 17.7099541566183 17.7089205257367 17.7078977295603 17.7068760168545 17.7058413025024 17.7046939072156 17.7037848754445 17.7027512445629 17.7016948608003 17.7005138779272 17.6994564106941 17.6985257095124 17.697331724993 17.6962753412304 17.6952081227625 17.6941170679431 17.6930379312994 17.6919360417747 17.69083415225 17.6897322627253 17.6886184550248 17.6875165655001 17.6863919230943 17.6852553625128 17.6841198854018 17.682824054653 17.6818131766524 17.6806430284846 17.6793482812063 17.6781662148627 17.6771206658053 -9999 -9999 -9999 -9999 -9999 -9999 -9999 -9999 -9999 -9999 -9999 -9999
17.7177367254049 17.7167594349906 17.7157485569901 17.7147485136948 17.7137376356942 17.7127267576937 17.7117147962226 17.7107039182221 17.7095792758163 17.708682162221 17.7076593660447 17.7066257351631 17.7054664217005 17.7044327908189 17.7035237590478 17.702479293461 17.7013199799984 17.7002635962358 17.6992072124731 17.6982862625262 17.6970825267721 17.6960142248337 17.69493508819 17.6938559515464 17.692787649608 17.691697678259 17.6905947052638 17.6894928157391 17.6882435742229 17.6872662838086 17.6861416414029 17.6850278337024 17.6837450045999 17.6825965258426 17.681585647842 17.6802789823879 17.6791088342201 -9999 -9999 -9999 -9999 -9999 -9999 -9999 -9999 -9999 -9999 -9999 -9999 -9999 -9999
17.7174983618892 17.7164983185939 17.7154982752986 17.7145101501791 17.7133735895976 17.7124873107075 17.711476432707 17.7104655547064 17.7093181594196 17.7084210458243 17.707398249648 17.7062616890664 17.7052280581848 17.7041944273033 17.7032853955321 17.7021044126591 17.7010588636017 17.7000133145443 17.6989569307817 17.6979113817243 17.6968441632564 17.695775861318 17.6947075593796 17.6934919054497 17.692538451387 17.6914473965676 17.6903682599239 17.689129853113 17.6880160454125 17.6870387549982 17.6859260307683 17.6846529529005 17.6835174757895 17.6823700805027 17.6813808719126 17.6800752899291 -9999 -9999 -9999 -9999 -9999 -9999 -9999 -9999 -9999 -9999 -9999 -9999 -9999 -9999 -9999
17.7172708330788 17.7162707897835 17.715259911783 17.7141352693772 17.7131243913767 17.7122381124866 17.7112499873671 17.7101015086098 17.709079795904 17.7081815988381 17.7070342035513 17.7060005726697 17.7049777764934 17.7039441456118 17.7029213494355 17.7018768838486 17.7008313347913 17.6997857857339 17.6987294019713 17.6976730182087 17.6966047162702 17.6955602506834 17.6944811140397 17.6932654601098 17.6923217572819 17.6912317859329 17.6900042138273 17.6889023243025 17.687788516602 17.6868350625394 17.6855847375526 17.6844492604416 17.6833246180359 17.6821761392786 17.6810287439918 -9999 -9999 -9999 -9999 -9999 -9999 -9999 -9999 -9999 -9999 -9999 -9999 -9999 -9999 -9999 -9999
