app/enm/output/Alcedo_atthis/Alcedo_atthis.asc
ncols         365
nrows         372
xllcorner     10.224615574
yllcorner     43.742729801
cellsize      5.0E-4
NODATA_value  -9999
[rows 280 to 307 of 372, columns 252 to 314 of 365]
1.58998E-1 1.59701E-1 1.60537E-1 1.61241E-1 1.62028E-1 1.62902E-1 1.63718E-1 1.64547E-1 1.65375E-1 1.66248E-1 1.6713E-1 1.68025E-1 1.68944E-1 1.69916E-1 1.70873E-1 1.71813E-1 1.72883E-1 4.5337E-1 4.55581E-1 4.57829E-1 4.60022E-1 4.62491E-1 4.64896E-1 4.67519E-1 4.69831E-1 4.72732E-1 4.75389E-1 4.77911E-1 4.80693E-1 4.83711E-1 4.86634E-1 4.89776E-1 4.92615E-1 4.96145E-1 4.99144E-1 5.02432E-1 5.05787E-1 5.0946E-1 5.13165E-1 5.16561E-1 5.20247E-1 5.24496E-1 5.28164E-1 5.32123E-1 5.35851E-1 5.40672E-1 5.44879E-1 5.49114E-1 5.53523E-1 5.58218E-1 5.62792E-1 5.6746E-1 5.72003E-1 5.77653E-1 5.82399E-1 5.87435E-1 5.92535E-1 5.23283E-1 5.27938E-1 5.33127E-1 5.38588E-1 5.44431E-1 5.5024E-1
1.59023E-1 1.59838E-1 1.60587E-1 1.6127E-1 1.62041E-1 1.62904E-1 1.63705E-1 1.64517E-1 1.65342E-1 1.66219E-1 1.6711E-1 1.67924E-1 1.68815E-1 1.69771E-1 1.70705E-1 1.7162E-1 1.7264E-1 1.73717E-1 1.74681E-1 1.75734E-1 1.76808E-1 1.77999E-1 1.79048E-1 1.80209E-1 4.69081E-1 4.71599E-1 4.74243E-1 4.76706E-1 4.79577E-1 4.82333E-1 4.85165E-1 4.88047E-1 4.91189E-1 4.94382E-1 4.97301E-1 5.00483E-1 5.03956E-1 5.07293E-1 5.10712E-1 5.13958E-1 5.17775E-1 5.21875E-1 5.25422E-1 5.29254E-1 5.33366E-1 5.37351E-1 5.41442E-1 5.45402E-1 5.50182E-1 5.54532E-1 5.58964E-1 5.63491E-1 5.68471E-1 5.73176E-1 5.77557E-1 5.8262E-1 5.88218E-1 5.9327E-1 5.97968E-1 5.28084E-1 5.33633E-1 5.38835E-1 5.4411E-1
1.59238E-1 1.59972E-1 1.60713E-1 1.61393E-1 1.6225E-1 1.63057E-1 1.63775E-1 1.64566E-1 1.65405E-1 1.66231E-1 1.67046E-1 1.67897E-1 1.68878E-1 1.69701E-1 1.70612E-1 1.71499E-1 1.72569E-1 1.73543E-1 1.7446E-1 1.75478E-1 1.76604E-1 1.77699E-1 1.7871E-1 1.79839E-1 1.81081E-1 1.82265E-1 1.83484E-1 1.8473E-1 1.86135E-1 1.87382E-1 1.88736E-1 4.86604E-1 4.89644E-1 4.92575E-1 4.95386E-1 4.98657E-1 5.02169E-1 5.05198E-1 5.08508E-1 5.11884E-1 5.15532E-1 5.19056E-1 5.22476E-1 5.26419E-1 5.30392E-1 5.34248E-1 5.38202E-1 5.4222E-1 5.46648E-1 5.50513E-1 5.5498E-1 5.59844E-1 5.64297E-1 5.68846E-1 5.73088E-1 5.78186E-1 5.83164E-1 5.87826E-1 5.92822E-1 5.98267E-1 5.28499E-1 5.33312E-1 5.38412E-1
1.59521E-1 1.6017E-1 1.60907E-1 1.61667E-1 1.62416E-1 1.63159E-1 1.63923E-1 1.64797E-1 1.65523E-1 1.66329E-1 1.67123E-1 1.68064E-1 1.68917E-1 1.69711E-1 1.706E-1 1.71648E-1 1.72516E-1 1.73461E-1 1.74351E-1 1.75463E-1 1.76436E-1 1.77476E-1 1.78526E-1 1.7971E-1 1.80774E-1 1.81921E-1 1.83101E-1 1.84373E-1 1.85615E-1 1.86823E-1 1.8821E-1 1.89704E-1 1.90992E-1 1.92415E-1 1.93792E-1 1.95478E-1 1.97017E-1 1.98599E-1 2.00232E-1 5.10033E-1 5.13368E-1 5.16783E-1 5.20071E-1 5.24093E-1 5.27476E-1 5.31376E-1 5.35272E-1 5.39453E-1 5.43428E-1 5.4717E-1 5.51306E-1 5.5604E-1 5.60327E-1 5.64887E-1 5.69347E-1 5.74106E-1 5.78726E-1 5.8322E-1 5.88013E-1 5.93266E-1 5.98202E-1 6.0329E-1 5.33121E-1
1.59627E-1 1.60343E-1 1.61142E-1 1.61802E-1 1.62542E-1 1.6327E-1 1.64049E-1 1.64889E-1 1.65594E-1 1.66384E-1 1.67255E-1 1.68081E-1 1.68914E-1 1.69686E-1 1.70624E-1 1.7151E-1 1.72407E-1 1.73392E-1 1.74316E-1 1.75282E-1 1.76225E-1 1.7723E-1 1.78309E-1 1.79364E-1 1.80397E-1 1.81581E-1 1.82736E-1 1.83906E-1 1.8511E-1 1.86272E-1 1.87699E-1 1.88995E-1 1.90325E-1 1.91674E-1 1.93178E-1 1.94628E-1 1.96117E-1 1.97549E-1 1.99312E-1 2.00823E-1 2.02565E-1 2.04282E-1 5.18043E-1 5.21495E-1 5.24767E-1 5.28361E-1 5.32295E-1 5.36231E-1 5.40164E-1 5.4378E-1 5.48274E-1 5.52354E-1 5.56298E-1 5.6052E-1 5.65028E-1 5.69605E-1 5.74266E-1 5.78606E-1 5.83435E-1 5.88124E-1 5.92892E-1 5.97521E-1 6.03256E-1
1.59798E-1 1.60507E-1 1.61307E-1 1.61962E-1 1.62691E-1 1.63487E-1 1.64233E-1 1.64985E-1 1.65676E-1 1.6645E-1 1.67317E-1 1.68115E-1 1.6899E-1 1.69752E-1 1.70628E-1 1.71456E-1 1.72331E-1 1.73225E-1 1.74172E-1 1.75109E-1 1.76092E-1 1.77055E-1 1.78055E-1 1.79081E-1 1.80083E-1 1.81204E-1 1.82394E-1 1.83515E-1 1.84674E-1 1.85829E-1 1.87139E-1 1.88395E-1 1.8959E-1 1.91001E-1 1.92358E-1 1.93835E-1 1.9526E-1 1.96824E-1 1.98339E-1 1.99798E-1 2.01391E-1 2.03135E-1 2.04908E-1 2.06661E-1 5.22172E-1 5.25885E-1 5.29631E-1 5.33066E-1 5.36764E-1 5.40723E-1 5.4475E-1 5.48811E-1 5.52618E-1 5.57216E-1 5.61051E-1 5.65279E-1 5.69591E-1 5.74519E-1 5.78839E-1 5.83374E-1 5.87973E-1 5.93042E-1 5.97784E-1
1.59903E-1 1.60694E-1 1.61404E-1 1.62044E-1 1.62765E-1 1.63562E-1 1.64293E-1 1.65028E-1 1.65705E-1 1.6656E-1 1.67314E-1 1.68095E-1 1.68889E-1 1.69724E-1 1.70547E-1 1.71359E-1 1.72212E-1 1.73197E-1 1.74007E-1 1.74914E-1 1.75804E-1 1.76872E-1 1.77759E-1 1.78772E-1 1.79793E-1 1.80917E-1 1.81991E-1 1.82999E-1 1.84119E-1 1.85359E-1 1.86587E-1 1.87796E-1 1.88959E-1 1.90398E-1 1.91636E-1 1.9298E-1 1.94362E-1 1.95952E-1 1.97409E-1 1.98818E-1 2.00462E-1 2.02139E-1 2.03671E-1 2.0534E-1 5.19753E-1 5.23524E-1 5.26967E-1 5.3028E-1 5.33867E-1 5.37699E-1 5.41431E-1 5.45229E-1 5.49415E-1 5.53662E-1 5.57398E-1 5.61488E-1 5.65989E-1 5.70237E-1 5.74208E-1 5.786E-1 5.83823E-1 5.88362E-1 5.92979E-1
1.60195E-1 1.60891E-1 1.61577E-1 1.62215E-1 1.62997E-1 1.63713E-1 1.64436E-1 1.65164E-1 1.65919E-1 1.66669E-1 1.67395E-1 1.68161E-1 1.68963E-1 1.69753E-1 1.70554E-1 1.71349E-1 1.7228E-1 1.73197E-1 1.73919E-1 1.74803E-1 1.75787E-1 1.76702E-1 1.77561E-1 1.78526E-1 1.79592E-1 1.80626E-1 1.81656E-1 1.82634E-1 1.83851E-1 1.84917E-1 1.86053E-1 1.87222E-1 1.88564E-1 1.89771E-1 1.90974E-1 1.92271E-1 1.93774E-1 1.95053E-1 1.9646E-1 1.9781E-1 1.99562E-1 2.01091E-1 2.02557E-1 2.04166E-1 5.17569E-1 5.20811E-1 5.24115E-1 5.27539E-1 5.31435E-1 5.34722E-1 5.38314E-1 5.41975E-1 5.45986E-1 5.49804E-1 5.53388E-1 5.57674E-1 5.62204E-1 5.66117E-1 5.69958E-1 5.7453E-1 5.79034E-1 5.83204E-1 5.88083E-1
1.60446E-1 1.6114E-1 1.61839E-1 1.62537E-1 1.63316E-1 1.63935E-1 1.64649E-1 1.65385E-1 1.66109E-1 1.66845E-1 1.67568E-1 1.68401E-1 1.69239E-1 1.69869E-1 1.70649E-1 1.71446E-1 1.72332E-1 1.73159E-1 1.7392E-1 1.74923E-1 1.75738E-1 1.76631E-1 1.77468E-1 1.78516E-1 1.79435E-1 1.80409E-1 1.81482E-1 1.82546E-1 1.83554E-1 1.84582E-1 1.85687E-1 1.8687E-1 1.8803E-1 1.89223E-1 1.9046E-1 1.91839E-1 1.93132E-1 1.94365E-1 1.95717E-1 1.97205E-1 1.98631E-1 2.00183E-1 2.01591E-1 2.0334E-1 5.1548E-1 5.18613E-1 5.21798E-1 5.25287E-1 5.28616E-1 5.31956E-1 5.3551E-1 5.39304E-1 5.42905E-1 5.46599E-1 5.50072E-1 5.54353E-1 5.58433E-1 5.62343E-1 5.66075E-1 5.70678E-1 5.74831E-1 5.78862E-1 5.83155E-1
1.60651E-1 1.61342E-1 1.62032E-1 1.62743E-1 1.63444E-1 1.64126E-1 1.64885E-1 1.65684E-1 1.66253E-1 1.66974E-1 1.67705E-1 1.68515E-1 1.69258E-1 1.69942E-1 1.70771E-1 1.71552E-1 1.72345E-1 1.73144E-1 1.73883E-1 1.74825E-1 1.7564E-1 1.76511E-1 1.77463E-1 1.78339E-1 1.79228E-1 1.80172E-1 1.81178E-1 1.82167E-1 1.83181E-1 1.84247E-1 1.8532E-1 1.865E-1 1.87534E-1 1.88682E-1 1.89857E-1 1.91155E-1 1.92475E-1 1.93652E-1 1.95034E-1 1.96374E-1 1.9775E-1 1.99157E-1 2.00697E-1 2.0218E-1 5.13314E-1 5.16337E-1 5.19627E-1 5.22782E-1 5.26001E-1 5.29052E-1 5.32629E-1 5.36414E-1 5.397E-1 5.43337E-1 5.47151E-1 5.5084E-1 5.54589E-1 5.5821E-1 5.62289E-1 5.66427E-1 5.70616E-1 5.74494E-1 5.79167E-1
1.60882E-1 1.61626E-1 1.62324E-1 1.62943E-1 1.63634E-1 1.64314E-1 1.65097E-1 1.65792E-1 1.66428E-1 1.67199E-1 1.67907E-1 1.68635E-1 1.69362E-1 1.70026E-1 1.70866E-1 1.71602E-1 1.72374E-1 1.73223E-1 1.7397E-1 1.74782E-1 1.7558E-1 1.76422E-1 1.77305E-1 1.78177E-1 1.79113E-1 1.79965E-1 1.81017E-1 1.81893E-1 1.82877E-1 1.8388E-1 1.84988E-1 1.86043E-1 1.87109E-1 1.88179E-1 1.89403E-1 1.90566E-1 1.91757E-1 1.92894E-1 1.94305E-1 1.95606E-1 1.96919E-1 1.98276E-1 1.99751E-1 2.01184E-1 5.11098E-1 5.14186E-1 5.17513E-1 5.20361E-1 5.23498E-1 5.26671E-1 5.30083E-1 5.33374E-1 5.36537E-1 5.39954E-1 5.43812E-1 5.47469E-1 5.51095E-1 5.54772E-1 5.58531E-1 5.62336E-1 5.66194E-1 5.70626E-1 5.74613E-1
1.59884E-2 1.61727E-1 1.62478E-1 1.63099E-1 1.6376E-1 1.64517E-1 1.65209E-1 1.65902E-1 1.66522E-1 1.67295E-1 1.67996E-1 1.68765E-1 1.69405E-1 1.70151E-1 1.70879E-1 1.71605E-1 1.72355E-1 1.73133E-1 1.73911E-1 1.74695E-1 1.75478E-1 1.76392E-1 1.7715E-1 1.77998E-1 1.78833E-1 1.79829E-1 1.80738E-1 1.81601E-1 1.82546E-1 1.83602E-1 1.84593E-1 1.85611E-1 1.86569E-1 1.87775E-1 1.8886E-1 -9999 -9999 -9999 -9999 -9999 -9999 -9999 -9999 -9999 -9999 -9999 -9999 -9999 -9999 -9999 5.27529E-1 5.30708E-1 5.33776E-1 5.37492E-1 5.40634E-1 5.44072E-1 5.47744E-1 5.51679E-1 5.55051E-1 5.58735E-1 5.62479E-1 5.66579E-1 5.70442E-1
1.60146E-2 1.60952E-2 1.61686E-2 1.62354E-2 1.63087E-2 1.63893E-2 1.64698E-2 1.65356E-2 1.66095E-2 1.67482E-1 1.68163E-1 1.68854E-1 1.69556E-1 1.7028E-1 1.70984E-1 1.71689E-1 1.72441E-1 1.73261E-1 1.73935E-1 1.74702E-1 1.75481E-1 1.76347E-1 1.77079E-1 1.77903E-1 1.7882E-1 1.79675E-1 1.80555E-1 1.81365E-1 1.82363E-1 1.83322E-1 1.84276E-1 1.85261E-1 1.86306E-1 -9999 -9999 -9999 -9999 -9999 -9999 -9999 -9999 -9999 -9999 -9999 -9999 -9999 -9999 -9999 -9999 -9999 -9999 -9999 -9999 5.34639E-1 5.37672E-1 5.40985E-1 5.44596E-1 5.48022E-1 5.5127E-1 5.55134E-1 5.59212E-1 5.62705E-1 5.66441E-1
1.60604E-2 1.61343E-2 1.61996E-2 1.62661E-2 1.63484E-2 1.64196E-2 1.64927E-2 1.65664E-2 1.66478E-2 1.67132E-2 1.67855E-2 1.68602E-2 1.6944E-2 1.70486E-1 1.71183E-1 1.71891E-1 1.72743E-1 1.73396E-1 1.74054E-1 1.74795E-1 1.75628E-1 1.76397E-1 1.77103E-1 1.77963E-1 1.78857E-1 1.79623E-1 1.80468E-1 1.81336E-1 1.82248E-1 1.83122E-1 1.84046E-1 -9999 -9999 -9999 -9999 -9999 -9999 -9999 -9999 -9999 -9999 -9999 -9999 -9999 -9999 -9999 -9999 -9999 -9999 -9999 -9999 -9999 -9999 -9999 -9999 5.38438E-1 5.41883E-1 5.45012E-1 5.48151E-1 5.51816E-1 5.55679E-1 5.59022E-1 5.62786E-1
1.60796E-2 1.61538E-2 1.62273E-2 1.63088E-2 1.63736E-2 1.64447E-2 1.65174E-2 1.65921E-2 1.66647E-2 1.67373E-2 1.68086E-2 1.68974E-2 1.69629E-2 1.70287E-2 1.71036E-2 1.71869E-2 1.7279E-1 1.73492E-1 1.74196E-1 1.75007E-1 1.75658E-1 1.76405E-1 1.77084E-1 1.77949E-1 1.78716E-1 1.79513E-1 1.80404E-1 1.812E-1 1.82058E-1 -9999 -9999 -9999 -9999 -9999 -9999 -9999 -9999 -9999 -9999 -9999 -9999 -9999 -9999 -9999 -9999 -9999 -9999 -9999 -9999 -9999 -9999 -9999 -9999 -9999 -9999 -9999 5.38856E-1 5.41947E-1 5.45193E-1 5.48696E-1 5.52068E-1 5.55289E-1 5.58954E-1
1.61059E-2 1.61798E-2 1.6256E-2 1.63292E-2 1.64024E-2 1.64731E-2 1.65537E-2 1.66243E-2 1.66892E-2 1.67608E-2 1.68407E-2 1.6913E-2 1.69851E-2 1.70567E-2 1.71288E-2 1.72026E-2 1.72771E-2 1.73605E-1 1.74308E-1 1.75017E-1 1.75712E-1 1.76503E-1 1.77183E-1 1.7793E-1 1.78674E-1 1.79449E-1 1.80253E-1 1.81062E-1 -9999 -9999 -9999 -9999 -9999 -9999 -9999 -9999 -9999 -9999 -9999 -9999 -9999 -9999 -9999 -9999 -9999 -9999 -9999 -9999 -9999 -9999 -9999 -9999 -9999 -9999 -9999 -9999 -9999 -9999 5.42252E-1 5.45534E-1 5.48785E-1 5.51897E-1 5.5567E-1
1.61319E-2 1.61982E-2 1.62812E-2 1.63477E-2 1.64205E-2 1.64933E-2 1.65728E-2 1.66443E-2 1.67059E-2 1.67772E-2 1.68561E-2 1.69274E-2 1.69985E-2 1.70701E-2 1.71431E-2 1.72138E-2 1.72843E-2 1.73582E-2 1.7435E-1 1.7503E-1 1.75716E-1 1.76429E-1 1.77141E-1 1.77932E-1 1.78587E-1 1.79351E-1 1.80192E-1 -9999 -9999 -9999 -9999 -9999 -9999 -9999 -9999 -9999 -9999 -9999 -9999 -9999 -9999 -9999 -9999 -9999 -9999 -9999 -9999 -9999 -9999 -9999 -9999 -9999 -9999 -9999 -9999 -9999 -9999 -9999 -9999 5.42338E-1 5.45477E-1 5.49164E-1 4.79599E-1
1.61524E-2 1.62369E-2 1.63115E-2 1.63757E-2 1.64483E-2 1.6528E-2 1.66006E-2 1.66718E-2 1.67356E-2 1.68154E-2 1.68845E-2 1.69524E-2 1.70226E-2 1.70939E-2 1.71639E-2 1.72337E-2 1.73047E-2 1.73849E-2 1.74558E-1 1.75144E-1 1.75808E-1 1.76575E-1 1.7719E-1 1.77891E-1 1.78603E-1 1.79403E-1 -9999 -9999 -9999 -9999 -9999 -9999 -9999 -9999 -9999 -9999 -9999 -9999 -9999 -9999 -9999 -9999 -9999 -9999 -9999 -9999 -9999 -9999 -9999 -9999 -9999 -9999 -9999 -9999 -9999 -9999 -9999 -9999 -9999 -9999 4.7042E-1 4.73321E-1 4.76272E-1
1.61938E-2 1.62701E-2 1.63449E-2 1.64122E-2 1.64929E-2 1.65722E-2 1.66358E-2 1.67068E-2 1.6779E-2 1.68498E-2 1.6918E-2 1.69881E-2 1.70646E-2 1.71339E-2 1.71939E-2 1.72621E-2 1.73408E-2 1.74102E-2 1.7471E-1 1.7536E-1 1.76148E-1 1.76734E-1 1.77328E-1 1.78007E-1 1.78773E-1 -9999 -9999 -9999 -9999 -9999 -9999 -9999 -9999 -9999 -9999 -9999 -9999 -9999 -9999 -9999 -9999 -9999 -9999 -9999 -9999 -9999 -9999 -9999 -9999 -9999 -9999 -9999 -9999 -9999 -9999 -9999 -9999 -9999 -9999 -9999 -9999 -9999 4.73528E-1
1.62289E-2 1.62975E-2 1.63734E-2 1.64481E-2 1.65246E-2 1.65955E-2 1.66682E-2 1.67471E-2 1.68178E-2 1.68789E-2 1.69468E-2 1.70172E-2 1.70931E-2 1.71538E-2 1.72218E-2 1.72959E-2 1.73631E-2 1.74309E-2 1.74885E-1 1.75586E-1 1.76225E-1 1.76862E-1 1.77434E-1 -9999 -9999 -9999 -9999 -9999 -9999 -9999 -9999 -9999 -9999 -9999 -9999 -9999 -9999 -9999 -9999 -9999 -9999 -9999 -9999 -9999 -9999 -9999 -9999 -9999 -9999 -9999 -9999 -9999 -9999 -9999 -9999 -9999 -9999 -9999 -9999 -9999 -9999 -9999 -9999
1.62494E-2 1.63275E-2 1.64103E-2 1.64799E-2 1.65542E-2 1.66261E-2 1.66985E-2 1.67794E-2 1.68426E-2 1.69122E-2 1.69876E-2 1.70543E-2 1.71223E-2 1.71821E-2 1.72485E-2 1.73233E-2 1.73895E-2 1.74632E-2 1.75159E-1 1.75767E-1 1.76378E-1 1.77001E-1 -9999 -9999 -9999 -9999 -9999 -9999 -9999 -9999 -9999 -9999 -9999 -9999 -9999 -9999 -9999 -9999 -9999 -9999 -9999 -9999 -9999 -9999 -9999 -9999 -9999 -9999 -9999 -9999 -9999 -9999 -9999 -9999 -9999 -9999 -9999 -9999 -9999 -9999 -9999 -9999 -9999
1.62675E-2 1.63459E-2 1.64337E-2 1.65035E-2 1.65789E-2 1.66477E-2 1.67302E-2 1.68017E-2 1.68651E-2 1.69351E-2 1.70111E-2 1.7079E-2 1.71528E-2 1.72025E-2 1.72762E-2 1.73417E-2 1.74069E-2 1.74719E-2 1.75302E-1 1.759E-1 1.76482E-1 -9999 -9999 -9999 -9999 -9999 -9999 -9999 -9999 -9999 -9999 -9999 -9999 -9999 -9999 -9999 -9999 -9999 -9999 -9999 -9999 -9999 -9999 -9999 -9999 -9999 -9999 -9999 -9999 -9999 -9999 -9999 -9999 -9999 -9999 -9999 -9999 -9999 -9999 -9999 -9999 -9999 -9999
1.62984E-2 1.63824E-2 1.6468E-2 1.65389E-2 1.66153E-2 1.66975E-2 1.67775E-2 1.68502E-2 1.69046E-2 1.69817E-2 1.70509E-2 1.71185E-2 1.71849E-2 1.72516E-2 1.7323E-2 1.73776E-2 1.7442E-2 1.75016E-1 1.75595E-1 -9999 -9999 -9999 -9999 -9999 -9999 -9999 -9999 -9999 -9999 -9999 -9999 -9999 -9999 -9999 -9999 -9999 -9999 -9999 -9999 -9999 -9999 -9999 -9999 -9999 -9999 -9999 -9999 -9999 -9999 -9999 -9999 -9999 -9999 -9999 -9999 -9999 -9999 -9999 -9999 -9999 -9999 -9999 -9999
1.63293E-2 1.64236E-2 1.65044E-2 1.65681E-2 1.66455E-2 1.67293E-2 1.68035E-2 1.68771E-2 1.69487E-2 1.70266E-2 1.70845E-2 1.71527E-2 1.72194E-2 1.72845E-2 1.73488E-2 1.74124E-2 1.74751E-2 1.75438E-1 -9999 -9999 -9999 -9999 -9999 -9999 -9999 -9999 -9999 -9999 -9999 -9999 -9999 -9999 -9999 -9999 -9999 -9999 -9999 -9999 -9999 -9999 -9999 -9999 -9999 -9999 -9999 -9999 -9999 -9999 -9999 -9999 -9999 -9999 -9999 -9999 -9999 -9999 -9999 -9999 -9999 -9999 -9999 -9999 -9999
1.63601E-2 1.64441E-2 1.65263E-2 1.65998E-2 1.6695E-2 1.67609E-2 1.68369E-2 1.69108E-2 1.69853E-2 1.70553E-2 1.71232E-2 1.71911E-2 1.7272E-2 1.73198E-2 1.73833E-2 1.7446E-2 1.75153E-2 -9999 -9999 -9999 -9999 -9999 -9999 -9999 -9999 -9999 -9999 -9999 -9999 -9999 -9999 -9999 -9999 -9999 -9999 -9999 -9999 -9999 -9999 -9999 -9999 -9999 -9999 -9999 -9999 -9999 -9999 -9999 -9999 -9999 -9999 -9999 -9999 -9999 -9999 -9999 -9999 -9999 -9999 -9999 -9999 -9999 -9999
1.63832E-2 1.64689E-2 1.65528E-2 1.66384E-2 1.67193E-2 1.67956E-2 1.68787E-2 1.69563E-2 1.70204E-2 1.70915E-2 1.71599E-2 1.72361E-2 1.73022E-2 1.73595E-2 1.74293E-2 -9999 -9999 -9999 -9999 -9999 -9999 -9999 -9999 -9999 -9999 -9999 -9999 -9999 -9999 -9999 -9999 -9999 -9999 -9999 -9999 -9999 -9999 -9999 -9999 -9999 -9999 -9999 -9999 -9999 -9999 -9999 -9999 -9999 -9999 -9999 -9999 -9999 -9999 -9999 -9999 -9999 -9999 -9999 -9999 -9999 -9999 -9999 -9999
1.63992E-2 1.64922E-2 1.65739E-2 1.66582E-2 1.67406E-2 1.68179E-2 1.68991E-2 1.69828E-2 1.70498E-2 1.71191E-2 1.71963E-2 1.72643E-2 1.73302E-2 1.73872E-2 -9999 -9999 -9999 -9999 -9999 -9999 -9999 -9999 -9999 -9999 -9999 -9999 -9999 -9999 -9999 -9999 -9999 -9999 -9999 -9999 -9999 -9999 -9999 -9999 -9999 -9999 -9999 -9999 -9999 -9999 -9999 -9999 -9999 -9999 -9999 -9999 -9999 -9999 -9999 -9999 -9999 -9999 -9999 -9999 -9999 -9999 -9999 -9999 -9999
1.64245E-2 1.65139E-2 1.66133E-2 1.66991E-2 1.67757E-2 1.68579E-2 1.69453E-2 1.70238E-2 1.70926E-2 1.71658E-2 1.72441E-2 1.73196E-2 -9999 -9999 -9999 -9999 -9999 -9999 -9999 -9999 -9999 -9999 -9999 -9999 -9999 -9999 -9999 -9999 -9999 -9999 -9999 -9999 -9999 -9999 -9999 -9999 -9999 -9999 -9999 -9999 -9999 -9999 -9999 -9999 -9999 -9999 -9999 -9999 -9999 -9999 -9999 -9999 -9999 -9999 -9999 -9999 -9999 -9999 -9999 -9999 -9999 -9999 -9999
