app/enm/output/Alcedo_atthis/Alcedo_atthis.asc
ncols         365
nrows         372
xllcorner     10.224615574
yllcorner     43.742729801
cellsize      5.0E-4
NODATA_value  -9999
[rows 252 to 279 of 372, columns 63 to 125 of 365]
-9999 -9999 -9999 -9999 -9999 -9999 -9999 -9999 -9999 -9999 -9999 -9999 -9999 1.37436E-1 1.44748E-1 1.52341E-1 1.60385E-1 1.68805E-1 1.77679E-1 1.87024E-1 6.69801E-2 7.07076E-2 7.46864E-2 7.9389E-2 8.32535E-2 8.79093E-2 9.27601E-2 9.48005E-3 1.00332E-2 1.05364E-2 1.11501E-2 1.18737E-2 1.25576E-2 1.32824E-2 1.39475E-2 1.4855E-2 1.57104E-2 1.66069E-2 1.75545E-2 1.82795E-2 1.87648E-2 1.92661E-2 1.97809E-2 2.03733E-2 2.08518E-2 2.13955E-2 2.17319E-2 2.14187E-2 2.11468E-2 2.09179E-2 2.06565E-2 2.03667E-2 2.01161E-2 1.99031E-2 1.96622E-2 1.9394E-2 1.91596E-2 1.89318E-2 1.87393E-2 1.84946E-2 1.82817E-2 1.80682E-2 1.78632E-2
-9999 -9999 -9999 -9999 -9999 -9999 -9999 -9999 -9999 -9999 -9999 -9999 -9999 -9999 1.45194E-1 1.52847E-1 1.60777E-1 1.69206E-1 1.79122E-1 1.87181E-1 6.69692E-2 7.07203E-2 7.51743E-2 7.93484E-2 8.32106E-2 8.78126E-2 9.33127E-2 9.84375E-2 1.00138E-2 1.05231E-2 1.12058E-2 1.18525E-2 1.25351E-2 1.32505E-2 1.40084E-2 1.48168E-2 1.56604E-2 1.65567E-2 1.75036E-2 1.82306E-2 1.87198E-2 1.92143E-2 1.97887E-2 2.03091E-2 2.07859E-2 2.13361E-2 2.16675E-2 2.13912E-2 2.11233E-2 2.08945E-2 2.06037E-2 2.03432E-2 2.00958E-2 1.98864E-2 1.96145E-2 1.93773E-2 1.9143E-2 1.89152E-2 1.86963E-2 1.84775E-2 1.82641E-2 1.80511E-2 1.78217E-2
-9999 -9999 -9999 -9999 -9999 -9999 -9999 -9999 -9999 -9999 -9999 -9999 -9999 -9999 1.47382E-1 1.53757E-1 1.61488E-1 1.69698E-1 1.7949E-1 1.87532E-1 6.70782E-2 7.12647E-2 7.51801E-2 7.93662E-2 8.31804E-2 8.83943E-2 9.32782E-2 9.83439E-2 1.00038E-2 1.05821E-2 1.11859E-2 1.18333E-2 1.25072E-2 1.32224E-2 1.39854E-2 1.47835E-2 1.56158E-2 1.65088E-2 1.75667E-2 1.819E-2 1.86727E-2 1.91685E-2 1.97387E-2 2.02576E-2 2.07273E-2 2.1329E-2 2.16438E-2 2.13719E-2 2.1103E-2 2.08417E-2 2.05841E-2 2.03268E-2 2.00763E-2 1.98353E-2 1.95948E-2 1.93641E-2 1.91263E-2 1.89049E-2 1.86801E-2 1.84638E-2 1.82509E-2 1.80407E-2 1.78079E-2
-9999 -9999 -9999 -9999 -9999 -9999 -9999 -9999 -9999 -9999 -9999 -9999 -9999 -9999 1.49003E-1 1.55313E-1 1.6293E-1 1.7216E-1 1.80544E-1 1.88206E-1 6.72408E-2 7.14071E-2 7.53218E-2 7.93955E-2 8.31935E-2 8.8343E-2 9.31754E-2 9.82922E-2 9.99217E-3 1.05686E-2 1.11728E-2 1.18103E-2 1.24842E-2 1.32845E-2 1.39518E-2 1.47479E-2 1.558E-2 1.65785E-2 1.75136E-2 1.81435E-2 1.86196E-2 1.91731E-2 1.96855E-2 2.02029E-2 2.06712E-2 2.12729E-2 2.16128E-2 2.13408E-2 2.1076E-2 2.08148E-2 2.05604E-2 2.03032E-2 2.00561E-2 1.98124E-2 1.95751E-2 1.93374E-2 1.91096E-2 1.88519E-2 1.86631E-2 1.84443E-2 1.82314E-2 1.79927E-2 1.77881E-2
-9999 -9999 -9999 -9999 -9999 -9999 -9999 -9999 -9999 -9999 -9999 -9999 -9999 -9999 1.5218E-1 1.58154E-1 1.66257E-1 1.73934E-1 1.82242E-1 1.89851E-1 2.00097E-1 7.17086E-2 7.55364E-2 7.95757E-2 8.38468E-2 8.84073E-2 9.31518E-2 9.81687E-2 1.00517E-2 1.05574E-2 1.11597E-2 1.17964E-2 1.25513E-2 1.32607E-2 1.3916E-2 1.471E-2 1.56417E-2 1.65284E-2 1.74606E-2 1.81001E-2 1.86402E-2 1.91269E-2 1.96292E-2 2.0145E-2 2.0681E-2 2.12194E-2 2.15858E-2 2.1314E-2 2.10158E-2 2.07882E-2 2.05304E-2 2.02767E-2 2.0002E-2 1.97927E-2 1.95518E-2 1.93179E-2 1.90538E-2 1.88295E-2 1.86402E-2 1.84216E-2 1.81865E-2 1.79758E-2 1.77688E-2
-9999 -9999 -9999 -9999 -9999 -9999 -9999 -9999 -9999 -9999 -9999 -9999 -9999 -9999 -9999 1.62621E-1 1.69867E-1 1.77514E-1 1.85377E-1 1.93355E-1 2.01923E-1 7.23659E-2 7.61577E-2 7.99905E-2 8.4111E-2 8.85641E-2 9.32899E-2 9.82731E-2 1.00467E-2 1.05423E-2 1.11448E-2 1.18599E-2 1.25289E-2 1.32369E-2 1.3891E-2 1.4783E-2 1.56134E-2 1.64956E-2 1.74153E-2 1.81202E-2 1.85955E-2 1.90809E-2 1.95819E-2 2.0099E-2 2.06225E-2 2.11578E-2 2.15518E-2 2.1287E-2 2.09865E-2 2.07618E-2 2.05041E-2 2.02505E-2 1.99719E-2 1.97633E-2 1.95226E-2 1.92591E-2 1.90313E-2 1.88071E-2 1.86149E-2 1.83734E-2 1.81609E-2 1.79504E-2 1.77463E-2
-9999 -9999 -9999 -9999 -9999 -9999 -9999 -9999 -9999 -9999 -9999 -9999 -9999 -9999 -9999 1.67967E-1 1.74733E-1 1.82038E-1 1.89307E-1 1.97483E-1 2.05921E-1 7.35763E-2 7.70228E-2 8.12792E-2 8.48528E-2 8.91744E-2 9.35947E-2 9.90783E-2 1.04324E-1 1.05497E-2 1.1141E-2 1.18381E-2 1.2512E-2 1.32177E-2 1.38744E-2 1.47563E-2 1.55773E-2 1.64557E-2 1.73753E-2 1.80789E-2 1.8553E-2 1.90319E-2 1.95382E-2 2.01125E-2 2.05724E-2 2.11073E-2 2.15246E-2 2.12162E-2 2.09525E-2 2.07279E-2 2.04746E-2 2.01897E-2 1.9946E-2 1.97369E-2 1.94969E-2 1.92358E-2 1.90055E-2 1.87809E-2 1.85632E-2 1.83512E-2 1.81383E-2 1.79283E-2 1.77272E-2
-9999 -9999 -9999 -9999 -9999 -9999 -9999 -9999 -9999 -9999 -9999 -9999 -9999 -9999 -9999 1.73912E-1 1.80647E-1 1.87792E-1 1.96034E-1 2.01873E-1 2.10184E-1 7.51767E-2 7.91172E-2 8.27055E-2 8.58919E-2 8.99371E-2 9.4955E-2 9.97856E-2 1.04677E-1 1.0571E-2 1.12247E-2 1.18522E-2 1.25086E-2 1.31962E-2 1.39433E-2 1.47297E-2 1.55517E-2 1.64286E-2 1.74602E-2 1.80438E-2 1.85168E-2 1.89947E-2 1.95561E-2 2.00639E-2 2.0526E-2 2.10596E-2 2.14572E-2 2.11899E-2 2.09263E-2 2.07024E-2 2.04158E-2 2.01631E-2 1.99204E-2 1.97115E-2 1.9447E-2 1.92137E-2 1.89835E-2 1.8759E-2 1.85412E-2 1.83295E-2 1.81196E-2 1.79068E-2 1.76781E-2
-9999 -9999 -9999 -9999 -9999 -9999 -9999 -9999 -9999 -9999 -9999 -9999 -9999 -9999 -9999 1.80884E-1 1.87864E-1 1.94866E-1 2.03361E-1 2.09522E-1 2.17306E-1 2.26743E-1 8.10613E-2 8.46153E-2 8.78199E-2 9.2223E-2 9.63048E-2 1.00736E-1 1.05587E-1 1.07176E-2 1.12683E-2 1.18696E-2 1.25218E-2 1.32054E-2 1.39345E-2 1.47031E-2 1.5521E-2 1.6398E-2 1.74284E-2 1.80057E-2 1.84776E-2 1.90156E-2 1.9509E-2 2.00154E-2 2.04728E-2 2.10698E-2 2.14237E-2 2.11566E-2 2.08933E-2 2.06399E-2 2.03865E-2 2.0134E-2 1.9888E-2 1.96516E-2 1.94183E-2 1.91852E-2 1.89552E-2 1.8734E-2 1.85161E-2 1.83007E-2 1.80885E-2 1.78536E-2 1.76534E-2
-9999 -9999 -9999 -9999 -9999 -9999 -9999 -9999 -9999 -9999 -9999 -9999 -9999 -9999 -9999 -9999 1.96681E-1 2.04167E-1 2.11431E-1 2.17786E-1 2.2551E-1 2.34498E-1 8.42969E-2 8.75842E-2 9.09989E-2 9.43785E-2 9.84986E-2 1.0289E-1 1.07208E-1 1.08391E-2 1.13727E-2 1.1962E-2 1.25752E-2 1.3321E-2 1.39488E-2 1.47088E-2 1.55124E-2 1.64755E-2 1.73937E-2 1.79698E-2 1.84355E-2 1.89806E-2 1.94729E-2 1.99727E-2 2.04922E-2 2.10209E-2 2.13866E-2 2.11198E-2 2.08598E-2 2.06072E-2 2.0354E-2 2.01017E-2 1.98622E-2 1.96223E-2 1.93863E-2 1.91534E-2 1.89262E-2 1.86763E-2 1.84882E-2 1.82733E-2 1.80637E-2 1.78261E-2 1.76251E-2
-9999 -9999 -9999 -9999 -9999 -9999 -9999 -9999 -9999 -9999 -9999 -9999 -9999 -9999 -9999 -9999 2.07061E-1 2.14545E-1 2.21813E-1 2.27709E-1 2.35417E-1 2.43534E-1 8.786E-2 9.11485E-2 9.43387E-2 9.7861E-2 1.01526E-1 1.05593E-1 1.10368E-1 1.14303E-1 1.15711E-2 1.21023E-2 1.27688E-2 1.34184E-2 1.4012E-2 1.47384E-2 1.56318E-2 1.64727E-2 1.73717E-2 1.7937E-2 1.8461E-2 1.89371E-2 1.94282E-2 1.99323E-2 2.04501E-2 2.09754E-2 2.13499E-2 2.10834E-2 2.07906E-2 2.0571E-2 2.0318E-2 2.0069E-2 1.97956E-2 1.95905E-2 1.93547E-2 1.9125E-2 1.88655E-2 1.86454E-2 1.84565E-2 1.82418E-2 1.80078E-2 1.77987E-2 1.7595E-2
-9999 -9999 -9999 -9999 -9999 -9999 -9999 -9999 -9999 -9999 -9999 -9999 -9999 -9999 -9999 -9999 2.1616E-1 2.23841E-1 2.31394E-1 2.38563E-1 2.46294E-1 2.52979E-1 2.61337E-1 9.45089E-2 9.79899E-2 1.01498E-1 1.05145E-1 1.08871E-1 1.13629E-1 1.16789E-1 1.18315E-2 1.24339E-2 1.29786E-2 1.35623E-2 1.41248E-2 1.49345E-2 1.56925E-2 1.64948E-2 1.73896E-2 1.79909E-2 1.8437E-2 1.89054E-2 1.93956E-2 1.98957E-2 2.04121E-2 2.09349E-2 2.13169E-2 2.10536E-2 2.07581E-2 2.05381E-2 2.02859E-2 2.0006E-2 1.97637E-2 1.95623E-2 1.93266E-2 1.90669E-2 1.88378E-2 1.86173E-2 1.8429E-2 1.81887E-2 1.79774E-2 1.77718E-2 1.7571E-2
-9999 -9999 -9999 -9999 -9999 -9999 -9999 -9999 -9999 -9999 -9999 -9999 -9999 -9999 -9999 -9999 2.26513E-1 2.34524E-1 2.41944E-1 2.49752E-1 2.5781E-1 2.65806E-1 2.73995E-1 1.00172E-1 1.02387E-1 1.05842E-1 1.0961E-1 1.14136E-1 1.18064E-1 1.21337E-1 1.22476E-2 1.27686E-2 1.33009E-2 1.38711E-2 1.44741E-2 1.50901E-2 1.58207E-2 1.66212E-2 1.74456E-2 1.80106E-2 1.84425E-2 1.88984E-2 1.93623E-2 1.99203E-2 2.03693E-2 2.08922E-2 2.12762E-2 2.09776E-2 2.07221E-2 2.05029E-2 2.02504E-2 1.99703E-2 1.97288E-2 1.95241E-2 1.92586E-2 1.90323E-2 1.88068E-2 1.85865E-2 1.83698E-2 1.81583E-2 1.79471E-2 1.77384E-2 1.7541E-2
-9999 -9999 -9999 -9999 -9999 -9999 -9999 -9999 -9999 -9999 -9999 -9999 -9999 -9999 -9999 -9999 -9999 2.46726E-1 2.55828E-1 2.6165E-1 2.69739E-1 2.78061E-1 2.88221E-1 1.05369E-1 1.08151E-1 1.11656E-1 1.15635E-1 1.19084E-1 1.23074E-1 1.26369E-1 1.31114E-1 1.3271E-2 1.37792E-2 1.42855E-2 1.48353E-2 1.54338E-2 1.61087E-2 1.68064E-2 1.77035E-2 1.81179E-2 1.84918E-2 1.89164E-2 1.94318E-2 1.99053E-2 2.03362E-2 2.08532E-2 2.12033E-2 2.09381E-2 2.06794E-2 2.04604E-2 2.01798E-2 1.99352E-2 1.96939E-2 1.94894E-2 1.92267E-2 1.89981E-2 1.87696E-2 1.85495E-2 1.83359E-2 1.81255E-2 1.79169E-2 1.77115E-2 1.74806E-2
-9999 -9999 -9999 -9999 -9999 -9999 -9999 -9999 -9999 -9999 -9999 -9999 -9999 -9999 -9999 -9999 -9999 2.59471E-1 2.67911E-1 2.74776E-1 2.83366E-1 2.92002E-1 3.01351E-1 3.10191E-1 1.13763E-1 1.17824E-1 1.2156E-1 1.25653E-1 1.29513E-1 1.32992E-1 1.36682E-1 1.38625E-2 1.43698E-2 1.48196E-2 1.53466E-2 1.58932E-2 1.65371E-2 1.73196E-2 1.80077E-2 1.82953E-2 1.86405E-2 1.90807E-2 1.94725E-2 1.99173E-2 2.03343E-2 2.08779E-2 2.11602E-2 2.08987E-2 2.06403E-2 2.03921E-2 2.01413E-2 1.98935E-2 1.96557E-2 1.94244E-2 1.91924E-2 1.89641E-2 1.87358E-2 1.84867E-2 1.83026E-2 1.80885E-2 1.78778E-2 1.76479E-2 1.74485E-2
-9999 -9999 -9999 -9999 -9999 -9999 -9999 -9999 -9999 -9999 -9999 -9999 -9999 -9999 -9999 -9999 -9999 2.71553E-1 2.80186E-1 2.87477E-1 2.96413E-1 3.06541E-1 3.16091E-1 3.25298E-1 1.20031E-1 1.23906E-1 1.27767E-1 1.3207E-1 1.35697E-1 1.39774E-1 1.4382E-1 1.45843E-2 1.49824E-2 1.55877E-2 1.60003E-2 1.65297E-2 1.70905E-2 1.77926E-2 1.8488E-2 1.87417E-2 1.89331E-2 1.92563E-2 1.96223E-2 2.00235E-2 2.04287E-2 2.08921E-2 2.11517E-2 2.08642E-2 2.06042E-2 2.03534E-2 2.01029E-2 1.98555E-2 1.96208E-2 1.93834E-2 1.91518E-2 1.89237E-2 1.87021E-2 1.84537E-2 1.82663E-2 1.80526E-2 1.78166E-2 1.7612E-2 1.74101E-2
-9999 -9999 -9999 -9999 -9999 -9999 -9999 -9999 -9999 -9999 -9999 -9999 -9999 -9999 -9999 -9999 -9999 2.84205E-1 2.92256E-1 2.99483E-1 3.09894E-1 3.19243E-1 3.29117E-1 3.38636E-1 1.26277E-1 1.30281E-1 1.33843E-1 1.38192E-1 1.42958E-1 1.46263E-1 1.50496E-1 1.54758E-1 1.58796E-2 1.63498E-2 1.66725E-2 1.72083E-2 1.78751E-2 1.84534E-2 1.90633E-2 1.91793E-2 1.94177E-2 1.96826E-2 1.98828E-2 2.01762E-2 2.05596E-2 2.09569E-2 2.11654E-2 2.0867E-2 2.05492E-2 2.03116E-2 2.0068E-2 1.98238E-2 1.95524E-2 1.93494E-2 1.9118E-2 1.88902E-2 1.86358E-2 1.8414E-2 1.82335E-2 1.802E-2 1.77845E-2 1.75771E-2 1.73782E-2
-9999 -9999 -9999 -9999 -9999 -9999 -9999 -9999 -9999 -9999 -9999 -9999 -9999 -9999 -9999 -9999 -9999 2.97352E-1 3.06683E-1 3.15753E-1 3.24004E-1 3.33564E-1 3.43797E-1 3.52818E-1 3.62525E-1 1.37042E-1 1.41297E-1 1.46523E-1 1.50919E-1 1.53768E-1 1.58121E-1 1.63172E-1 1.67566E-2 1.72432E-2 1.76298E-2 1.81871E-2 1.87798E-2 1.92887E-2 1.98891E-2 1.99443E-2 2.00281E-2 2.01791E-2 2.03983E-2 2.05994E-2 2.08429E-2 2.11291E-2 2.12897E-2 2.08682E-2 2.05546E-2 2.03068E-2 2.00333E-2 1.97453E-2 1.95083E-2 1.9309E-2 1.90779E-2 1.88239E-2 1.85964E-2 1.83778E-2 1.81913E-2 1.7953E-2 1.7749E-2 1.75419E-2 1.734E-2
-9999 -9999 -9999 -9999 -9999 -9999 -9999 -9999 -9999 -9999 -9999 -9999 -9999 -9999 -9999 -9999 -9999 3.11117E-1 3.20282E-1 3.30036E-1 3.39871E-1 3.49808E-1 3.5978E-1 3.70383E-1 3.78507E-1 1.44024E-1 1.48511E-1 1.54003E-1 1.58624E-1 1.62315E-1 1.67931E-1 1.71508E-1 1.76822E-2 1.81981E-2 1.86763E-2 1.92001E-2 1.97896E-2 2.03249E-2 2.08293E-2 2.08327E-2 2.08729E-2 2.09736E-2 2.09931E-2 2.1171E-2 2.1336E-2 2.15539E-2 2.15228E-2 2.1021E-2 2.06506E-2 2.03289E-2 2.00044E-2 1.97321E-2 1.94666E-2 1.92653E-2 1.90047E-2 1.87813E-2 1.85571E-2 1.83392E-2 1.81271E-2 1.79145E-2 1.77075E-2 1.75008E-2 1.73026E-2
-9999 -9999 -9999 -9999 -9999 -9999 -9999 -9999 -9999 -9999 -9999 -9999 -9999 -9999 -9999 -9999 -9999 -9999 3.36666E-1 3.44821E-1 3.55004E-1 3.65258E-1 3.77363E-1 3.87754E-1 3.96165E-1 1.52165E-1 1.56751E-1 1.61829E-1 1.66678E-1 1.70547E-1 1.76003E-1 1.80876E-1 1.86382E-1 1.9307E-2 1.97116E-2 2.02675E-2 2.08953E-2 2.13953E-2 2.20365E-2 2.19252E-2 2.19033E-2 2.1938E-2 2.19464E-2 2.19725E-2 2.19782E-2 2.20869E-2 2.19694E-2 2.13887E-2 2.08552E-2 2.0481E-2 2.00605E-2 1.97422E-2 1.94699E-2 1.92093E-2 1.89648E-2 1.87379E-2 1.85116E-2 1.8297E-2 1.80856E-2 1.78762E-2 1.76671E-2 1.74631E-2 1.72349E-2
-9999 -9999 -9999 -9999 -9999 -9999 -9999 -9999 -9999 -9999 -9999 -9999 -9999 -9999 -9999 -9999 -9999 -9999 3.52913E-1 3.61376E-1 3.71941E-1 3.82341E-1 3.93701E-1 4.04236E-1 4.12915E-1 4.24775E-1 1.65457E-1 1.70806E-1 1.7594E-1 1.79719E-1 1.84895E-1 1.90031E-1 1.95682E-1 2.03167E-2 2.09034E-2 2.14972E-2 2.21636E-2 2.27275E-2 2.3237E-2 2.3125E-2 2.30714E-2 2.30655E-2 2.30358E-2 2.30523E-2 2.29924E-2 2.28873E-2 2.25731E-2 2.18929E-2 2.13115E-2 2.07116E-2 2.02324E-2 1.9875E-2 1.95232E-2 1.9213E-2 1.89525E-2 1.87002E-2 1.84725E-2 1.82263E-2 1.80434E-2 1.78318E-2 1.76231E-2 1.73955E-2 1.71948E-2
-9999 -9999 -9999 -9999 -9999 -9999 -9999 -9999 -9999 -9999 -9999 -9999 -9999 -9999 -9999 -9999 -9999 -9999 -9999 3.75955E-1 3.88669E-1 3.98973E-1 4.09045E-1 4.2005E-1 4.29985E-1 4.40997E-1 1.73151E-1 1.78738E-1 1.8356E-1 1.88961E-1 1.9348E-1 1.9883E-1 2.04102E-1 2.14929E-2 2.19737E-2 2.25867E-2 2.32184E-2 2.39997E-2 2.44009E-2 2.42809E-2 2.42966E-2 2.42259E-2 2.41427E-2 2.40512E-2 2.39486E-2 2.39008E-2 2.33918E-2 2.25612E-2 2.17493E-2 2.11535E-2 2.05828E-2 2.00796E-2 1.96408E-2 1.92914E-2 1.89594E-2 1.87E-2 1.84208E-2 1.8188E-2 1.80029E-2 1.77941E-2 1.75577E-2 1.73552E-2 1.71579E-2
-9999 -9999 -9999 -9999 -9999 -9999 -9999 -9999 -9999 -9999 -9999 -9999 -9999 -9999 -9999 -9999 -9999 -9999 -9999 -9999 4.04762E-1 4.15877E-1 4.27695E-1 4.39063E-1 4.49496E-1 4.59095E-1 1.81925E-1 1.87354E-1 1.94007E-1 1.98406E-1 2.03995E-1 2.0963E-1 2.16575E-1 2.21262E-1 2.32039E-2 2.38569E-2 2.46912E-2 2.53578E-2 2.58592E-2 2.57443E-2 2.56743E-2 2.55666E-2 2.54832E-2 2.53872E-2 2.51823E-2 2.50159E-2 2.45272E-2 2.35446E-2 2.26284E-2 2.17806E-2 2.10782E-2 2.05066E-2 1.99149E-2 1.94484E-2 1.90871E-2 1.8749E-2 1.84247E-2 1.81747E-2 1.79664E-2 1.77227E-2 1.75173E-2 1.73122E-2 1.71126E-2
-9999 -9999 -9999 -9999 -9999 -9999 -9999 -9999 -9999 -9999 -9999 -9999 -9999 -9999 -9999 -9999 -9999 -9999 -9999 -9999 -9999 4.33376E-1 4.45555E-1 4.5847E-1 4.67706E-1 4.79116E-1 4.90524E-1 1.98881E-1 2.03843E-1 2.08466E-1 2.14235E-1 2.20882E-1 2.27271E-1 2.33267E-1 2.46349E-2 2.54224E-2 2.60806E-2 2.67909E-2 2.72823E-2 2.71532E-2 2.70961E-2 2.71174E-2 2.70269E-2 2.6921E-2 2.65896E-2 2.64E-2 2.57562E-2 2.45709E-2 2.36379E-2 2.27827E-2 2.19198E-2 2.11066E-2 2.03911E-2 1.98678E-2 1.93316E-2 1.88464E-2 1.852E-2 1.81961E-2 1.79634E-2 1.76954E-2 1.74746E-2 1.72694E-2 1.70701E-2
-9999 -9999 -9999 -9999 -9999 -9999 -9999 -9999 -9999 -9999 -9999 -9999 -9999 -9999 -9999 -9999 -9999 -9999 -9999 -9999 -9999 -9999 4.64629E-1 4.76853E-1 4.86323E-1 4.98003E-1 5.09407E-1 2.08925E-1 2.14905E-1 2.19767E-1 2.26736E-1 2.31749E-1 2.38554E-1 2.44731E-1 2.50414E-1 2.68509E-2 2.76795E-2 2.84354E-2 2.88284E-2 2.86519E-2 2.85892E-2 2.86144E-2 2.84372E-2 2.84182E-2 2.82129E-2 2.80168E-2 2.71507E-2 2.58867E-2 2.47901E-2 2.38133E-2 2.27917E-2 2.19884E-2 2.11608E-2 2.04371E-2 1.97194E-2 1.91756E-2 1.87058E-2 1.83226E-2 1.79833E-2 1.76993E-2 1.74589E-2 1.72316E-2 1.70279E-2
-9999 -9999 -9999 -9999 -9999 -9999 -9999 -9999 -9999 -9999 -9999 -9999 -9999 -9999 -9999 -9999 -9999 -9999 -9999 -9999 -9999 -9999 4.85561E-1 4.97615E-1 5.07071E-1 5.17421E-1 5.30329E-1 2.19408E-1 2.2567E-1 2.30752E-1 2.3792E-1 2.44446E-1 2.51457E-1 2.56747E-1 2.62698E-1 2.83757E-2 2.9255E-2 2.99673E-2 3.05049E-2 3.03743E-2 3.0324E-2 3.01041E-2 3.01052E-2 2.99999E-2 2.97967E-2 2.95807E-2 2.8625E-2 2.74341E-2 2.62814E-2 2.504E-2 2.38701E-2 2.29874E-2 2.20985E-2 2.11689E-2 2.03851E-2 1.96891E-2 1.91732E-2 1.8569E-2 1.81259E-2 1.77935E-2 1.74778E-2 1.7228E-2 1.69739E-2
-9999 -9999 -9999 -9999 -9999 -9999 -9999 -9999 -9999 -9999 -9999 -9999 -9999 -9999 -9999 -9999 -9999 -9999 -9999 -9999 -9999 -9999 -9999 5.15292E-1 5.24964E-1 5.38662E-1 5.50498E-1 5.61482E-1 2.36034E-1 2.421E-1 2.48705E-1 2.55374E-1 2.62648E-1 2.70295E-1 2.75492E-1 2.8113E-1 3.07712E-2 3.17144E-2 3.20374E-2 3.19053E-2 3.18481E-2 3.18808E-2 3.17913E-2 3.1533E-2 3.13165E-2 3.10547E-2 3.00306E-2 2.87918E-2 2.75845E-2 2.6317E-2 2.51849E-2 2.40662E-2 2.30267E-2 2.2043E-2 2.11766E-2 2.03536E-2 1.96692E-2 1.89817E-2 1.84815E-2 1.79477E-2 1.75898E-2 1.72449E-2 1.6972E-2
-9999 -9999 -9999 -9999 -9999 -9999 -9999 -9999 -9999 -9999 -9999 -9999 -9999 -9999 -9999 -9999 -9999 -9999 -9999 -9999 -9999 -9999 -9999 5.34885E-1 5.46519E-1 5.58669E-1 5.70681E-1 5.83468E-1 2.48284E-1 2.55191E-1 2.61077E-1 2.67884E-1 2.74872E-1 2.8347E-1 2.88929E-1 2.95975E-1 3.27927E-2 3.37011E-2 3.38123E-2 3.36711E-2 3.36121E-2 3.36468E-2 3.35585E-2 3.34637E-2 3.32282E-2 3.29514E-2 3.16587E-2 3.03589E-2 2.89849E-2 2.7764E-2 2.65762E-2 2.55276E-2 2.428E-2 2.32434E-2 2.215E-2 2.12732E-2 2.03915E-2 1.96134E-2 1.89418E-2 1.83984E-2 1.78158E-2 1.73944E-2 1.70591E-2
