app/enm/output/Alcedo_atthis/Alcedo_atthis.asc
ncols         365
nrows         372
xllcorner     10.224615574
yllcorner     43.742729801
cellsize      5.0E-4
NODATA_value  -9999
[rows 56 to 83 of 372, columns 63 to 125 of 365]
1.18594E-2 1.24798E-2 1.31127E-2 4.33793E-2 4.57779E-2 4.82024E-2 5.09995E-2 4.41584E-2 4.76009E-2 6.19583E-2 6.56218E-2 6.99176E-2 7.50245E-2 8.01686E-2 8.58251E-2 9.15164E-2 1.0048E-1 1.07691E-1 1.15985E-1 1.24319E-1 1.35644E-1 1.46727E-1 1.58483E-1 1.71965E-1 1.88085E-1 2.07034E-1 2.25617E-1 2.45247E-1 2.68552E-1 2.93331E-1 3.2058E-1 3.50563E-1 3.84467E-1 4.29034E-1 4.64627E-1 5.06778E-1 5.51642E-1 6.01166E-1 6.14807E-1 6.24779E-1 6.37577E-1 6.67861E-1 6.86572E-1 7.06731E-1 7.22248E-1 7.50244E-1 7.73613E-1 7.97667E-1 4.26314E-1 4.53434E-1 4.80199E-1 5.16049E-1 5.5177E-1 -9999 -9999 -9999 -9999 -9999 -9999 -9999 -9999 -9999 -9999
1.05664E-2 1.10935E-2 3.654E-2 3.87653E-2 4.08438E-2 3.50104E-2 3.69521E-2 3.92139E-2 4.15256E-2 4.40325E-2 4.65539E-2 5.04673E-2 6.55301E-2 6.98521E-2 7.45508E-2 7.99646E-2 8.56391E-2 9.15316E-2 9.83121E-2 1.07606E-1 1.15935E-1 1.25112E-1 1.34756E-1 1.46389E-1 1.58697E-1 1.72265E-1 1.87287E-1 2.06997E-1 2.2733E-1 2.46289E-1 2.689E-1 2.93977E-1 3.24238E-1 3.54748E-1 3.84948E-1 4.27881E-1 4.71441E-1 5.14433E-1 5.60105E-1 5.7993E-1 5.98568E-1 6.13567E-1 6.3002E-1 6.52558E-1 6.7175E-1 6.89353E-1 7.14547E-1 7.37837E-1 3.65071E-1 3.84567E-1 4.09043E-1 4.45229E-1 4.75894E-1 5.06621E-1 -9999 -9999 -9999 -9999 -9999 -9999 -9999 -9999 -9999
9.58784E-3 3.1407E-2 3.30287E-2 3.46544E-2 2.98618E-2 3.14368E-2 3.33272E-2 3.50585E-2 3.70212E-2 3.91699E-2 4.16056E-2 4.41348E-2 4.67293E-2 5.03114E-2 5.37826E-2 5.73813E-2 7.49432E-2 7.99007E-2 8.58955E-2 9.21426E-2 9.89999E-2 1.07711E-1 1.16534E-1 1.26654E-1 1.36139E-1 1.47455E-1 1.59919E-1 1.74976E-1 1.90379E-1 2.08456E-1 2.28234E-1 2.51224E-1 2.74739E-1 3.00492E-1 3.26337E-1 3.57443E-1 3.94649E-1 4.37644E-1 4.79917E-1 5.19585E-1 5.58119E-1 5.74193E-1 5.88306E-1 6.03933E-1 6.17614E-1 6.44087E-1 6.64209E-1 6.8582E-1 3.20848E-1 3.39087E-1 3.59658E-1 3.85086E-1 4.08078E-1 4.45464E-1 4.74878E-1 -9999 -9999 -9999 -9999 -9999 -9999 -9999 -9999
2.73199E-2 2.86902E-2 2.99075E-2 2.55146E-2 2.6751E-2 2.81583E-2 2.95879E-2 3.13485E-2 3.30293E-2 3.49544E-2 3.69297E-2 3.90692E-2 4.12261E-2 4.38718E-2 4.68155E-2 5.01893E-2 5.35034E-2 5.68911E-2 6.13214E-2 6.53521E-2 7.00475E-2 7.52209E-2 8.13896E-2 8.80807E-2 9.54972E-2 1.03283E-1 1.12574E-1 1.22188E-1 1.32811E-1 1.43577E-1 1.56542E-1 1.73425E-1 2.30329E-1 2.51724E-1 2.73127E-1 3.02536E-1 3.30321E-1 3.61975E-1 3.96664E-1 4.37025E-1 4.84654E-1 5.27382E-1 5.3946E-1 5.49348E-1 5.63689E-1 5.79319E-1 5.99822E-1 6.12175E-1 6.47112E-1 2.91407E-1 3.07677E-1 3.26146E-1 3.51888E-1 3.69736E-1 3.95716E-1 4.22147E-1 -9999 -9999 -9999 -9999 -9999 -9999 -9999
2.4759E-2 2.591E-2 2.20576E-2 2.30415E-2 2.41644E-2 2.52986E-2 2.65226E-2 2.77442E-2 2.92406E-2 3.08564E-2 3.27564E-2 3.45565E-2 3.6387E-2 3.87723E-2 4.10677E-2 4.34013E-2 4.61151E-2 4.9266E-2 5.31898E-2 5.64974E-2 6.04065E-2 6.5008E-2 6.97557E-2 7.49312E-2 8.01766E-2 8.64225E-2 9.56315E-2 1.0311E-1 1.11797E-1 1.20499E-1 1.32464E-1 1.44215E-1 1.56831E-1 1.71432E-1 1.91512E-1 2.51687E-1 2.74652E-1 3.01016E-1 3.31054E-1 3.63044E-1 3.98289E-1 4.35204E-1 4.85994E-1 5.09467E-1 5.16855E-1 5.29717E-1 5.44116E-1 5.65215E-1 5.82904E-1 2.49725E-1 2.65776E-1 2.84275E-1 3.01009E-1 3.15073E-1 3.35877E-1 3.62575E-1 3.9221E-1 4.22529E-1 -9999 -9999 -9999 -9999 -9999
2.2605E-2 1.91318E-2 1.98546E-2 2.06931E-2 2.18984E-2 2.28188E-2 2.38565E-2 2.48956E-2 2.62447E-2 2.75495E-2 2.88551E-2 3.03577E-2 3.20938E-2 3.42305E-2 3.6177E-2 3.81256E-2 4.04011E-2 4.30179E-2 4.57321E-2 4.84448E-2 5.16293E-2 5.6293E-2 6.0007E-2 6.4264E-2 6.85833E-2 7.43955E-2 8.00956E-2 8.60675E-2 9.2962E-2 1.02548E-1 1.1117E-1 1.20764E-1 1.30893E-1 1.43162E-1 1.56293E-1 1.7091E-1 1.86524E-1 2.50556E-1 2.76796E-1 3.01023E-1 3.30265E-1 3.62653E-1 4.01303E-1 4.40359E-1 4.70715E-1 4.84548E-1 5.0071E-1 5.14058E-1 5.2867E-1 2.17705E-1 2.28706E-1 2.41615E-1 2.54437E-1 2.68696E-1 2.89493E-1 3.06191E-1 3.30089E-1 3.54384E-1 3.8215E-1 -9999 -9999 -9999 -9999
1.68487E-2 1.74728E-2 1.80908E-2 1.89048E-2 1.96762E-2 2.04583E-2 2.13377E-2 2.25411E-2 2.35753E-2 2.46788E-2 2.58047E-2 2.70707E-2 2.85371E-2 3.00158E-2 3.16331E-2 3.33765E-2 3.57665E-2 3.77222E-2 3.99869E-2 4.22459E-2 4.52418E-2 4.81513E-2 5.11613E-2 5.46159E-2 5.94399E-2 6.36781E-2 6.83469E-2 7.31849E-2 7.90966E-2 8.53364E-2 9.22113E-2 9.97999E-2 1.09976E-1 1.20325E-1 1.30127E-1 1.41866E-1 1.54954E-1 1.70912E-1 2.25327E-1 2.44805E-1 2.73127E-1 3.02145E-1 3.31891E-1 3.64665E-1 3.97248E-1 4.41151E-1 4.53612E-1 4.63724E-1 4.79533E-1 4.92777E-1 1.9917E-1 2.09302E-1 2.19075E-1 2.30119E-1 2.40938E-1 2.53358E-1 2.77797E-1 2.96959E-1 3.16514E-1 3.41236E-1 -9999 -9999 -9999
1.54029E-2 1.60041E-2 1.66606E-2 1.73179E-2 1.79828E-2 1.86658E-2 1.9437E-2 2.02927E-2 2.11644E-2 2.22221E-2 2.32795E-2 2.4516E-2 2.56271E-2 2.68936E-2 2.82613E-2 2.9856E-2 3.14632E-2 3.33212E-2 3.53673E-2 3.75664E-2 3.98154E-2 4.22836E-2 4.47763E-2 4.78695E-2 5.10284E-2 5.45342E-2 5.91625E-2 6.34118E-2 6.84412E-2 7.32284E-2 7.89012E-2 8.51485E-2 9.26838E-2 1.00402E-1 1.10032E-1 1.19628E-1 1.31255E-1 1.43296E-1 1.56714E-1 1.70265E-1 1.89001E-1 2.10003E-1 2.77318E-1 3.04637E-1 3.34985E-1 3.69586E-1 4.05232E-1 4.29142E-1 4.3826E-1 4.52645E-1 4.61772E-1 1.86028E-1 1.93581E-1 2.00635E-1 2.10481E-1 2.21737E-1 2.36372E-1 2.55036E-1 2.70324E-1 2.90053E-1 -9999 -9999 -9999
1.42473E-2 1.47246E-2 1.52486E-2 1.58518E-2 1.64902E-2 1.70786E-2 1.78202E-2 1.84701E-2 1.92286E-2 2.00361E-2 2.09615E-2 2.18895E-2 2.30439E-2 2.41298E-2 2.53829E-2 2.66362E-2 2.80032E-2 2.93632E-2 3.10588E-2 3.27655E-2 3.50434E-2 3.70893E-2 3.93296E-2 4.19052E-2 4.43934E-2 4.72535E-2 5.04218E-2 5.41255E-2 5.87482E-2 6.26585E-2 6.7305E-2 7.31057E-2 7.85125E-2 8.47604E-2 9.11345E-2 9.93845E-2 1.09713E-1 1.1938E-1 1.30151E-1 1.42145E-1 1.56085E-1 1.70436E-1 1.87131E-1 2.46861E-1 2.77062E-1 3.04604E-1 3.33932E-1 3.67538E-1 3.94094E-1 4.01711E-1 4.10629E-1 4.23491E-1 1.65965E-1 1.7228E-1 1.79541E-1 1.87917E-1 1.9743E-1 2.11664E-1 2.2112E-1 2.35673E-1 2.56674E-1 -9999 -9999
1.31684E-2 1.36357E-2 1.40301E-2 1.44914E-2 1.49875E-2 1.55614E-2 1.62551E-2 1.68087E-2 1.7462E-2 1.82099E-2 1.89479E-2 1.97411E-2 2.05262E-2 2.15021E-2 2.26273E-2 2.37732E-2 2.49212E-2 2.61629E-2 2.75667E-2 2.89317E-2 3.04902E-2 3.21822E-2 3.41321E-2 3.65641E-2 3.86267E-2 4.10055E-2 4.37909E-2 4.66304E-2 4.97518E-2 5.29235E-2 5.69371E-2 6.21554E-2 6.65465E-2 7.16264E-2 7.72343E-2 8.3722E-2 9.02956E-2 9.7892E-2 1.06291E-1 1.18111E-1 1.28821E-1 1.40229E-1 1.53497E-1 1.68994E-1 2.23328E-1 2.45174E-1 2.68538E-1 3.01885E-1 3.35478E-1 3.65607E-1 3.72131E-1 3.79636E-1 3.92052E-1 1.48353E-1 1.53524E-1 1.61602E-1 1.70963E-1 1.79379E-1 1.86172E-1 1.97025E-1 2.11166E-1 -9999 -9999
1.21787E-2 1.26117E-2 1.29541E-2 1.33557E-2 1.38252E-2 1.4277E-2 1.47641E-2 1.5233E-2 1.5828E-2 1.65741E-2 1.71832E-2 1.7861E-2 1.85912E-2 1.94013E-2 2.02379E-2 2.10887E-2 2.20452E-2 2.3378E-2 2.45022E-2 2.56564E-2 2.69634E-2 2.84602E-2 2.99905E-2 3.16483E-2 3.3339E-2 3.55623E-2 3.81675E-2 4.03847E-2 4.29438E-2 4.5561E-2 4.90062E-2 5.23679E-2 5.58563E-2 6.01424E-2 6.55777E-2 7.0619E-2 7.58503E-2 8.19986E-2 8.90809E-2 9.66142E-2 1.04935E-1 1.14296E-1 1.26825E-1 1.39725E-1 1.51877E-1 2.01012E-1 2.20416E-1 2.44121E-1 2.68578E-1 2.94363E-1 3.29365E-1 3.47061E-1 3.5345E-1 3.5725E-1 1.34094E-1 1.3893E-1 1.45155E-1 1.49796E-1 1.5785E-1 1.66876E-1 1.76199E-1 1.886E-1 -9999
1.13276E-2 1.16275E-2 1.19155E-2 1.2347E-2 1.27646E-2 1.31445E-2 1.35614E-2 1.39594E-2 1.44973E-2 1.50031E-2 1.55184E-2 1.6093E-2 1.68719E-2 1.75344E-2 1.8248E-2 1.89709E-2 1.9833E-2 2.07003E-2 2.1648E-2 2.25996E-2 2.39937E-2 2.52827E-2 2.64749E-2 2.78719E-2 2.92941E-2 3.11263E-2 3.29007E-2 3.46965E-2 3.72467E-2 3.97157E-2 4.22493E-2 4.49975E-2 4.78415E-2 5.13323E-2 5.49744E-2 5.89817E-2 6.40761E-2 6.92472E-2 7.51585E-2 8.07693E-2 8.74436E-2 9.48755E-2 1.03812E-1 1.13091E-1 1.24708E-1 1.65188E-1 1.82048E-1 1.99576E-1 2.19059E-1 2.38913E-1 2.66115E-1 2.9243E-1 3.20188E-1 3.22142E-1 3.2891E-1 1.21456E-1 1.2602E-1 1.30148E-1 1.33886E-1 1.39475E-1 1.48229E-1 1.5746E-1 1.65205E-1
1.06077E-2 1.08553E-2 1.11049E-2 1.14398E-2 1.17577E-2 1.21295E-2 1.25458E-2 1.29394E-2 1.33491E-2 1.37895E-2 1.42399E-2 1.47327E-2 1.52836E-2 1.58467E-2 1.65329E-2 1.72284E-2 1.80198E-2 1.87113E-2 1.95106E-2 2.03352E-2 2.13853E-2 2.23906E-2 2.35474E-2 2.48183E-2 2.61961E-2 2.75755E-2 2.90634E-2 3.05801E-2 3.24525E-2 3.43605E-2 3.67522E-2 3.92179E-2 4.17306E-2 4.46775E-2 4.7496E-2 5.07914E-2 5.44142E-2 5.86774E-2 6.38225E-2 6.86544E-2 7.41059E-2 8.06407E-2 8.73824E-2 9.48384E-2 1.02507E-1 1.37102E-1 1.51127E-1 1.6587E-1 1.81642E-1 1.99934E-1 2.19746E-1 2.40979E-1 2.65594E-1 2.94137E-1 3.03688E-1 1.09289E-1 1.12679E-1 1.15604E-1 1.18109E-1 1.22121E-1 1.26938E-1 1.33697E-1 1.446E-1
1.0037E-2 1.023E-2 1.04411E-2 1.06858E-2 1.09649E-2 1.12579E-2 1.15691E-2 1.18982E-2 1.23416E-2 1.2719E-2 1.31114E-2 1.3596E-2 1.40066E-2 1.449E-2 1.50093E-2 1.5623E-2 1.62844E-2 1.69394E-2 1.7634E-2 1.84314E-2 1.92266E-2 2.00854E-2 2.09202E-2 2.19762E-2 2.31289E-2 2.44493E-2 2.57091E-2 2.70731E-2 2.863E-2 3.01177E-2 3.18579E-2 3.37229E-2 3.59113E-2 3.86563E-2 4.09764E-2 4.36776E-2 4.68328E-2 5.00997E-2 5.36922E-2 5.73462E-2 6.24887E-2 6.78549E-2 7.32755E-2 7.92547E-2 8.62455E-2 1.14046E-1 1.23486E-1 1.34467E-1 1.4735E-1 1.6397E-1 1.79734E-1 1.96546E-1 2.16007E-1 2.38746E-1 2.63361E-1 2.72099E-1 9.70238E-2 1.00974E-1 1.02113E-1 1.04847E-1 1.08049E-1 1.1341E-1 1.18034E-1
9.45087E-3 9.61587E-3 9.77935E-3 1.00179E-2 1.02195E-2 1.0468E-2 1.07678E-2 1.10184E-2 1.1321E-2 1.16411E-2 1.20263E-2 1.24809E-2 1.28365E-2 1.32484E-2 1.37373E-2 1.42175E-2 1.47242E-2 1.52099E-2 1.58403E-2 1.66198E-2 1.72857E-2 1.80138E-2 1.87867E-2 1.96549E-2 2.05046E-2 2.14715E-2 2.24987E-2 2.37741E-2 2.51768E-2 2.64398E-2 2.787E-2 2.96324E-2 3.12208E-2 3.30634E-2 3.4949E-2 3.75524E-2 4.01939E-2 4.28585E-2 4.57799E-2 4.89617E-2 5.26941E-2 5.63436E-2 6.05869E-2 6.6332E-2 8.77875E-2 9.49188E-2 1.02461E-1 1.1119E-1 1.22195E-1 1.32221E-1 1.44316E-1 1.60146E-1 1.77664E-1 1.93503E-1 2.12993E-1 2.34658E-1 2.51734E-1 8.86363E-2 8.90381E-2 9.16915E-2 9.38147E-2 9.75091E-2 1.00669E-1
8.97733E-3 9.13051E-3 9.25244E-3 9.40622E-3 9.56979E-3 9.80308E-3 1.00252E-2 1.02412E-2 1.04978E-2 1.08112E-2 1.11052E-2 1.14172E-2 1.1715E-2 1.21032E-2 1.25905E-2 1.29842E-2 1.34248E-2 1.38827E-2 1.43903E-2 1.49039E-2 1.54646E-2 1.60701E-2 1.68987E-2 1.76063E-2 1.83371E-2 1.91453E-2 2.01233E-2 2.09909E-2 2.20183E-2 2.30553E-2 2.46565E-2 2.59679E-2 2.72805E-2 2.88045E-2 3.0475E-2 3.23847E-2 3.42366E-2 3.63607E-2 3.92378E-2 4.199E-2 4.48687E-2 4.78184E-2 6.27077E-2 6.78767E-2 7.26364E-2 7.8229E-2 8.54761E-2 9.33555E-2 1.01192E-1 1.09171E-1 1.18757E-1 1.2935E-1 1.42347E-1 1.54584E-1 1.72709E-1 1.89756E-1 2.10538E-1 2.30554E-1 7.94222E-2 8.03265E-2 8.16369E-2 8.39072E-2 8.68931E-2
8.55944E-3 8.67356E-3 8.77401E-3 8.90429E-3 9.06804E-3 9.21673E-3 9.3749E-3 9.51735E-3 9.79939E-3 1.00355E-2 1.02915E-2 1.05632E-2 1.08494E-2 1.11586E-2 1.14786E-2 1.18227E-2 1.22379E-2 1.26853E-2 1.31049E-2 1.35487E-2 1.40267E-2 1.46091E-2 1.51108E-2 1.56969E-2 1.63101E-2 1.71701E-2 1.79758E-2 1.87048E-2 1.95626E-2 2.0475E-2 2.15514E-2 2.26177E-2 2.36915E-2 2.52401E-2 2.67086E-2 2.81938E-2 2.9723E-2 3.14768E-2 4.12485E-2 4.3656E-2 4.6456E-2 5.00011E-2 5.36049E-2 5.75875E-2 6.14363E-2 6.59625E-2 7.08973E-2 7.68313E-2 8.29059E-2 9.06523E-2 9.82448E-2 1.07374E-1 1.16844E-1 1.26533E-1 1.38147E-1 1.52937E-1 1.67137E-1 1.87273E-1 2.04563E-1 2.10509E-1 7.25943E-2 7.40208E-2 7.51098E-2
8.14557E-3 8.24071E-3 8.32583E-3 8.49214E-3 8.59942E-3 8.73659E-3 8.87096E-3 9.01501E-3 9.16177E-3 9.32604E-3 9.55628E-3 9.83099E-3 1.00796E-2 1.03425E-2 1.06203E-2 1.09206E-2 1.12767E-2 1.15804E-2 1.19846E-2 1.24194E-2 1.28426E-2 1.33281E-2 1.3753E-2 1.42627E-2 1.47847E-2 1.54378E-2 1.60644E-2 1.68372E-2 1.75677E-2 1.84115E-2 1.92627E-2 2.01683E-2 2.10761E-2 2.22094E-2 2.86707E-2 3.05316E-2 3.2089E-2 3.4011E-2 3.61016E-2 3.81039E-2 4.04339E-2 4.29821E-2 4.59169E-2 4.96585E-2 5.28343E-2 5.65433E-2 6.0902E-2 6.54089E-2 7.03785E-2 7.54496E-2 8.22938E-2 9.01591E-2 9.7805E-2 1.0558E-1 1.16188E-1 1.26722E-1 1.37984E-1 1.51208E-1 1.66607E-1 1.86823E-1 1.95529E-1 6.73915E-2 6.73234E-2
7.8247E-3 7.90708E-3 7.97067E-3 8.07309E-3 8.19971E-3 8.32007E-3 8.43317E-3 8.54987E-3 8.67895E-3 8.81744E-3 8.97021E-3 9.13019E-3 9.34164E-3 9.63121E-3 9.87248E-3 1.01286E-2 1.04394E-2 1.0695E-2 1.10042E-2 1.13287E-2 1.17283E-2 1.22023E-2 1.25614E-2 1.2996E-2 1.35111E-2 1.40085E-2 1.45336E-2 1.50544E-2 1.57186E-2 2.03162E-2 2.11906E-2 2.21322E-2 2.31491E-2 2.4284E-2 2.54041E-2 2.66752E-2 2.80443E-2 2.99642E-2 3.16072E-2 3.33008E-2 3.52151E-2 3.74437E-2 3.97222E-2 4.22435E-2 4.47902E-2 4.88223E-2 5.1966E-2 5.56375E-2 5.96342E-2 6.43255E-2 6.92299E-2 7.43363E-2 8.03137E-2 8.87392E-2 9.62344E-2 1.04582E-1 1.13427E-1 1.24258E-1 1.35893E-1 1.48892E-1 1.63475E-1 1.77315E-1 1.79006E-1
7.54773E-3 7.57993E-3 7.63824E-3 7.7121E-3 7.79166E-3 7.88825E-3 7.98228E-3 8.10057E-3 8.21918E-3 8.33563E-3 8.46424E-3 8.61458E-3 8.73228E-3 8.90598E-3 9.10846E-3 9.39791E-3 9.66045E-3 9.87344E-3 1.01399E-2 1.04581E-2 1.07633E-2 1.10859E-2 1.13861E-2 1.44958E-2 1.50959E-2 1.56214E-2 1.61691E-2 1.67689E-2 1.74232E-2 1.80838E-2 1.88082E-2 1.95977E-2 2.0678E-2 2.15929E-2 2.25494E-2 2.36057E-2 2.48064E-2 2.60559E-2 2.7402E-2 2.87894E-2 3.09305E-2 3.25495E-2 3.4452E-2 3.64912E-2 3.89004E-2 4.13587E-2 4.38486E-2 4.67643E-2 5.09042E-2 5.44814E-2 5.8449E-2 6.2533E-2 6.75561E-2 7.28489E-2 7.86958E-2 8.51932E-2 9.35957E-2 1.02757E-1 1.11243E-1 1.21354E-1 1.32695E-1 1.46503E-1 1.60913E-1
7.46839E-3 7.40706E-3 7.34443E-3 7.38904E-3 7.45749E-3 7.53595E-3 7.62373E-3 7.68599E-3 7.77071E-3 7.86693E-3 8.02845E-3 8.13991E-3 8.2401E-3 8.36662E-3 8.52974E-3 8.71152E-3 8.9075E-3 9.08865E-3 9.38744E-3 9.65449E-3 1.21871E-2 1.25219E-2 1.28836E-2 1.32736E-2 1.36775E-2 1.412E-2 1.46399E-2 1.52186E-2 1.57669E-2 1.63274E-2 1.69495E-2 1.76975E-2 1.83527E-2 1.91175E-2 1.99052E-2 2.11196E-2 2.20044E-2 2.30586E-2 2.41784E-2 2.54876E-2 2.6813E-2 2.81372E-2 2.96781E-2 3.18621E-2 3.37153E-2 3.57437E-2 3.7792E-2 4.01683E-2 4.31204E-2 4.58114E-2 4.91619E-2 5.29776E-2 5.73214E-2 6.13041E-2 6.59828E-2 7.11339E-2 7.7274E-2 8.3681E-2 9.0557E-2 9.97383E-2 1.0938E-1 1.19419E-1 1.30564E-1
7.41937E-3 7.33702E-3 7.26324E-3 7.19553E-3 7.13737E-3 7.22855E-3 7.28918E-3 7.33574E-3 7.40724E-3 7.50632E-3 7.59155E-3 7.6833E-3 7.75936E-3 7.92312E-3 8.03165E-3 8.16159E-3 8.30816E-3 8.48472E-3 1.06639E-2 1.09275E-2 1.11938E-2 1.15629E-2 1.18684E-2 1.21985E-2 1.25473E-2 1.29235E-2 1.33764E-2 1.37494E-2 1.42094E-2 1.47482E-2 1.5414E-2 1.59769E-2 1.65289E-2 1.71768E-2 1.79438E-2 1.86865E-2 1.94234E-2 2.03762E-2 2.15292E-2 2.25542E-2 2.36571E-2 2.47524E-2 2.60497E-2 2.76229E-2 2.90576E-2 3.0827E-2 3.27733E-2 3.49957E-2 3.716E-2 3.93676E-2 4.19339E-2 4.49326E-2 4.80382E-2 5.14167E-2 5.5716E-2 6.0201E-2 6.48089E-2 6.99032E-2 7.51141E-2 8.18061E-2 8.91286E-2 9.81274E-2 1.06909E-1
7.37531E-3 7.29288E-3 7.20652E-3 7.13151E-3 7.06618E-3 6.99669E-3 6.97054E-3 7.03087E-3 7.10707E-3 7.16107E-3 7.24265E-3 7.31723E-3 7.39792E-3 7.47515E-3 7.57322E-3 7.69679E-3 7.83483E-3 7.94711E-3 9.95814E-3 1.01873E-2 1.04221E-2 1.0703E-2 1.09272E-2 1.12451E-2 1.1593E-2 1.19626E-2 1.23087E-2 1.26355E-2 1.30282E-2 1.35012E-2 1.39503E-2 1.45024E-2 1.503E-2 1.55817E-2 1.62484E-2 1.68907E-2 1.75147E-2 1.82576E-2 1.91523E-2 2.01112E-2 2.11326E-2 2.20587E-2 2.32931E-2 2.44864E-2 2.57002E-2 2.70911E-2 2.86776E-2 3.05763E-2 3.25089E-2 3.43615E-2 3.65188E-2 3.89966E-2 4.15751E-2 4.41952E-2 4.72634E-2 5.15941E-2 5.5398E-2 5.95562E-2 6.3844E-2 6.95222E-2 7.51645E-2 8.11147E-2 8.80343E-2
7.36744E-3 7.27426E-3 7.17949E-3 7.0963E-3 7.00154E-3 6.93697E-3 6.8649E-3 6.79795E-3 6.80091E-3 6.87623E-3 6.94571E-3 7.00471E-3 7.0615E-3 7.13616E-3 7.21175E-3 7.30745E-3 7.40861E-3 7.51254E-3 9.38554E-3 9.54843E-3 9.73869E-3 9.98933E-3 1.01803E-2 3.30964E-3 3.39066E-3 3.49285E-3 3.61346E-3 1.16535E-2 1.1994E-2 1.23996E-2 1.27891E-2 1.32006E-2 1.35926E-2 1.4128E-2 1.47548E-2 1.53105E-2 1.58397E-2 1.65538E-2 1.72363E-2 1.79403E-2 1.87302E-2 1.9581E-2 2.07411E-2 2.17543E-2 2.27924E-2 2.39549E-2 2.52833E-2 2.66592E-2 2.8144E-2 2.9682E-2 3.20523E-2 3.38723E-2 3.6009E-2 3.81925E-2 4.104E-2 4.38215E-2 4.66787E-2 5.0024E-2 5.4751E-2 5.88782E-2 6.34272E-2 6.81993E-2 7.40654E-2
7.37696E-3 7.26826E-3 7.16646E-3 7.05279E-3 6.96506E-3 6.89184E-3 6.8086E-3 6.71777E-3 6.64513E-3 6.57778E-3 6.63315E-3 6.66951E-3 6.74591E-3 6.80507E-3 6.86972E-3 6.93581E-3 7.03201E-3 7.09383E-3 7.18126E-3 8.94709E-3 9.15342E-3 9.32521E-3 3.01038E-3 3.07586E-3 3.1588E-3 3.23438E-3 3.31426E-3 3.38859E-3 1.10379E-2 1.13899E-2 1.17265E-2 1.20819E-2 1.24575E-2 1.28698E-2 1.32977E-2 1.37652E-2 1.43194E-2 1.4944E-2 1.55243E-2 1.61277E-2 1.67974E-2 1.75412E-2 1.83187E-2 1.91561E-2 2.01043E-2 2.13407E-2 2.23299E-2 2.3487E-2 2.47394E-2 2.61961E-2 2.76826E-2 2.91693E-2 3.1031E-2 3.33463E-2 3.54568E-2 3.77562E-2 4.01046E-2 4.30385E-2 4.60478E-2 4.93864E-2 5.32531E-2 5.78911E-2 6.27436E-2
7.40026E-3 7.28249E-3 7.15453E-3 7.04539E-3 6.94305E-3 6.8625E-3 6.75711E-3 6.66701E-3 6.58698E-3 6.50746E-3 6.43302E-3 6.42086E-3 6.44285E-3 6.48445E-3 6.53437E-3 6.63456E-3 6.6994E-3 6.74614E-3 6.81699E-3 8.50393E-3 8.61092E-3 8.7212E-3 2.7994E-3 2.88138E-3 2.94128E-3 3.00618E-3 3.07514E-3 3.14964E-3 3.2264E-3 1.0433E-2 1.07153E-2 1.10985E-2 1.14296E-2 1.17794E-2 1.2149E-2 1.25471E-2 1.29757E-2 1.34357E-2 1.39322E-2 1.45767E-2 1.52152E-2 1.5778E-2 1.64376E-2 1.71496E-2 1.79858E-2 1.88135E-2 1.96386E-2 2.08164E-2 2.19628E-2 2.31098E-2 2.43612E-2 2.55939E-2 2.71641E-2 2.87649E-2 3.04815E-2 3.27842E-2 3.48717E-2 3.73172E-2 3.9652E-2 4.24127E-2 4.54172E-2 4.89258E-2 5.25808E-2
9.13197E-3 8.98415E-3 8.81051E-3 8.66669E-3 6.93617E-3 6.84814E-3 6.733E-3 6.63103E-3 6.53494E-3 6.45474E-3 6.37797E-3 6.30144E-3 6.22131E-3 6.23006E-3 6.28463E-3 6.32625E-3 6.37659E-3 6.41793E-3 6.51429E-3 6.58031E-3 8.18037E-3 8.27512E-3 8.37704E-3 2.6906E-3 2.73925E-3 2.79998E-3 2.87206E-3 2.93301E-3 3.00113E-3 9.69417E-3 9.93843E-3 1.02356E-2 1.04825E-2 1.08164E-2 1.11874E-2 1.1577E-2 1.19052E-2 1.23049E-2 1.27286E-2 1.3236E-2 1.37277E-2 1.42712E-2 1.49014E-2 1.55785E-2 1.62458E-2 1.69627E-2 1.76641E-2 1.85671E-2 1.94995E-2 2.05656E-2 2.17053E-2 2.28723E-2 2.4175E-2 2.54781E-2 2.69539E-2 2.85497E-2 3.04063E-2 3.25971E-2 3.47199E-2 3.70308E-2 3.98986E-2 4.25321E-2 4.55826E-2
9.22304E-3 9.03375E-3 8.86366E-3 8.69271E-3 8.55281E-3 8.41484E-3 8.27834E-3 6.62092E-3 6.51776E-3 6.42444E-3 6.33628E-3 6.2451E-3 6.16438E-3 6.09174E-3 6.028E-3 6.07538E-3 6.10961E-3 6.15153E-3 6.18692E-3 6.2497E-3 6.3349E-3 7.86694E-3 7.93971E-3 8.03355E-3 2.58327E-3 2.61942E-3 2.67542E-3 2.7205E-3 2.78506E-3 2.86169E-3 9.25941E-3 9.48259E-3 9.69363E-3 9.9479E-3 1.02687E-2 1.05668E-2 1.08793E-2 1.12639E-2 1.16815E-2 1.20721E-2 1.24977E-2 1.28986E-2 1.34431E-2 1.39817E-2 1.46562E-2 1.52752E-2 1.59321E-2 1.66712E-2 1.74452E-2 1.82464E-2 1.91445E-2 2.01479E-2 2.14347E-2 2.25386E-2 2.37878E-2 2.53323E-2 2.67087E-2 2.8331E-2 3.00035E-2 3.20198E-2 3.4708E-2 3.68932E-2 3.94784E-2
