app/enm/output/Alcedo_atthis/Alcedo_atthis.asc
ncols         365
nrows         372
xllcorner     10.224615574
yllcorner     43.742729801
cellsize      5.0E-4
NODATA_value  -9999
[rows 140 to 167 of 372, columns 189 to 251 of 365]
6.72284E-1 6.92847E-1 7.13439E-1 7.32372E-1 7.5735E-1 7.7651E-1 7.96277E-1 8.15576E-1 8.35202E-1 8.53199E-1 8.69514E-1 8.85826E-1 9.03369E-1 9.17421E-1 9.30314E-1 9.41376E-1 9.52411E-1 9.54614E-1 9.47625E-1 9.38498E-1 9.30726E-1 9.19968E-1 9.12647E-1 9.02855E-1 8.92596E-1 8.79408E-1 8.62065E-1 8.39807E-1 8.1582E-1 7.87179E-1 7.60487E-1 7.32838E-1 7.08043E-1 6.75546E-1 6.463E-1 6.1346E-1 5.84192E-1 5.55195E-1 5.26606E-1 4.98549E-1 4.7118E-1 4.44587E-1 4.15783E-1 3.91061E-1 3.67389E-1 3.44633E-1 3.20237E-1 3.02182E-1 2.82505E-1 2.63852E-1 2.41981E-1 3.46263E-1 3.2441E-1 3.03596E-1 3.34176E-1 -9999 -9999 -9999 -9999 -9999 7.55656E-2 7.06179E-2 6.47117E-2
6.50763E-1 6.71022E-1 6.91581E-1 7.12158E-1 7.33651E-1 7.5309E-1 7.75239E-1 7.95021E-1 8.15274E-1 8.33983E-1 8.51126E-1 8.68374E-1 8.86712E-1 9.00878E-1 9.16486E-1 9.28773E-1 9.41977E-1 9.51707E-1 9.58288E-1 9.51691E-1 9.42933E-1 9.35537E-1 9.27295E-1 9.18399E-1 9.06853E-1 8.96872E-1 8.8646E-1 8.70876E-1 8.46332E-1 8.22812E-1 7.9484E-1 7.68519E-1 7.41202E-1 7.1307E-1 6.84337E-1 6.55243E-1 6.25981E-1 5.93249E-1 5.64208E-1 5.35528E-1 5.07384E-1 4.76452E-1 4.53066E-1 4.27097E-1 4.02028E-1 3.72091E-1 3.49287E-1 3.30084E-1 3.09087E-1 2.86689E-1 2.67873E-1 2.52245E-1 3.57002E-1 3.29345E-1 3.08364E-1 3.4215E-1 3.23216E-1 3.00025E-1 9.88912E-2 9.16319E-2 8.40661E-2 7.78527E-2 7.20791E-2
6.54078E-1 6.50244E-1 6.70641E-1 6.9206E-1 7.12622E-1 7.32175E-1 7.52541E-1 7.75149E-1 7.94764E-1 8.14625E-1 8.32416E-1 8.5265E-1 8.69801E-1 8.84887E-1 9.00225E-1 9.15458E-1 9.29726E-1 9.4064E-1 9.51188E-1 9.58959E-1 9.52432E-1 9.4533E-1 9.39345E-1 9.27736E-1 9.1947E-1 9.10159E-1 9.00398E-1 8.90207E-1 8.71882E-1 8.50275E-1 8.27066E-1 7.99404E-1 7.73353E-1 7.4624E-1 7.18282E-1 6.89723E-1 6.57086E-1 6.31548E-1 6.02337E-1 5.69828E-1 5.37576E-1 5.0944E-1 4.8534E-1 4.5846E-1 4.29169E-1 4.04082E-1 3.7706E-1 3.56951E-1 3.32067E-1 3.11026E-1 2.91018E-1 2.74358E-1 2.54058E-1 3.5942E-1 3.34417E-1 3.70307E-1 3.47527E-1 3.25762E-1 3.05017E-1 1.00801E-1 9.34377E-2 8.65843E-2 7.94401E-2
6.5764E-1 6.43028E-1 6.48724E-1 6.68932E-1 6.89947E-1 7.09537E-1 7.32557E-1 7.52889E-1 7.71429E-1 7.91208E-1 8.1201E-1 8.32621E-1 8.50617E-1 8.66599E-1 8.84168E-1 8.99507E-1 9.13787E-1 9.2603E-1 9.39618E-1 9.51183E-1 9.59999E-1 9.55751E-1 9.48981E-1 9.42332E-1 9.33791E-1 9.25405E-1 9.14599E-1 9.06791E-1 8.97014E-1 8.77863E-1 8.56804E-1 8.31151E-1 8.09909E-1 7.84393E-1 7.54524E-1 7.23355E-1 6.94946E-1 6.69727E-1 6.40645E-1 6.07839E-1 5.78816E-1 5.46654E-1 5.21941E-1 4.90789E-1 4.63819E-1 4.37645E-1 4.12329E-1 3.87944E-1 3.64613E-1 3.39475E-1 3.18165E-1 2.9788E-1 2.78598E-1 3.91251E-1 3.67659E-1 3.45079E-1 3.81838E-1 3.5582E-1 3.33744E-1 1.11852E-1 1.02775E-1 9.62081E-2 8.91882E-2
6.62249E-1 6.46794E-1 6.32225E-1 6.44861E-1 6.65157E-1 6.87236E-1 7.09785E-1 7.30224E-1 7.48951E-1 7.70609E-1 7.90362E-1 8.09686E-1 8.28465E-1 8.47826E-1 8.66578E-1 8.82134E-1 8.97582E-1 9.11978E-1 9.25938E-1 9.37971E-1 9.48224E-1 9.58451E-1 9.59343E-1 9.52964E-1 9.45396E-1 9.37861E-1 9.28761E-1 9.22115E-1 9.13176E-1 9.01419E-1 8.81252E-1 8.60527E-1 8.41032E-1 8.17311E-1 7.88994E-1 7.62597E-1 7.31939E-1 7.07347E-1 6.75108E-1 6.46136E-1 6.17051E-1 5.88044E-1 5.59279E-1 5.3092E-1 4.99733E-1 4.72621E-1 4.46255E-1 4.20734E-1 3.96208E-1 3.72497E-1 3.4978E-1 3.28074E-1 3.04892E-1 4.2474E-1 3.99949E-1 3.73163E-1 4.1508E-1 3.90643E-1 3.67167E-1 3.39198E-1 1.14013E-1 1.06797E-1 9.90733E-2
6.5988E-1 6.50086E-1 6.36336E-1 6.23428E-1 6.43035E-1 6.64946E-1 6.85352E-1 7.05802E-1 7.26705E-1 7.49557E-1 7.68699E-1 7.88467E-1 8.07814E-1 8.27554E-1 8.4572E-1 8.62256E-1 8.8051E-1 8.96841E-1 9.1129E-1 9.24619E-1 9.36139E-1 9.48429E-1 9.57416E-1 9.6364E-1 9.55969E-1 9.48474E-1 9.41245E-1 9.35255E-1 9.27166E-1 9.16592E-1 9.07461E-1 8.8705E-1 8.69508E-1 8.45022E-1 8.21609E-1 7.96807E-1 7.70801E-1 7.43788E-1 7.15996E-1 6.84148E-1 6.55319E-1 6.26324E-1 5.97362E-1 5.68579E-1 5.40129E-1 5.12174E-1 4.81471E-1 4.55022E-1 4.29395E-1 4.04508E-1 3.77631E-1 3.57583E-1 3.35587E-1 3.14585E-1 4.30664E-1 4.0573E-1 4.49915E-1 4.24326E-1 3.96602E-1 3.72973E-1 1.27524E-1 1.19541E-1 1.08923E-1
6.67179E-1 6.5526E-1 6.42583E-1 6.26872E-1 6.23005E-1 6.42175E-1 6.6238E-1 6.82718E-1 7.04052E-1 7.24462E-1 7.44457E-1 7.66006E-1 7.88229E-1 8.06091E-1 8.24939E-1 8.42272E-1 8.61922E-1 8.77315E-1 8.93607E-1 9.09212E-1 9.23604E-1 9.35825E-1 9.46116E-1 9.55999E-1 9.64747E-1 9.5897E-1 9.51767E-1 9.46394E-1 9.37435E-1 9.29527E-1 9.21161E-1 9.12363E-1 8.94899E-1 8.75528E-1 8.51786E-1 8.28875E-1 8.04533E-1 7.78944E-1 7.52286E-1 7.24755E-1 6.96584E-1 6.64379E-1 6.35639E-1 6.06718E-1 5.77918E-1 5.45903E-1 5.17918E-1 4.93922E-1 4.67122E-1 4.34879E-1 4.09887E-1 3.88778E-1 3.65528E-1 3.40531E-1 4.69182E-1 4.43071E-1 4.20926E-1 4.56262E-1 4.30558E-1 4.05738E-1 3.8184E-1 1.31184E-1 1.21892E-1
6.71998E-1 6.61046E-1 6.49267E-1 6.33468E-1 6.20104E-1 6.21081E-1 6.41022E-1 6.62043E-1 6.82341E-1 7.02709E-1 7.22146E-1 7.43337E-1 7.66384E-1 7.85246E-1 8.04602E-1 8.2345E-1 8.43019E-1 8.59197E-1 8.75889E-1 8.91661E-1 9.08389E-1 9.22398E-1 9.3388E-1 9.45089E-1 9.55724E-1 9.64402E-1 9.60566E-1 9.5577E-1 9.47469E-1 9.39588E-1 9.31863E-1 9.2368E-1 9.15415E-1 8.98218E-1 8.79186E-1 8.55837E-1 8.30338E-1 8.0924E-1 7.8392E-1 7.57496E-1 7.26723E-1 6.98656E-1 6.7373E-1 6.4149E-1 6.09025E-1 5.80295E-1 5.51855E-1 5.27327E-1 4.96382E-1 4.69709E-1 4.43666E-1 4.18529E-1 3.91205E-1 3.67927E-1 5.02446E-1 4.75486E-1 4.49268E-1 4.92724E-1 4.66022E-1 4.36919E-1 4.11957E-1 3.87919E-1 1.33726E-1
6.74871E-1 6.64751E-1 6.50949E-1 6.39258E-1 6.26837E-1 6.16968E-1 6.17085E-1 6.40114E-1 6.59124E-1 6.7938E-1 6.99688E-1 7.2163E-1 7.41848E-1 7.60334E-1 7.8012E-1 8.02376E-1 8.21882E-1 8.38788E-1 8.56388E-1 8.7523E-1 8.90215E-1 9.0504E-1 9.17848E-1 9.33336E-1 9.44002E-1 9.54095E-1 9.62974E-1 9.6364E-1 9.5784E-1 9.50929E-1 9.42578E-1 9.36439E-1 9.28644E-1 9.20186E-1 9.03575E-1 8.85141E-1 8.62286E-1 8.43083E-1 8.16822E-1 7.91949E-1 7.62586E-1 7.35504E-1 7.11221E-1 6.82953E-1 6.5074E-1 6.21974E-1 5.89788E-1 5.64871E-1 5.33245E-1 5.05783E-1 4.78834E-1 4.55855E-1 4.27193E-1 3.99649E-1 3.76125E-1 5.12329E-1 4.85231E-1 5.30321E-1 5.02801E-1 4.75946E-1 4.46627E-1 4.21422E-1 1.4791E-1
6.77383E-1 6.68262E-1 6.5869E-1 6.44464E-1 6.32987E-1 6.24009E-1 6.09516E-1 6.15784E-1 6.33927E-1 6.53933E-1 6.77255E-1 6.98133E-1 7.18411E-1 7.37007E-1 7.59556E-1 7.78395E-1 7.97803E-1 8.15325E-1 8.37954E-1 8.55562E-1 8.71534E-1 8.87491E-1 9.03236E-1 9.17116E-1 9.2921E-1 9.41567E-1 9.52877E-1 9.6191E-1 9.66032E-1 9.59987E-1 9.54474E-1 9.46456E-1 9.40972E-1 9.31874E-1 9.24581E-1 9.06658E-1 8.88581E-1 8.71318E-1 8.50006E-1 8.24175E-1 7.99751E-1 7.70987E-1 7.47647E-1 7.16738E-1 6.88627E-1 6.60148E-1 6.31491E-1 6.02835E-1 5.70873E-1 5.42851E-1 5.15175E-1 4.881E-1 4.61698E-1 4.36056E-1 4.1127E-1 5.50115E-1 5.22342E-1 4.95107E-1 5.40645E-1 5.09623E-1 4.82703E-1 4.59743E-1 4.34232E-1
6.776E-1 6.68169E-1 6.59064E-1 6.4766E-1 6.3514E-1 6.26946E-1 6.14855E-1 6.02121E-1 6.11619E-1 6.32987E-1 6.52939E-1 6.73054E-1 6.9542E-1 7.15658E-1 7.36766E-1 7.55863E-1 7.75642E-1 7.95094E-1 8.15001E-1 8.33421E-1 8.52193E-1 8.69987E-1 8.8603E-1 9.01103E-1 9.14418E-1 9.28054E-1 9.40579E-1 9.50355E-1 9.6064E-1 9.68469E-1 9.6218E-1 9.56345E-1 9.51466E-1 9.44821E-1 9.36046E-1 9.2908E-1 9.118E-1 8.9661E-1 8.75062E-1 8.54096E-1 8.31569E-1 8.07621E-1 7.82439E-1 7.52964E-1 7.25735E-1 6.97882E-1 6.69604E-1 6.41066E-1 6.1247E-1 5.83966E-1 5.55889E-1 5.24702E-1 4.97486E-1 4.70908E-1 4.45103E-1 5.8861E-1 5.6387E-1 5.35937E-1 5.82821E-1 5.47629E-1 5.19989E-1 4.96289E-1 4.69816E-1
6.7802E-1 6.70489E-1 6.62282E-1 6.51772E-1 6.43814E-1 6.33503E-1 6.22465E-1 6.10101E-1 5.97526E-1 6.10818E-1 6.2966E-1 6.49527E-1 6.69567E-1 6.90606E-1 7.10823E-1 7.32226E-1 7.52247E-1 7.72956E-1 7.92418E-1 8.11465E-1 8.29066E-1 8.4914E-1 8.65632E-1 8.82966E-1 8.97436E-1 9.13415E-1 9.26446E-1 9.37533E-1 9.48313E-1 9.58506E-1 9.67153E-1 9.64526E-1 9.60196E-1 9.535E-1 9.46399E-1 9.39465E-1 9.32117E-1 9.18671E-1 8.99909E-1 8.81225E-1 8.60834E-1 8.3885E-1 8.15396E-1 7.90648E-1 7.64774E-1 7.38004E-1 7.0363E-1 6.79042E-1 6.50653E-1 6.22144E-1 5.90266E-1 5.65585E-1 5.37704E-1 5.10325E-1 4.76967E-1 4.51058E-1 6.025E-1 5.74191E-1 6.18261E-1 5.89854E-1 5.61701E-1 5.3393E-1 5.03308E-1
6.80446E-1 6.75315E-1 6.6638E-1 6.58379E-1 6.47013E-1 6.40353E-1 6.30323E-1 6.19571E-1 6.04997E-1 5.94265E-1 6.08126E-1 6.27673E-1 6.49943E-1 6.68284E-1 6.88391E-1 7.07632E-1 7.30244E-1 7.50797E-1 7.70563E-1 7.90022E-1 8.10488E-1 8.28964E-1 8.45493E-1 8.62674E-1 8.8129E-1 8.9722E-1 9.11469E-1 9.23738E-1 9.36667E-1 9.47519E-1 9.5717E-1 9.65631E-1 9.65289E-1 9.60738E-1 9.54304E-1 9.47944E-1 9.4189E-1 9.34773E-1 9.21605E-1 9.0532E-1 8.84973E-1 8.62326E-1 8.43317E-1 8.20198E-1 7.95757E-1 7.66891E-1 7.40244E-1 7.16333E-1 6.85062E-1 6.5324E-1 6.2495E-1 6.00119E-1 5.71904E-1 5.40548E-1 5.13188E-1 4.83144E-1 6.37754E-1 6.05805E-1 5.77545E-1 6.25325E-1 5.96987E-1 5.68873E-1 5.41098E-1
6.80793E-1 6.75037E-1 6.68602E-1 6.59094E-1 6.52778E-1 6.45191E-1 6.36058E-1 6.25E-1 6.1284E-1 6.01546E-1 5.92741E-1 6.04901E-1 6.2646E-1 6.44546E-1 6.64456E-1 6.86122E-1 7.06189E-1 7.24635E-1 7.44615E-1 7.67361E-1 7.87533E-1 8.06583E-1 8.23728E-1 8.43067E-1 8.60313E-1 8.76761E-1 8.92314E-1 9.07825E-1 9.2252E-1 9.34099E-1 9.45206E-1 9.55116E-1 9.643E-1 9.68795E-1 9.63211E-1 9.56851E-1 9.4995E-1 9.44919E-1 9.38072E-1 9.2626E-1 9.08502E-1 8.90804E-1 8.71473E-1 8.50401E-1 8.24868E-1 8.00743E-1 7.75446E-1 7.52505E-1 7.221E-1 6.94416E-1 6.63022E-1 6.38284E-1 6.06417E-1 5.7823E-1 5.50353E-1 5.22905E-1 6.763E-1 6.48088E-1 6.16245E-1 6.64266E-1 6.36028E-1 6.07762E-1 5.79648E-1
6.80622E-1 6.75637E-1 6.67757E-1 6.6153E-1 6.54632E-1 6.49682E-1 6.40579E-1 6.31209E-1 6.20004E-1 6.09689E-1 6.00347E-1 5.8868E-1 6.0117E-1 6.18882E-1 6.41625E-1 6.62085E-1 6.82031E-1 7.00431E-1 7.22066E-1 7.42895E-1 7.61739E-1 7.81226E-1 8.01705E-1 8.21978E-1 8.39127E-1 8.56498E-1 8.73098E-1 8.89625E-1 9.04369E-1 9.17359E-1 9.31358E-1 9.44058E-1 9.5344E-1 9.62374E-1 9.69716E-1 9.64669E-1 9.5924E-1 9.53451E-1 9.47758E-1 9.39552E-1 9.28976E-1 9.13686E-1 8.98836E-1 8.77751E-1 8.57239E-1 8.3241E-1 8.08781E-1 7.83934E-1 7.58036E-1 7.31276E-1 7.03869E-1 6.7615E-1 6.48013E-1 6.16298E-1 5.88153E-1 5.60267E-1 5.32751E-1 6.86509E-1 6.58462E-1 7.0614E-1 6.71321E-1 6.46757E-1 6.1859E-1
6.78452E-1 6.70727E-1 6.68842E-1 6.6175E-1 6.55677E-1 6.48984E-1 6.43234E-1 6.35256E-1 6.24997E-1 6.15055E-1 6.0658E-1 5.95787E-1 5.8435E-1 5.96276E-1 6.1795E-1 6.36683E-1 6.56391E-1 6.76843E-1 6.9933E-1 7.19317E-1 7.38337E-1 7.5809E-1 7.78516E-1 7.97682E-1 8.1628E-1 8.35726E-1 8.55349E-1 8.70787E-1 8.86654E-1 9.00807E-1 9.16415E-1 9.29139E-1 9.41193E-1 9.51551E-1 9.61305E-1 9.69205E-1 9.67045E-1 9.63068E-1 9.56319E-1 9.50349E-1 9.4314E-1 9.33391E-1 9.18711E-1 9.02238E-1 8.8399E-1 8.6406E-1 8.42551E-1 8.1961E-1 7.92335E-1 7.66832E-1 7.40431E-1 7.13461E-1 6.85825E-1 6.57839E-1 6.29717E-1 5.94653E-1 5.70264E-1 7.24151E-1 6.96711E-1 6.65392E-1 7.13016E-1 6.8892E-1 6.61057E-1
6.75219E-1 6.73324E-1 6.69304E-1 6.63157E-1 6.57838E-1 6.53633E-1 6.47164E-1 6.40143E-1 6.30833E-1 6.21382E-1 6.15102E-1 6.03122E-1 5.94207E-1 5.80031E-1 5.94639E-1 6.13021E-1 6.32426E-1 6.52875E-1 6.72687E-1 6.9332E-1 7.13873E-1 7.36236E-1 7.54397E-1 7.73929E-1 7.92234E-1 8.1336E-1 8.31587E-1 8.49859E-1 8.66734E-1 8.83929E-1 8.98979E-1 9.13042E-1 9.2514E-1 9.37882E-1 9.48578E-1 9.59107E-1 9.67303E-1 9.68872E-1 9.64426E-1 9.58577E-1 9.52831E-1 9.46714E-1 9.39208E-1 9.2357E-1 9.07699E-1 8.90066E-1 8.68197E-1 8.49794E-1 8.27367E-1 8.03593E-1 7.72354E-1 7.49667E-1 7.22865E-1 6.95469E-1 6.64198E-1 6.36196E-1 6.11684E-1 7.63748E-1 7.3067E-1 7.03478E-1 7.50039E-1 7.26706E-1 6.96018E-1
6.60345E-1 6.73791E-1 6.70608E-1 6.65306E-1 6.60362E-1 6.57682E-1 6.5193E-1 6.458E-1 6.36536E-1 6.29059E-1 6.23607E-1 6.14907E-1 6.02748E-1 5.94101E-1 5.80903E-1 5.91216E-1 6.11008E-1 6.30321E-1 6.49875E-1 6.69582E-1 6.89395E-1 7.12358E-1 7.31338E-1 7.51047E-1 7.70552E-1 7.91233E-1 8.10002E-1 8.26912E-1 8.4465E-1 8.64088E-1 8.80944E-1 8.96148E-1 9.09381E-1 9.24231E-1 9.35613E-1 9.46526E-1 9.56858E-1 9.662E-1 9.70043E-1 9.64763E-1 9.5951E-1 9.53139E-1 9.48556E-1 9.41713E-1 9.26502E-1 9.0898E-1 8.9153E-1 8.74872E-1 8.54308E-1 8.29378E-1 8.05796E-1 7.84324E-1 7.55495E-1 7.25548E-1 6.98301E-1 6.70644E-1 6.46265E-1 6.1482E-1 7.66738E-1 7.40546E-1 7.82298E-1 7.56651E-1 7.30215E-1
6.17401E-1 6.58907E-1 6.69845E-1 6.66873E-1 6.61376E-1 6.59406E-1 6.5478E-1 6.47317E-1 6.42921E-1 6.34573E-1 6.29947E-1 6.19626E-1 6.12757E-1 6.02063E-1 5.9227E-1 5.81887E-1 5.88632E-1 6.06559E-1 6.2576E-1 6.45185E-1 6.66422E-1 6.86153E-1 7.04318E-1 7.24109E-1 7.47611E-1 7.67086E-1 7.86292E-1 8.03684E-1 8.24379E-1 8.41293E-1 8.58437E-1 8.75924E-1 8.92878E-1 9.07315E-1 9.20028E-1 9.3239E-1 9.44213E-1 9.54222E-1 9.6305E-1 9.70679E-1 9.67023E-1 9.60838E-1 9.56662E-1 9.50945E-1 9.44914E-1 9.31023E-1 9.16169E-1 8.99634E-1 8.78884E-1 8.58706E-1 8.37014E-1 8.16906E-1 7.89764E-1 7.64424E-1 7.34933E-1 7.0798E-1 6.80545E-1 6.52835E-1 8.01008E-1 7.76162E-1 8.18779E-1 7.94794E-1 7.66504E-1
5.79302E-1 6.15669E-1 6.53165E-1 6.65778E-1 6.61692E-1 6.6044E-1 6.56701E-1 6.51828E-1 6.45277E-1 6.39757E-1 6.36016E-1 6.29929E-1 6.20409E-1 6.10712E-1 6.0196E-1 5.94165E-1 5.84113E-1 5.81076E-1 5.99818E-1 6.23431E-1 6.41972E-1 6.61468E-1 6.79486E-1 7.01666E-1 7.20522E-1 7.40167E-1 7.61077E-1 7.82018E-1 8.00901E-1 8.18472E-1 8.36407E-1 8.54549E-1 8.71093E-1 8.86812E-1 9.01842E-1 9.16994E-1 9.30457E-1 9.41113E-1 9.51462E-1 9.60632E-1 9.69123E-1 9.68197E-1 9.63854E-1 9.58683E-1 9.51804E-1 9.45871E-1 9.35442E-1 9.23086E-1 9.05215E-1 8.85216E-1 8.65645E-1 8.47246E-1 8.2209E-1 7.98269E-1 7.73358E-1 7.47524E-1 7.20968E-1 6.90446E-1 8.3303E-1 8.09847E-1 7.8237E-1 8.2747E-1 8.04017E-1
5.33077E-1 5.79467E-1 6.20082E-1 6.55062E-1 6.60013E-1 6.59397E-1 6.55989E-1 6.52423E-1 6.46646E-1 6.41957E-1 6.38239E-1 6.32323E-1 6.25846E-1 6.15E-1 6.10196E-1 6.01724E-1 5.926E-1 5.81221E-1 5.78794E-1 5.98078E-1 6.16274E-1 6.37668E-1 6.57083E-1 6.77473E-1 6.96294E-1 7.15964E-1 7.36464E-1 7.55961E-1 7.75244E-1 7.95536E-1 8.14949E-1 8.34316E-1 8.50389E-1 8.67108E-1 8.83029E-1 8.99104E-1 9.13767E-1 9.26601E-1 9.38386E-1 9.4971E-1 9.59088E-1 9.67302E-1 9.71107E-1 9.65986E-1 9.59868E-1 9.54509E-1 9.48844E-1 9.39694E-1 9.26075E-1 9.10697E-1 8.93598E-1 8.74834E-1 8.51994E-1 8.29988E-1 8.06681E-1 7.7909E-1 7.56797E-1 7.30564E-1 8.64973E-1 8.41186E-1 8.1565E-1 8.5756E-1 8.36005E-1
4.74851E-1 5.40856E-1 5.82689E-1 6.16785E-1 6.529E-1 6.60347E-1 6.58216E-1 6.56963E-1 6.50516E-1 6.48312E-1 6.43909E-1 6.38945E-1 6.33419E-1 6.27225E-1 6.18012E-1 6.14583E-1 6.04218E-1 5.95472E-1 5.83232E-1 5.76578E-1 5.93956E-1 6.12745E-1 6.32572E-1 6.54103E-1 6.72765E-1 6.92317E-1 7.14345E-1 7.32315E-1 7.5178E-1 7.70157E-1 7.91481E-1 8.12217E-1 8.28894E-1 8.46409E-1 8.64466E-1 8.80469E-1 8.95601E-1 9.08806E-1 9.24478E-1 9.36414E-1 9.47233E-1 9.56892E-1 9.65851E-1 9.71032E-1 9.66036E-1 9.61117E-1 9.55249E-1 9.50341E-1 9.42279E-1 9.29051E-1 9.14098E-1 8.97413E-1 8.79142E-1 8.59184E-1 8.35033E-1 8.09113E-1 7.87949E-1 7.62805E-1 7.36833E-1 8.67311E-1 8.46493E-1 8.82359E-1 8.62742E-1
4.28149E-1 4.78872E-1 5.34385E-1 5.77833E-1 6.14463E-1 6.50307E-1 6.58229E-1 6.56321E-1 6.53972E-1 6.49081E-1 6.49116E-1 6.43293E-1 6.38716E-1 6.31257E-1 6.25387E-1 6.21372E-1 6.14333E-1 6.04127E-1 5.94783E-1 5.85663E-1 5.7878E-1 5.91242E-1 6.08313E-1 6.2724E-1 6.45613E-1 6.68849E-1 6.89096E-1 7.0702E-1 7.26533E-1 7.47512E-1 7.66738E-1 7.85717E-1 8.02917E-1 8.24692E-1 8.42289E-1 8.5924E-1 8.75462E-1 8.91636E-1 9.06082E-1 9.18829E-1 9.3126E-1 9.43883E-1 9.54452E-1 9.63271E-1 9.70511E-1 9.67978E-1 9.62136E-1 9.58286E-1 9.53012E-1 9.46244E-1 9.3193E-1 9.19297E-1 9.03242E-1 8.8559E-1 8.63706E-1 8.42661E-1 8.20288E-1 7.9665E-1 7.68773E-1 8.93221E-1 8.74581E-1 9.08715E-1 8.89325E-1
3.85462E-1 4.281E-1 4.7618E-1 5.2766E-1 5.74568E-1 6.07694E-1 6.45465E-1 6.56475E-1 6.53091E-1 6.50961E-1 6.50266E-1 6.47204E-1 6.4305E-1 6.36805E-1 6.31893E-1 6.28706E-1 6.21935E-1 6.13633E-1 6.0633E-1 5.98405E-1 5.92894E-1 5.80928E-1 5.84478E-1 6.02982E-1 6.23392E-1 6.42402E-1 6.61611E-1 6.79337E-1 7.01851E-1 7.22115E-1 7.41491E-1 7.60717E-1 7.7972E-1 7.99289E-1 8.16711E-1 8.34497E-1 8.53753E-1 8.71019E-1 8.8664E-1 9.00619E-1 9.14428E-1 9.28738E-1 9.39539E-1 9.50693E-1 9.60468E-1 9.69009E-1 9.68305E-1 9.64775E-1 9.5994E-1 9.53519E-1 9.48086E-1 9.38021E-1 9.24316E-1 9.06915E-1 8.89602E-1 8.70667E-1 8.52856E-1 8.28347E-1 8.05199E-1 9.15959E-1 8.99637E-1 9.27689E-1 9.12718E-1
3.44417E-1 3.84307E-1 4.2565E-1 4.77042E-1 5.29361E-1 5.67286E-1 6.00997E-1 6.3884E-1 6.53449E-1 6.52158E-1 6.52173E-1 6.48068E-1 6.46798E-1 6.41936E-1 6.38025E-1 6.36601E-1 6.29528E-1 6.22241E-1 6.15986E-1 6.10656E-1 6.03118E-1 5.94977E-1 5.84577E-1 5.80677E-1 5.99129E-1 6.1776E-1 6.36645E-1 6.55716E-1 6.7574E-1 6.9425E-1 7.13615E-1 7.35261E-1 7.55336E-1 7.74357E-1 7.92235E-1 8.10612E-1 8.30738E-1 8.46765E-1 8.64616E-1 8.80549E-1 8.97433E-1 9.1145E-1 9.2358E-1 9.35617E-1 9.47227E-1 9.5691E-1 9.65932E-1 9.70539E-1 9.65572E-1 9.60274E-1 9.55234E-1 9.51358E-1 9.42196E-1 9.29096E-1 9.12457E-1 8.95775E-1 8.77471E-1 8.57606E-1 8.36291E-1 9.37078E-1 9.23334E-1 9.45419E-1 9.3283E-1
3.11867E-1 3.44492E-1 3.87629E-1 4.29794E-1 4.75648E-1 5.21694E-1 5.66689E-1 6.01615E-1 6.34673E-1 6.51127E-1 6.5012E-1 6.50107E-1 6.48097E-1 6.43951E-1 6.4094E-1 6.38889E-1 6.34762E-1 6.28485E-1 6.22453E-1 6.15727E-1 6.11528E-1 6.0432E-1 5.949E-1 5.85341E-1 5.78932E-1 5.92768E-1 6.1275E-1 6.3223E-1 6.51212E-1 6.69573E-1 6.8881E-1 7.10511E-1 7.28223E-1 7.49773E-1 7.6796E-1 7.89071E-1 8.07472E-1 8.24089E-1 8.41609E-1 8.59733E-1 8.75848E-1 8.92998E-1 9.06319E-1 9.20633E-1 9.32914E-1 9.44092E-1 9.54136E-1 9.63025E-1 9.71626E-1 9.66841E-1 9.62257E-1 9.5743E-1 9.5311E-1 9.46231E-1 9.33819E-1 9.19666E-1 9.01782E-1 8.84095E-1 8.64833E-1 9.53089E-1 9.40112E-1 9.61154E-1 9.51053E-1
2.82666E-1 3.11231E-1 3.47458E-1 3.82398E-1 4.23016E-1 4.70551E-1 5.21789E-1 5.63699E-1 5.9499E-1 6.28937E-1 6.53661E-1 6.52983E-1 6.53344E-1 6.48528E-1 6.46059E-1 6.45258E-1 6.42017E-1 6.36697E-1 6.31825E-1 6.26906E-1 6.22879E-1 6.16727E-1 6.07511E-1 6.00071E-1 5.94582E-1 5.8594E-1 5.88513E-1 6.08313E-1 6.27665E-1 6.45744E-1 6.65497E-1 6.86236E-1 7.03843E-1 7.23047E-1 7.43743E-1 7.64144E-1 7.8382E-1 8.00824E-1 8.20292E-1 8.37834E-1 8.54802E-1 8.71094E-1 8.86618E-1 9.03814E-1 9.16673E-1 9.29264E-1 9.40784E-1 9.51752E-1 9.60942E-1 9.68525E-1 9.66502E-1 9.6301E-1 9.58296E-1 9.52697E-1 9.47632E-1 9.35086E-1 9.22985E-1 9.07576E-1 8.88296E-1 9.6388E-1 9.5427E-1 9.44566E-1 9.63388E-1
2.56452E-1 2.84607E-1 3.12693E-1 3.4328E-1 3.78041E-1 4.17535E-1 4.59894E-1 5.12914E-1 5.55713E-1 5.91926E-1 6.22626E-1 6.53537E-1 6.53256E-1 6.50776E-1 6.50913E-1 6.49255E-1 6.46914E-1 6.42201E-1 6.38796E-1 6.34827E-1 6.32519E-1 6.25262E-1 6.2107E-1 6.12287E-1 6.07797E-1 5.97672E-1 5.90989E-1 5.83193E-1 6.00805E-1 6.19195E-1 6.40936E-1 6.60605E-1 6.77994E-1 6.97094E-1 7.17789E-1 7.36868E-1 7.55842E-1 7.73138E-1 7.96302E-1 8.13586E-1 8.3127E-1 8.48426E-1 8.65766E-1 8.81549E-1 8.95736E-1 9.10747E-1 9.26082E-1 9.37123E-1 9.47916E-1 9.57029E-1 9.66575E-1 9.69028E-1 9.64693E-1 9.58358E-1 9.53546E-1 9.48626E-1 9.41063E-1 9.27958E-1 9.11219E-1 9.75368E-1 9.67982E-1 9.59166E-1 9.73329E-1
