app/data/climate/baseline/Precipitation.asc
ncols        365
nrows        372
xllcorner    10.224615574000
yllcorner    43.742729801000
cellsize     0.000500000000
NODATA_value  -9999
[rows 242 to 263 of 372, columns 255 to 305 of 365]
926.416464014424 927.196114080575 928.075327701345 928.858481664173 929.643090074677 930.3309116034 931.301755427824 932.091189960166 932.881880606411 933.673827366558 934.466765795577 935.260960338498 936.056080439032 936.852324430953 937.838043288437 938.536640952222 939.335859950755 940.135740061868 941.036638175278 941.737615844352 942.539545404465 943.433766280812 944.337441067059 945.141155631139 945.844711639278 946.648955093423 947.553952104831 948.358592226524 949.163430681991 949.96311245933 950.869101139609 951.674270151366 952.479439163123 953.284409841106 954.089248296573 954.893690084492 955.796307090611 956.600550544755 957.504886443583 958.207715227883 959.010702568125 959.813094907044 960.715183023098 961.516187025598 962.317587695647 963.117732251792 964.016845361234 964.815271024671 965.612837241752 966.309848235344 967.204928558046
925.440661845647 926.392399516495 927.168413463453 927.945881858089 928.725135256691 929.505644769197 930.28793928567 931.071291582271 931.856164437808 932.727775263902 933.515557014793 934.304396545813 935.094359968219 935.984283612793 936.776296484198 937.470200248662 938.352719432334 939.247138642455 940.04291985557 940.739732515387 941.536703731147 942.433899614106 943.231994721252 944.030486495946 944.822102699804 945.721612476794 946.521558699165 947.321703255311 948.122046145231 948.92238903515 949.722996370102 950.618936139158 951.4198740304 952.22054747661 953.021088700304 953.82156381274 954.621708368885 955.421588479999 956.321098256989 957.118862807845 957.917883472604 958.816137135692 959.614100020322 960.411467903629 961.108545008479 962.004220332503 962.900556769107 963.695412424609 964.489474745014 965.282677619065 966.074888824245
924.73062693422 925.499236420277 926.269564799043 927.123325585465 927.897488417198 928.673171807866 929.450177423695 930.228769709717 931.0086842209 931.887633396638 932.65776344163 933.441909073329 934.227046373897 935.111681117827 935.899132312428 936.588937178892 937.378041154944 938.266774796873 939.146715641482 939.839693848333 940.731402496873 941.524605370924 942.318204912523 943.11253167796 943.90712288843 944.79446819394 945.590249407054 946.386295065201 947.182539057122 947.9788491603 948.775291485995 949.571866034206 950.368440582417 951.360175564384 952.05738489175 952.853959439961 953.650401765656 954.546077089679 955.341924414052 956.038075961289 956.931437391281 957.825790490144 958.620315589356 959.414311798503 960.207713006328 961.000386990314 961.79239986172 962.583751620545 963.475261935312 964.265225357718 965.054461556286
923.850884423386 924.613742229993 925.378451151825 926.144945077624 927.009151442818 927.764935344813 928.536519837483 929.309691000345 930.181103492665 930.957183550882 931.637203951155 932.415597903403 933.292762075174 934.159612890689 934.941841295904 935.627150596821 936.509339224204 937.294410413514 938.080208826664 938.768493134193 939.743568079132 940.531944831345 941.320982696139 942.110351117223 942.900446762145 943.690674629583 944.481497498344 945.272584812137 946.255725330558 946.948637426151 947.740914742588 948.532993725252 949.424371817503 950.216583022683 950.90969345205 951.797435425108 952.688813517359 953.480892500022 954.27283926017 954.965420799473 955.855410555305 956.646233424066 957.436659625278 958.325062710917 959.114695577033 959.903733441826 960.692176305298 961.47989194493 962.365386135215 963.053207663938 963.939627411835
922.978744707227 923.736049168158 924.495270855572 925.351411647283 926.114137231374 926.78291871778 927.548685419741 928.411966227322 929.263875898518 930.034600944833 930.710059668301 931.579951601687 932.354511100968 933.13006226912 933.906803439917 934.770811471336 935.550064869938 936.330177714896 937.111150006207 937.892717298842 938.675210149089 939.458364111916 940.242245298582 941.214609681941 941.901770098083 942.687502399975 943.47376359193 944.358596669634 945.145386751654 945.834199949249 946.714339127631 947.60069276427 948.388738960193 949.1766529336 949.866193355033 950.752546991672 951.54039485382 952.328110493453 953.211621345996 953.999204763113 954.786457623939 955.573379928475 956.359839454205 957.146034534903 957.931502391762 958.815211578079 959.600018322358 960.48220694974 961.265493135083 961.950537990969 962.732568062409
922.036064278731 922.787286503922 923.634700609571 924.469553576192 925.22692414838 925.890945624207 926.746425303338 927.508489774848 928.272074805294 929.037114283416 929.886577838065 930.654658434058 931.424061255211 932.19465407901 932.966238571679 933.738880844477 934.512580897403 935.287272619201 936.149826202943 936.926633484998 937.704234102149 938.482628054397 939.358998891071 940.138781179738 940.821379919076 941.602153876613 942.571609364618 943.353639436059 944.136000063789 944.820912697159 945.701580765606 946.484734728433 947.267954802519 948.144788417999 948.928603493407 949.712352457557 950.496035310448 951.27971816334 952.063070459942 952.846422756543 953.725504154797 954.508525895109 955.291084856614 956.171157923738 956.855277222011 957.636712292129 958.515264800319 959.295377645276 960.173930153465 960.855735557706 961.731577504316
921.17959293073 922.018610906607 922.766395346379 923.516163123893 924.267583682857 925.100717756768 925.855906657442 926.612748339566 927.37097835811 928.130662824331 928.891801738228 929.654262877287 930.417980130249 931.266914794833 932.129336156059 932.801092649077 933.56983435765 934.339501623836 935.206616884383 935.881612829045 936.653990656811 937.514825347844 938.385775061358 939.160797339446 939.8394294033 940.712626899588 941.489301959127 942.266373686214 943.134480615632 943.912742345364 944.691334631386 945.470125251182 946.249048093495 947.028169269581 947.807422668184 948.679959051891 949.4596752293 950.239193072935 951.116026688415 951.797898203914 952.577019380001 953.355677777281 954.231519723891 955.106171667856 955.786985403226 956.564718242893 957.439039630568 958.215780801365 958.991860859581 959.767147582701 960.640873969053
920.407148991706 921.240745844423 921.9836380511 922.728315261744 923.474777476355 924.223024694933 924.972924694963 925.804934877487 926.558338774194 927.407802328842 928.069708244411 928.827475484148 929.586432726531 930.44197851692 931.203646320882 931.955265213621 932.719445245388 933.580346047679 934.346575528447 935.017869242658 935.785883727393 936.650751205167 937.507751443233 938.278674823321 938.953604656726 939.821976031176 940.594486081458 941.367392799288 942.14089451844 942.914726793883 943.779660382915 944.554550438486 945.329506605316 946.201712432733 946.880212274072 947.655498997191 948.431050165343 949.397067867929 950.172817369856 950.851515544968 951.626934490604 952.499206429279 953.274228707367 954.048920429164 954.822488259575 955.693702418121 956.467534693564 957.241036412716 958.013877019289 958.786122624538 959.557773228465
919.579964931019 920.315122120504 921.129282263356 921.868670573356 922.609909998581 923.352736094 924.097281082128 924.843478851707 925.684876832874 926.515168122689 927.172512361452 927.925122923062 928.773462586324 929.528717598255 930.285427057864 930.948456864819 931.802085428725 932.646656750278 933.40799399795 934.074990480389 934.933643499906 935.697823531674 936.462598564764 937.228299155467 937.994528636235 938.849611647817 939.617560021294 940.386103396093 941.15504343844 941.924380148336 942.694179637038 943.464243570772 944.421865143586 945.192854634932 945.86765224582 946.638840070941 947.506682555327 948.27813482548 949.049587095633 949.724384706521 950.686039066076 951.457359113713 952.228546938834 952.999470318923 953.770129253979 954.540325410229 955.310257121447 956.17618237935 956.945386866729 957.714260797818 958.482407505069
918.744186406786 919.473790250595 920.205509654662 920.939014062696 921.844077185362 922.489587508935 923.228909707677 923.969950799129 924.805398767071 925.549745421425 926.202131315835 927.042669850647 927.87269669543 928.623125585524 929.374678367005 930.127487262389 930.881486160418 931.636542838575 932.392657296861 933.149763424018 933.992880297894 934.752300319083 935.51244756411 936.273520366749 937.035188170711 937.79764930977 938.560639338893 939.412284565057 940.272325920994 940.94176851998 941.707072443134 942.568634358006 943.334797727515 944.10109331954 944.77179203243 945.725843597309 946.493196969463 947.260484230359 948.027837602513 948.795124863409 949.562412124306 950.329567162686 951.190534076234 951.957623003357 952.724513596704 953.491073633762 954.257435337045 955.023202039006 955.884367286329 956.553743774057 957.414842910123
917.915217342132 918.639532285297 919.365896677462 920.185213498441 920.915478454831 921.556096545308 922.289600953342 923.195325188589 923.93299460588 924.672118470848 925.412829006009 926.154861766331 926.898481196847 927.643356741265 928.389554510844 929.219184688078 929.968159130495 930.718455798073 931.469744134522 932.222024139841 932.975229702773 933.729493045834 934.56989935813 935.420817360456 936.083318277347 936.841085517085 937.599646091918 938.453472989598 939.213355789593 939.87836893429 940.727700266423 941.584303836941 942.346169974677 943.108300557445 943.870695585246 944.633288946821 945.396014530911 946.250436429914 947.013757015327 947.777143711998 948.540464297412 949.303652660309 950.066907134464 950.925163486433 951.592754970194 952.449490763228 953.212150236061 954.069745475449 954.831479390669 955.497880871785 956.258887563167
917.018682571753 917.737245835469 918.623401138334 919.34665830137 920.071634357116 920.707558548272 921.527139814284 922.257404770673 922.98945473103 923.72309136158 924.537383726948 925.274458142917 926.012854784046 926.75277198411 927.586831615634 928.23663917098 928.980324712754 929.807640995957 930.647452306931 931.301689316566 932.050134868918 932.799704312658 933.643878966663 934.395167303112 935.053304876972 935.891992296559 936.740331959821 937.494859747914 938.250313093619 938.911557896608 939.762409787675 940.519053136026 941.365012793998 942.123044478767 942.881274497311 943.639702849629 944.398329535721 945.157220666845 946.011047564525 946.675135151609 947.526119265193 948.285473175123 949.139696740352 949.898852316508 950.563072126108 951.321963257232 952.175393487364 953.027898159883 953.786260400943 954.449488541672 955.301728769159
916.277575369044 917.080628820544 917.796613745195 918.514648118846 919.310230998186 920.032496492352 920.756348656711 921.482118047554 922.209474108589 922.938284617302 923.668880129982 924.480065266221 925.214032453061 925.949387976321 926.778357040975 927.424264032096 928.16352011958 928.996654193491 929.738554731297 930.47106747046 931.215414124814 932.053837099369 932.800100980206 933.54715819614 934.201725762065 935.043983189587 935.879365046272 936.62999227014 937.381148384072 938.132965610585 938.885311727163 939.638120622547 940.391458407995 941.145126749733 941.988177512351 942.74283752296 943.497761978601 944.347291644508 945.102744990214 945.763659236912 946.519178693876 947.460801342242 948.216585244238 948.972303034976 949.633481726706 950.48347417142 951.238729183351 951.99371975025 952.748445872117 953.597248314186 954.351577768505
915.556962656329 916.265807565112 916.976569700377 917.689315173384 918.404043984133 919.120557798849 919.91508289806 920.635629499517 921.357894993683 922.172385692825 922.807384326368 923.534409831114 924.262889783536 925.084256053515 925.895771746044 926.537381505393 927.271877582297 928.099590533049 928.836598837759 929.482373606364 930.314053232598 931.137204506544 931.878906710576 932.621402249704 933.364889457703 934.109037778283 934.854045545217 935.59978053599 936.346308861859 937.179707380802 937.927624043091 938.67620181796 939.425176260376 940.268359245511 940.924513481629 941.674744037949 942.514290903891 943.359258892993 944.110547229441 944.768155913237 945.613520569887 946.365271685142 947.116890577881 947.86850947062 948.712023012044 949.463906349815 950.215459131296 950.966879690261 951.718035804193 952.468993584352 953.219554696962
914.680988487204 915.457332990452 916.162872336332 916.87052724247 917.668952905906 918.291522622937 919.004796986008 919.719922464305 920.526347589965 921.321996580563 921.95249964856 922.674699031467 923.488859174319 924.214033563839 924.940794623552 925.577908817353 926.478410263215 927.209468554701 927.941650737574 928.675221256866 929.40971733377 930.145271190804 930.881948939224 931.619486133999 932.4414474053 933.181298494106 933.921810695493 934.663182343235 935.497969198597 936.147776753943 936.89099951691 937.721356917983 938.559317113732 939.304655436956 939.957107442624 940.703239100945 941.542918189403 942.289644849047 943.036569842464 943.779726494173 944.620926141566 945.36864447008 946.116428909852 946.864411683398 947.612063900654 948.359914451685 949.199461317626 949.947377979915 950.788511516049 951.442417969394 952.189475185328
913.884413938992 914.582416601455 915.282468712917 916.072432135323 916.850826087571 917.468966350313 918.177282369031 918.976104700016 919.688189060442 920.401860091062 921.027735370995 921.911378446054 922.63027226606 923.350686645 924.072621582876 924.795812634655 925.520392022852 926.246293636211 926.973451363472 927.782587050712 928.512389228295 929.243447519782 929.975299146364 930.800037090503 931.442241851174 932.177200706885 932.996583639122 933.825684926293 934.563420454842 935.209393557221 935.948319088415 936.780527604713 937.520643138552 938.261419784971 938.997039753263 939.831628274851 940.573991591463 941.316751575624 942.0596437823 942.802866545267 943.546287642008 944.379355604661 945.123437813983 945.960472452119 946.611602232626 947.355618330689 948.099502206237 948.936470733114 949.680156274888 950.423114592822 951.166734023338
913.094053849038 913.786965944631 914.568996016072 915.266271454696 915.965398008545 916.578910483223 917.444042406029 918.149317306877 918.856377211692 919.565089897958 920.275587588192 920.98760583736 921.701210756722 922.416468457535 923.210927445489 923.929490709204 924.649310086822 925.370451689601 926.092849406283 926.816503236868 927.541347070098 928.267248683456 929.166758460447 929.895304524127 930.533608720573 931.263939788221 932.086760505877 932.818876577492 933.551852095461 934.27808426511 935.104673324474 935.84016107025 936.576111594831 937.312723231993 938.049665425446 938.787202620221 939.61227112065 940.350866095554 941.089791626747 941.829047714232 942.568634358006 943.30822100178 944.140627851853 944.880545051917 945.618016135434 946.358462225563 947.191265743184 947.931645722055 948.671761255893 949.319254917208 950.151595656022
912.380779485966 913.069063793496 913.845871075551 914.538650948628 915.23328193693 915.93002848549 916.628560038017 917.328810483253 918.105749987824 918.810033219801 919.516035344487 920.223690250625 920.932931826955 921.643693962221 922.445160743527 923.0697137983 923.86324722864 924.580091599646 925.387971172984 926.017614794625 926.738293618598 927.459964111442 928.273330919197 929.078764375986 929.713498564497 930.530633713961 931.257989774997 931.986205282387 932.715214124873 933.445016302457 934.175545703879 934.991226405665 935.72334247728 936.456251883992 937.189557958251 937.92326070006 938.657426220674 939.392186742611 940.306373218888 940.950098538494 941.685982951817 942.422197921431 943.250638096021 943.987183621925 944.631636165369 945.458093002218 946.287260400646 947.024268705357 947.761277010067 948.498020869745 949.234698618165
911.53124982006 912.299528749826 912.984904162002 913.744059738158 914.433798493365 915.125520586313 915.819093794486 916.514452006627 917.211793556509 917.998319193497 918.611633334401 919.389564507843 920.093913851078 920.888306727773 921.596027745169 922.216481901942 922.926913480918 923.727719149644 924.519599798533 925.145144522176 925.861261669344 926.668215685068 927.386646726267 928.106201658853 928.73670472685 929.548418753153 930.35292665233 931.076712705431 931.801424316145 932.526929261955 933.253227542862 933.980120825091 934.707675219901 935.611812784955 936.249918647626 936.979522491436 937.709655225309 938.531682607868 939.262807010613 939.902896211026 940.634417281318 941.545694862241 942.278273712662 943.011050896858 943.652330099916 944.477001932797 945.210043562025 945.943019079994 946.766236465198 947.499674761974 948.232848613718
910.843097735046 911.521333131353 912.201617976658 912.884018382222 913.568402125527 914.327161034135 915.015842009213 915.706307988258 916.485429164344 917.179994041389 917.788944839261 918.486616945434 919.273340916196 920.050280420767 920.753241427583 921.369530575099 922.163659006762 922.871049467868 923.579629931618 924.200877423488 925.000889757117 925.792572072233 926.506573659143 927.221699137439 927.937882395865 928.655057323161 929.37315780807 930.092316073108 930.984487500455 931.615585569774 932.337586618908 933.06031489188 933.874210589699 934.598393310349 935.232598608796 935.957839109574 936.859728891854 937.586423840309 938.313449345054 938.950034648791 939.768888690964 940.496971975838 941.225385817002 942.041925965144 942.771067030146 943.500472540181 944.229878050216 944.959283560251 945.780054828908 946.418359025354 947.237940291365
910.07547991786 910.748756969813 911.424215693281 912.101789977007 912.866366676323 913.462756335167 914.14621452086 914.917336234722 915.677946258556 916.367618902504 916.972470802378 917.751988646013 918.446884079347 919.143233960359 919.840972177789 920.540495399187 921.317897682564 922.020660355606 922.724679142551 923.430152377173 924.13681561444 924.844801076868 925.553910430682 926.343675519314 927.055429323451 927.768240907716 928.482044160852 929.196839082858 930.001941983357 930.629139488451 931.346380527006 932.237163617934 932.956520216746 933.67647181688 934.307107107393 935.118490577406 935.840359404024 936.562691009448 937.370967250333 938.09455496966 938.818539356535 939.542920410959 940.267565910414 940.992409743644 941.717584133164 942.443022967716 943.256588109245 943.982489722604 944.799228204519 945.434359060579 946.160459007712
909.313349335091 909.981932487723 910.722378577852 911.479815261299 912.155141762251 912.747895301903 913.426924033306 914.193285736589 914.876281143475 915.561193776844 916.235330275152 917.010220330723 917.700686309768 918.392805070265 919.086444389696 919.781670379321 920.478416927881 921.25304253842 921.952962427366 922.654336763989 923.356834991999 924.060787667686 924.765864234759 925.560455445229 926.179455154325 926.967567461506 927.677470150417 928.477284150272 929.189236288183 929.8129298966 930.526468704704 931.330117157526 932.127881708382 932.84432941184 933.561239894104 934.278943711464 934.997110307631 935.715871905121 936.435096281417 937.154849547777 937.960547449598 938.681358496087 939.402632321382 940.214412458944 940.845907195811 941.567908244945 942.290041516595 943.19074129623 943.913535680461 944.545889863682 945.268750359171
