app/data/climate/baseline/Precipitation.asc
ncols        365
nrows        372
xllcorner    10.224615574000
yllcorner    43.742729801000
cellsize     0.000500000000
NODATA_value  -9999
[rows 242 to 263 of 372, columns 306 to 356 of 365]
968.102983887359 968.89684787399 969.689720191751 970.481336395608 971.271828708079 972.060998795389 972.849044991311 973.635702850815 974.526816498034 975.311160463506 976.093983870043 976.972933045781 977.655333451345 -9999 -9999 -9999 -9999 -9999 -9999 -9999 -9999 -9999 -9999 -9999 -9999 -9999 -9999 -9999 -9999 -9999 -9999 -9999 -9999 -9999 -9999 -9999 -9999 -9999 -9999 -9999 -9999 -9999 -9999 -9999 -9999 -9999 -9999 -9999 -9999 -9999 -9999
966.866174471812 967.65640233925 968.445704649076 969.337479408875 970.124864492218 970.910993461657 971.696064650968 972.47974750386 973.262372576623 974.043410979192 974.928772946961 975.804747116087 976.48476751636 977.260517018286 -9999 978.904109004599 979.675164607203 -9999 -9999 -9999 -9999 -9999 -9999 -9999 985.891936757674 986.756539790416 987.510737022218 -9999 -9999 -9999 -9999 -9999 -9999 -9999 -9999 -9999 -9999 -9999 -9999 -9999 -9999 -9999 -9999 -9999 -9999 -9999 -9999 -9999 -9999 -9999 -9999
965.842639974725 966.630025058067 967.514659801997 968.201687995624 969.089099412392 969.872451708993 970.752524776118 971.435784628036 972.215699139219 972.994291425241 973.868612812916 974.749545326395 975.427516277669 976.200885774306 977.06912492624 977.839519416264 978.608195013579 979.375548385733 -9999 -9999 -9999 -9999 -9999 984.0527215588 984.808505460796 985.562570470083 986.517150925027 987.173900162468 -9999 -9999 -9999 -9999 -9999 -9999 -9999 -9999 -9999 -9999 -9999 -9999 -9999 -9999 -9999 -9999 -9999 -9999 -9999 -9999 -9999 -9999 -9999
964.724632489888 965.606556672238 966.389578412549 967.07376382208 967.854934447166 968.732363063969 969.511219795023 970.295034870431 971.071974375002 971.944576869967 972.718805812958 973.491844753305 974.167105142999 975.033955958514 975.908079012414 976.675829052117 977.442058532884 978.207031899749 -9999 -9999 980.492299756667 981.452301334771 982.114670029146 982.870123374851 983.624056161622 984.470015819594 985.220180264656 985.875210609388 -9999 -9999 -9999 -9999 -9999 -9999 -9999 -9999 -9999 -9999 -9999 -9999 -9999 -9999 -9999 -9999 -9999 -9999 -9999 -9999 -9999 -9999 -9999
963.611451126889 964.39176230562 965.272364262809 965.953772999502 966.829019944789 967.605761115586 968.38157672877 969.059415457528 969.929902392236 970.805546005072 971.576932163967 972.347194431475 973.116134473822 973.883884513525 974.650246216808 975.415285694931 976.178804614118 977.046052097181 977.807124899821 978.566544921009 979.419049593528 980.175230163072 980.835615519706 981.588887193896 982.540889309776 983.290855421064 984.039102639642 984.692480202923 985.530638732446 986.273663161639 987.015233143154 -9999 -9999 -9999 -9999 -9999 -9999 -9999 -9999 -9999 -9999 -9999 -9999 -9999 -9999 -9999 -9999 -9999 -9999 -9999 -9999
962.5094425665 963.286514293587 964.062594351803 964.837881074923 965.713326353984 966.487026406911 967.259734790967 968.031385394894 968.802110441209 969.571645484878 970.340056637161 971.107277786799 971.976508607604 972.741481974469 973.505331449946 974.267660366489 975.1238011582 975.788483746607 976.546713765151 977.503079224062 978.258598681025 979.012531467796 979.670999597946 980.51590147579 981.265206474497 982.013057025527 982.759254795106 983.610305019948 984.353329449141 985.094767208141 985.834486074431 986.57255215927 987.308833240142 -9999 -9999 -9999 -9999 -9999 -9999 -9999 -9999 -9999 -9999 -9999 -9999 -9999 -9999 -9999 -9999 -9999 -9999
961.41523513456 962.188935187487 962.961841905317 963.733823065534 964.505143113171 965.275537603196 966.044808201833 966.914435690186 967.682119618631 968.448679655688 969.214248023875 970.074157157295 970.74194697483 971.504077557599 972.367887255244 973.222573599278 973.981001951596 974.643635091003 975.399551215515 976.248221435067 977.001228664225 977.752715334448 978.607666123515 979.356442232158 980.103763893123 980.849498883896 981.593779426992 982.336341077378 983.077448280088 983.92307738177 984.661143466609 985.489451418683 986.132317291934 986.865491143677 -9999 -9999 -9999 -9999 -9999 -9999 -9999 -9999 -9999 -9999 -9999 -9999 -9999 -9999 -9999 -9999 -9999
960.32882883107 961.197927429359 962.064051021036 962.736997516698 963.505276446465 964.272828152393 965.135117291103 965.805088780154 966.670617370508 967.434466845986 968.292789309213 969.054589335691 969.72019748171 970.479683614157 971.332915510514 972.090021637671 972.948806879705 973.609258347596 974.45720134331 975.209481348629 975.960174683756 976.709744127495 977.457793012299 978.308909348399 979.054247671624 979.798197658429 980.63338118134 981.281602066493 982.020924265235 982.758924238816 983.587099968374 984.42750628067 985.069116040018 985.800769332827 986.622003380289 -9999 -9999 -9999 -9999 -9999 -9999 -9999 -9999 -9999 -9999 -9999 -9999 -9999 -9999 -9999 -9999
959.250157544772 960.113041684804 960.879138943055 961.647748429112 962.412920129751 963.272763151913 964.036017626068 964.703410776055 965.465078580017 966.320888815438 967.080639392917 967.940085747531 968.603313888261 969.454826891909 970.210544682647 970.964940248224 971.718278033672 972.470425816475 973.323856046607 974.073756046636 974.822201598989 975.569523259955 976.315390473243 977.059803238855 977.802959890564 978.637217855862 979.481656954899 980.128357281117 980.865828364634 981.693739649159 982.428103503548 983.161012910259 983.800903776898 984.727585280946 985.455999122111 -9999 -9999 -9999 -9999 -9999 -9999 -9999 -9999 -9999 -9999 -9999 -9999 -9999 -9999 -9999 -9999
958.179155164407 959.038204851472 959.801062658079 960.468191363034 961.324993267326 962.085801624933 962.944652978225 963.609269455373 964.462831908021 965.220466925242 965.977308607367 966.733158620621 967.488016965004 968.342504975264 969.095379981906 969.847329430935 970.598221099836 971.347724432317 972.096236095928 972.843359423119 973.589358858924 974.529791504646 975.180326283831 975.922623489185 976.663730691894 977.495608651902 978.233740848 978.87832561396 979.809634906071 980.543734315428 981.276379277107 982.007503679851 982.73710752366 983.465323031051 984.192017979506 -9999 -9999 -9999 -9999 -9999 -9999 -9999 -9999 -9999 -9999 -9999 -9999 -9999 -9999 -9999 -9999
957.114367242298 957.971036924074 958.730721390295 959.394808977379 960.247974762478 961.005675890958 961.76258368434 962.518764253884 963.372789485338 964.127581718464 964.881580616492 965.634455623134 966.386537294679 967.137561186096 967.887659519899 968.636567851058 969.578851612005 970.23242750906 970.978360833607 971.723302489283 972.559676014839 973.301973220193 973.95039243912 974.792782089158 975.623734491553 976.36120557507 977.097288322168 977.740286417935 978.565421029623 979.297404878722 980.028000391401 980.861068354054 981.589217750187 982.315648253609 -9999 -9999 -9999 -9999 -9999 -9999 -9999 -9999 -9999 -9999 -9999 -9999 -9999 -9999 -9999 -9999 -9999
956.058768785058 956.81534602215 957.571394369178 958.326913826142 959.178559052306 959.933086840399 960.686887404654 961.439894633812 962.192306861647 962.943859643128 963.694619089512 964.636968961717 965.292528196514 966.040907637608 966.788163187316 967.627842275774 968.372916153966 969.024112045731 969.868022254704 970.703139666356 971.444180757808 972.18416406913 972.830599950316 973.660428461325 974.396775653455 975.131866731682 975.967975812205 976.700752996401 977.432340177951 -9999 -9999 -9999 -9999 -9999 -9999 -9999 -9999 -9999 -9999 -9999 -9999 -9999 -9999 -9999 -9999 -9999 -9999 -9999 -9999 -9999 -9999
955.105576666533 955.858980563239 956.611987792397 957.364598354007 958.116547803036 958.964424687491 959.71538246765 960.465679135228 961.215248578967 961.96402468761 962.805687113809 963.552876552259 964.205857447991 965.050230435771 965.888058409003 966.63194228455 967.374768379969 968.023914822735 968.857445564194 969.597230541743 970.436380740136 971.174248491201 971.910860128363 972.646480096655 973.380711728527 974.113951691529 974.845935540628 975.678540724474 976.4082767908 977.136756743222 977.863848359225 -9999 -9999 -9999 -9999 -9999 -9999 -9999 -9999 -9999 -9999 -9999 -9999 -9999 -9999 -9999 -9999 -9999 -9999 -9999 -9999
954.064059907257 954.814158241061 955.657671782485 956.313164906024 957.061874903408 957.809989899471 958.65099121309 959.304567110144 960.147551761505 960.893485086051 961.731577504316 962.475990269928 963.126525049113 963.962039128313 964.703939666119 965.543354309545 966.2836020659 967.022858153384 967.761254794513 968.498593655514 969.234940847644 969.970164148387 970.704329669001 971.537860410461 972.270042593334 973.00110088482 973.822136598508 974.459713571116 975.187267965926 975.913500135574 976.830926063496 977.554910450371 -9999 -9999 -9999 -9999 -9999 981.974910829634 982.690102419189 983.404170117357 984.116783367848 -9999 -9999 -9999 -9999 -9999 -9999 -9999 -9999 -9999 -9999
952.93626795623 953.776079267203 954.522078703008 955.269135918942 956.014540353424 956.852566660431 957.596913314785 958.247844761518 958.991067524484 959.826449381169 960.664872355724 961.406310114724 962.147020649885 962.886937849949 963.625929492401 964.364260022273 965.101532772015 965.838012186661 966.672270151959 967.407096785154 968.141063971994 968.965405248585 969.605825005289 970.336486629227 971.066354918068 971.986293073795 972.713913579863 973.349639437245 974.075144383055 974.890031749745 975.613156690266 976.334959405625 977.067207699756 -9999 -9999 979.31267657933 980.028925949014 980.743654759763 981.45739190164 982.169872929615 982.983768627435 983.694001872636 984.402912892676 -9999 -9999 -9999 -9999 -9999 -9999 -9999 -9999
952.002909215119 952.746065866828 953.488693628472 954.138302850044 954.97295748289 955.808868229639 956.550041543607 957.19826242876 958.030999835123 958.770586478897 959.509512010091 960.247644206188 960.985181400963 961.81877825368 962.55512544581 963.290745414102 964.11720225095 964.759407011621 965.49238252959 966.224498601205 967.145626759577 967.875957827225 968.514195912413 969.242741976093 970.06113323946 970.787563742883 971.512936466177 972.146811208334 973.060534905804 973.78280039997 974.504008114008 975.224091936658 975.942985756663 -9999 977.37753394503 978.194206315687 978.998053102284 979.622143378249 980.334359961192 981.045320430232 981.843944427442 982.464068027925 983.273930939004 983.980594176271 984.774259829128 -9999 -9999 -9999 -9999 -9999 -9999
950.983539727289 951.723126371063 952.462646903579 953.201638546031 953.940299632193 954.67843182829 955.416299579355 956.153638440356 956.985185844074 957.721731369978 958.457615783301 959.192971306561 959.927731828498 960.661765126596 961.395203423372 962.315868802937 963.047852652036 963.687677407417 964.418206808839 965.238978077495 965.967524141176 966.695409092276 967.331465505948 968.246643651096 968.971950263132 969.696000761265 970.419257924302 971.141391195952 971.862665021247 972.582748843897 973.401668997328 974.119901704753 974.837076632049 975.553061556701 976.268054812482 977.071108263981 977.783721514472 978.406291231503 979.218005257807 980.016232587469 980.724614717445 981.343548315283 982.04988099626 982.843149981568 983.547367102287 984.352470002786 984.966974146335 -9999 -9999 -9999 -9999
949.97124414407 950.7075913362 951.535899288273 952.271849812855 953.007535892404 953.742957526922 954.477982493891 955.212478570795 955.946511868894 956.774357042161 957.507663116421 958.332004393012 958.972556372231 959.704011331266 960.434871288978 961.256237558957 961.985510846475 962.719544144574 963.538662631779 964.265886470298 964.992250862463 965.717954142048 966.442599641503 967.16651791712 967.987553630809 968.709819124975 969.430960727754 970.151308995436 970.87059948299 971.588964412931 972.306271562744 973.112035575823 973.837540521633 974.551872664834 975.265213139163 976.066547697954 976.77764038951 977.399086215153 978.108195568968 979.005655896959 979.712715801774 980.330525508225 981.123728382276 981.827681057963 982.530774287295 983.232809736499 984.035400409192 984.735716965686 -9999 -9999 -9999
948.965824131687 949.698799649657 950.52307481499 951.163891239241 951.988496960864 952.720613032479 953.5439626402 954.183853506839 954.914779575809 955.645375088489 956.466675247209 957.196080757244 957.92852738515 958.657139560088 959.476125824777 960.203349663296 960.930044611752 961.565373801585 962.381318948404 963.202222439577 963.926074603936 964.649331766972 965.371729483654 966.093201642724 966.813814355438 967.533567621799 968.34230664149 969.068671033655 969.785845960951 970.502095330635 971.306933786102 972.021133706786 972.645356205268 973.357771121985 974.257479232749 974.968043034241 975.677482944346 976.297474322313 977.093519980459 977.799984883952 978.505524229832 979.210005795583 980.014183138469 980.716945811511 981.418584593167 982.119496150983 982.819482151187 983.518344260004 984.216545256241 -9999 -9999
947.967610246432 948.788315403831 949.517588691349 950.155694554021 950.88463728525 951.70428466252 952.432632392426 953.162104013719 953.889988964819 954.708446339443 955.435471844189 956.162100681386 956.797363759962 957.613639463071 958.433022395308 959.157667894764 959.881652281639 960.604975555933 961.327571606389 962.049638766781 962.770912592076 963.581304393219 964.30747045161 965.026694827906 965.745191980363 966.552212107345 967.268858144577 967.895130092059 968.610123347839 969.511352017539 970.224626380611 970.937041297328 971.559478791842 972.358896124149 973.06846825677 973.77704872052 974.484835849174 975.290665973511 975.996668098198 976.701744665271 977.405697340958 978.10879057029 978.81095824201 979.512200356117 980.312873802327 981.099796106863 981.711193021284 982.40906346123 983.10614056608 983.889426751424 984.584718852306
946.977131378369 947.702966880469 948.519110361062 949.154175105864 949.970715254005 950.696087977299 951.421130144303 952.055467665266 952.870685588247 953.687225736388 954.411342345779 955.134930065106 955.858121116885 956.580849389857 957.302982661507 958.024587043092 958.745662534613 959.560748235077 960.280832057728 961.000122545282 961.808861564973 962.526763716108 963.15435788875 963.870937814724 964.77262926323 965.487688630269 966.202152995985 966.8266399395 967.628503388354 968.340455526265 969.051548217821 969.761781463022 970.568933812521 971.277580387529 971.98543362744 972.692295198481 973.398165100652 974.103307778983 974.807458788444 975.609652793589 976.399946772286 977.013988137028 977.714833583587 978.414621250017 979.201014664489 979.899215660725 980.509356461243 981.305931009454 982.088886638507 982.783914294358 983.47821472637
946.081918833151 946.804713217382 947.527375379096 948.249971429552 949.062875458501 949.785339286441 950.507737003123 951.229738052256 951.951474656358 952.672880704169 953.39395619569 954.207190780929 954.927671271128 955.647755093778 956.36744224888 957.08653440266 957.894942866062 958.523132040026 959.334912177588 960.052020993626 960.858049451738 961.573769931357 962.199512988774 963.003227552854 963.716964694732 964.429908501514 965.238118631141 965.949806324019 966.660634570543 967.37066948197 968.079911058301 968.788425410793 969.495948094414 970.300191548559 971.006458118277 971.711666907867 972.504010335563 973.119572259241 973.822334932283 974.52423815897 975.312813244957 976.024236492803 976.723627491685 977.422357377986 978.207362456039 978.904373449631 979.513522581278 980.295883209009 981.090209974446 981.784245961426 982.477686947083
