app/data/climate/baseline/Precipitation.asc
ncols        365
nrows        372
xllcorner    10.224615574000
yllcorner    43.742729801000
cellsize     0.000500000000
NODATA_value  -9999
[rows 88 to 109 of 372, columns 204 to 254 of 365]
1084.64212456904 1086.07515219847 1087.67173908031 1089.11236950442 1090.5572971603 1092.00546426782 1093.45693693825 1094.91270684045 1096.37171619429 1097.99540869193 1099.46202084045 1101.11493451415 1102.4039057123 1103.87917843562 1105.35769061059 1107.02574376238 1108.51080095189 1109.97959477193 1111.47106475347 1113.1521418231 1114.65022293045 1116.15041959805 1117.46537252061 1118.97099031138 1120.66714074784 1122.34821781747 1123.8625622943 1125.18835746317 1126.89640792608 1128.4172313062 1129.93911246645 1131.46416696708 1133.16587074922 1134.69423081275 1136.22470643655 1137.75742984311 1139.29107880729 1140.82604999663 1142.36300452371 1143.90114905344 1145.62004176267 1147.1614918553 1148.70280972541 1150.24518537565 1151.78875102854 1153.52509710989 1154.8757501118 1156.42037354481 1158.15010850036 1159.88976014461 1161.43438357763
1082.90696849033 1084.33556666547 1085.76753651478 1087.20274581572 1088.80151436908 1090.24426035344 1091.87225008286 1093.14066067975 1094.59424891043 1096.05001881263 1097.6932141314 1099.15658682827 1100.60369615567 1102.07354775583 1103.54663880764 1105.20715527601 1106.68672523111 1107.98329922393 1109.46829030219 1111.14288846853 1112.80122326538 1114.29599880983 1115.60553060923 1117.29202880201 1118.79328324975 1120.29784326039 1121.80451883129 1123.48559590091 1124.99769259497 1126.51190484928 1128.02836488637 1129.54588270358 1131.06551608106 1132.5873972413 1134.11139396181 1135.81309774394 1137.34040002735 1138.86876009089 1140.39817793455 1141.92971133847 1143.65415739338 1144.99515815161 1146.52999711843 1148.2467742674 1149.97439366269 1151.51148041229 1152.85671229103 1154.39485682076 1156.12459177631 1157.66273630604 1159.38718236094
1081.17458908446 1082.7760681994 1084.02471153013 1085.45555748805 1086.88858511748 1088.50579871183 1089.94748691607 1091.3718539707 1092.81896329809 1094.27036985726 1095.90708627274 1097.36391395507 1098.64316679828 1100.1064733839 1101.92083074974 1103.39174013004 1104.86595507323 1106.15704183164 1107.82192164304 1109.30367326965 1110.78866434791 1112.27696098907 1113.93529578592 1115.42901355024 1116.92484687482 1118.42279575965 1119.92299242726 1121.42543687764 1122.93105466841 1124.43773023931 1126.11986508906 1127.82037886855 1129.1451162573 1130.66051851426 1132.17803633148 1133.88608679438 1135.21624530629 1136.73706868641 1138.43864024603 1140.15330183474 1141.67954633802 1143.01512597309 1144.54229603398 1146.26237874586 1147.79073880939 1149.50328483785 1150.8420378133 1152.56423608543 1154.09590171187 1155.62743511579 1157.1580429621
1079.28783989105 1080.88310454773 1082.28492766336 1083.71061694315 1085.13822344942 1086.74994980936 1088.1851591103 1089.44490913239 1090.88659733663 1092.67378297542 1094.12307397433 1095.57560442489 1096.84943614494 1098.4893259008 1099.95157470629 1101.41607129455 1102.88268344307 1104.51933374729 1105.9924247991 1107.46875530255 1108.94733358878 1110.42901910413 1111.91295240226 1113.40019126329 1114.88954568458 1116.55118604434 1118.23226311396 1119.54179491336 1121.0397437982 1122.54099824593 1124.23185978175 1125.73641979239 1127.22894755406 1128.73787090773 1130.43732690709 1131.94942360115 1133.2741609899 1134.78837324421 1136.49444036938 1138.01195818659 1139.7092986257 1141.03932491509 1142.75081316342 1144.27256210115 1145.7944432614 1147.31738220177 1148.84032114215 1150.36431786265 1152.07250054808 1153.59649726858 1155.12049398909
1077.73746477859 1079.15079125312 1080.39017900773 1081.80971994052 1083.56979996351 1084.99634868965 1086.42719464757 1087.6815235465 1089.29754713821 1090.73817756231 1092.18098965794 1093.62809898533 1095.23982534527 1096.69235579582 1098.14812569802 1099.60713505187 1101.06944996861 1102.53388044562 1104.00049259414 1105.4703441943 1107.11023395016 1108.77075041853 1110.06408495971 1111.54471269494 1113.02758821294 1114.69888081637 1116.1861196774 1117.66132628947 1119.15398627366 1120.83506334328 1122.33195444799 1123.83003555534 1125.14287291764 1126.83254445081 1128.33604668132 1130.01712375094 1131.33525001389 1133.03259045299 1134.54257158679 1136.05361050072 1137.56570719478 1139.07886166896 1140.59201614315 1142.28724102199 1143.80251105643 1145.31897109352 1146.83543113061 1148.35294894783 1149.86940898491 1151.38692680213 1153.27810544983
1076.16970240525 1077.57833498047 1078.81368994834 1080.40584737589 1081.82459497358 1083.24697869047 1084.83166554586 1086.26039594352 1087.69229968156 1089.12750898251 1090.5659577351 1092.00764593934 1093.45151581509 1094.89862514248 1096.51253317393 1097.96618751588 1099.60501949161 1100.88202455205 1102.34433946879 1103.8087699458 1105.45950194798 1107.09727614358 1108.38624734173 1109.86152006505 1111.5230282023 1113.00378816004 1114.48547367539 1115.78429545099 1117.45664583455 1119.11709619167 1120.6076406156 1122.1012261574 1123.59600170185 1125.09196724894 1126.58991613378 1128.08905502125 1129.59030946899 1131.26808097571 1132.77264098635 1134.27720099699 1135.78281878776 1137.29055213878 1138.79828548981 1140.30601884083 1141.99582259652 1143.69527859588 1145.01671042173 1146.52774933566 1148.03878824958 1149.73943425159 1151.250340943
1074.29141545287 1075.85157503153 1077.25862093655 1078.66897240447 1080.0826294353 1081.49939369525 1082.91959574062 1084.34316946015 1085.76971818629 1087.35870227346 1088.79172990289 1090.40781960585 1091.66756962794 1093.10925783218 1094.55418548806 1096.18217521747 1097.79720714031 1099.06885718885 1100.52568487117 1102.16669851842 1103.62894732391 1105.09337780091 1106.37587009577 1108.02878376947 1109.66873963659 1111.14288846853 1112.61928508324 1114.09673947808 1115.5773672133 1117.0602427313 1118.54417602943 1120.03022488781 1121.69080746744 1123.18121966886 1124.67268965041 1126.1653496346 1127.66012517904 1129.15595850362 1130.65284960833 1132.32744777466 1134.01500374758 1135.32784110988 1136.82909555761 1138.33140778548 1140.02121154117 1141.52458154916 1142.84072447436 1144.5260326645 1146.21795198045 1147.72251199109 1149.22707200173
1072.57272107742 1073.97110640764 1075.37273118949 1076.93520466218 1078.34370501488 1079.75551093048 1081.34747002425 1082.58844444906 1084.00957205204 1085.43393910667 1087.03918656331 1088.63141010212 1089.88573900105 1091.32200608213 1092.94133523674 1094.38414733236 1095.82907498824 1097.09530391362 1098.72765698606 1100.34586224929 1101.80163215149 1103.2595837252 1104.72077475056 1106.18414744744 1107.64970181583 1109.11624785309 1110.75613760895 1112.22817088063 1113.70245193508 1115.17871632728 1116.65722850224 1118.32217442491 1119.61861619521 1121.10149171321 1122.75982651007 1124.43230911615 1125.73417200961 1127.2235264309 1128.71407085483 1130.39290014168 1131.88556012587 1133.19178636237 1134.86532674858 1136.54746159833 1138.04329492291 1139.54031825013 1140.84985004953 1142.53410045954 1144.03218156689 1145.5290726716 1147.20909196109
1070.85700170858 1072.42489630443 1073.64722735446 1075.04719935487 1076.45021247315 1078.03251932325 1079.60087669791 1080.83742166842 1082.25332648202 1083.84925225128 1085.27143763439 1086.69686246915 1087.9468941363 1089.55643882472 1091.15196792643 1092.58929278764 1094.02886543162 1095.47055363585 1096.91548129173 1098.36259061913 1099.81188161804 1101.43015299252 1102.88592289472 1104.34275057705 1105.80288382228 1107.26407484764 1108.91156739817 1110.19405969303 1111.66172962168 1113.3016854888 1114.95777250288 1116.43205355734 1117.72307420448 1119.19947081919 1120.86322673921 1122.34279669431 1123.63937068713 1125.29664770386 1126.96688252716 1128.45187360542 1129.93805468632 1131.23991757979 1132.91345796599 1134.40175460715 1136.07093165033 1137.56028607162 1138.86439674786 1140.54216825458 1142.03258045599 1143.52312487993 1145.01459486147
1069.16217349728 1070.70673081904 1071.9247646373 1073.31991051587 1074.89289567859 1076.29445434919 1077.69912024892 1078.93077298634 1080.51750929073 1082.09095723225 1083.5080520485 1084.92805576009 1086.35030725446 1087.77573208922 1089.20439637562 1090.63530844479 1092.23189532663 1093.66816240771 1095.10766894043 1096.54935714467 1097.99322702042 1099.6201589697 1100.88856956659 1102.33891834563 1103.95930528037 1105.59707947598 1107.05608882982 1108.33316000152 1109.79540880701 1111.44184357742 1112.90739794581 1114.37506787445 1115.83189555678 1117.48705701325 1118.95895806242 1120.43323911687 1121.72320198389 1123.1995985986 1124.86229673849 1126.51626819231 1127.99583814741 1129.2913543601 1130.9582836205 1132.4411591385 1133.92297687637 1135.4069101745 1136.89084347263 1138.55459939265 1140.03853269077 1141.52352376903 1143.00745706716
1067.6075672643 1068.99180478529 1070.20554137178 1071.92641741875 1073.32030718342 1074.71737028847 1076.1174745114 1077.52048762968 1078.92660797708 1080.33543888607 1081.90723404614 1083.32175052332 1084.74069645479 1086.16070016638 1087.58400944088 1089.01055816702 1090.6168634038 1091.87006841134 1093.46665529318 1094.90404626564 1096.52231764012 1097.96400584436 1099.22699531809 1100.6729807541 1102.12121397289 1103.75244315394 1105.37283008868 1106.64560402861 1108.10243171093 1109.74238757805 1111.20252082328 1112.66476962877 1113.94508025212 1115.76472651861 1117.23133866713 1118.70019859842 1119.98579812241 1121.64095957888 1123.11193507043 1124.58502612224 1126.05917495417 1127.70997306761 1129.18517967968 1130.66263407452 1132.13903068923 1133.61648508407 1135.09380725639 1136.57245165387 1138.0497738262 1139.7092986257 1141.37305454572
1065.90050847026 1067.27991986942 1068.48949144665 1070.04806435511 1071.43679744165 1072.98571810644 1074.3807317625 1075.77891875894 1077.17988242822 1078.58355665907 1079.99013978529 1081.57601664332 1082.81170216748 1084.38759622556 1085.80541826564 1087.22548808849 1088.82749609349 1090.07527997787 1091.50288648415 1092.93379855332 1094.54552491325 1096.14640902687 1097.40397737744 1098.84460780155 1100.4671764078 1101.91104628355 1103.35815561095 1104.62438453633 1106.42459409295 1107.87712454351 1109.33183666558 1110.78760656778 1112.24549203024 1113.70456749534 1115.16470074057 1116.62589176593 1118.26254207015 1119.72703865841 1121.19246080428 1122.6590729528 1124.12674288145 1125.59454503262 1127.06327274139 1128.53319045282 1130.18174078348 1131.83571223731 1133.12355954407 1134.59559281575 1136.0665683073 1137.72265532138 1139.19363081293
1064.19682135039 1065.57147273896 1066.94923135667 1068.32996498098 1069.71380583443 1071.10048947197 1072.49021422738 1073.88271565563 1075.43652855351 1076.83517832876 1078.23673699936 1079.81653162166 1081.04772158027 1082.45727971309 1083.86981285253 1085.62348008349 1087.04136823483 1088.28373099605 1089.70591637917 1091.31010605568 1092.73771256195 1094.16750073974 1095.41964796715 1097.19929692253 1098.6355640036 1100.0740127562 1101.5146431803 1102.95738916467 1104.40231682055 1105.84836836781 1107.29547769521 1108.91480684982 1110.36621340899 1111.81986775093 1113.27352209287 1114.72929199507 1116.1861196774 1117.64400513986 1119.10308060496 1120.73761534892 1122.38180233655 1123.66105517977 1125.12330398526 1126.58674279339 1128.23423534393 1129.69859970967 1131.1587329549 1132.62322954317 1134.27177987383 1135.73733424222 1137.2027563881
1062.3418716721 1063.7114324938 1065.08390221086 1066.61517116975 1067.99405367884 1069.37597730581 1070.9340213242 1072.14835291202 1073.53867266875 1074.93183520958 1076.66143794261 1078.06081494169 1079.28750933476 1080.6918446782 1082.27487875214 1083.68463521874 1085.09703613566 1086.33404388498 1088.09095056759 1089.51095427918 1090.9331396623 1092.35750671692 1093.78405544307 1095.21271972947 1096.64250790725 1098.07553553669 1099.67648576156 1101.11381062276 1102.55225937535 1103.99288979946 1105.4345780037 1107.05827050134 1108.3223177552 1109.76949319385 1111.38763234582 1113.01899374939 1114.28846212641 1115.74092646571 1117.19339080501 1118.8289833291 1120.28369545117 1121.73192866995 1123.18875635228 1124.8287122194 1126.28553990173 1127.7435575867 1129.02056264714 1130.66051851426 1132.11946175685 1133.75730206371 1135.21624530629
1060.64512623431 1062.18069242498 1063.37770286318 1064.74845368753 1066.12211340724 1067.82738719731 1069.2075258203 1070.41756017634 1071.80292158872 1073.36486617134 1074.75597926317 1076.14980291658 1077.37160507655 1079.10517448507 1080.50726204573 1081.91166350043 1083.31851107167 1084.72767253695 1086.139081785 1087.55366437344 1088.96937085326 1090.55187603714 1091.97300364012 1093.39518902323 1094.82061385799 1096.24716258413 1097.85459171229 1099.10673893971 1100.70656527319 1102.14071679401 1103.75674038572 1105.19413135818 1106.45388138027 1107.89444569312 1109.51708041063 1110.95989250625 1112.39503569594 1113.84102113195 1115.46907697262 1116.9173101914 1118.36541118767 1119.63382178456 1121.26505096562 1122.71539974466 1124.34345558533 1125.7948621445 1127.24745870631 1128.69886526548 1130.15132960478 1131.60392616659 1133.05639050589
1059.27530096758 1060.63633343699 1061.82964164475 1063.19609523732 1064.73675199486 1066.10922171192 1067.48466643559 1068.84715335269 1070.40083402805 1071.78480710401 1073.17149074155 1074.5606866069 1075.95239470005 1077.34674724353 1078.74361201481 1080.30350714843 1081.70552859784 1083.11006227505 1084.51644706749 1085.92567464402 1087.33701778082 1088.92712575937 1090.32980832136 1091.7476964727 1093.16770018429 1094.76759262903 1096.19083579228 1097.43868578792 1098.8651684028 1100.47259753096 1102.07136608432 1103.50439371375 1104.75872261268 1106.37368842426 1107.80995550533 1109.24840425792 1110.50703038863 1112.12754954588 1113.74145757733 1115.18307967031 1116.62694954606 1118.07081942181 1119.51468929756 1120.95961695344 1122.40560238945 1124.02823710696 1125.47422254297 1126.92139798162 1128.36738341763 1129.81455885629 1131.44142469431
1057.43099520183 1058.78693710438 1060.13005342287 1061.66218182811 1063.02711486176 1064.3948906795 1065.76531094756 1067.13857399971 1068.51454761345 1069.89309956625 1071.43216965359 1072.81634106332 1074.20302470087 1075.59228667747 1076.98379643685 1078.37795064655 1079.94908469404 1081.33424777265 1082.73574033199 1084.13954678536 1085.72092807785 1087.12909787426 1088.36280006068 1089.77526708886 1091.36530895615 1092.9467563599 1094.36570229137 1095.60813116385 1097.20683360595 1098.63014288044 1100.05450993507 1101.48105866121 1102.90866516749 1104.50743372084 1105.93827967876 1107.3701834168 1108.80327715749 1110.23729645579 1111.672571868 1113.10877283782 1114.71844974875 1116.15584072121 1117.59428947381 1119.03379600653 1120.47330253925 1122.09263169386 1123.35231560469 1124.79301214005 1126.41009351189 1128.03167044927 1129.47117698199
1055.7441003415 1057.09548056724 1058.44950524331 1059.80650492599 1061.32124607036 1062.68419576627 1064.04985602375 1065.41816073155 1066.78924211219 1068.16283572064 1069.53900766815 1071.09030833823 1072.45748915464 1073.84166056438 1075.22807975689 1076.79088378587 1078.18232743399 1079.40174958867 1080.79755657982 1082.37021118625 1083.93261854768 1085.33536722092 1086.56477217557 1088.14727735944 1089.55538104459 1090.96672418138 1092.37813342943 1093.79271601787 1095.37416342162 1096.7919854617 1098.21093139317 1099.63205899615 1101.05318659913 1102.47649587363 1103.90086292826 1105.4974498101 1106.92393242498 1108.35266282264 1109.7813932203 1111.21111528683 1112.82184997789 1114.07399720531 1115.50583483209 1117.11220618013 1118.72505643145 1120.15914184101 1121.41353685119 1122.84762226075 1124.46047251207 1125.89455792163 1127.3286433312
1054.0607754891 1055.40752792678 1056.7570570373 1058.10942893191 1059.46431305433 1060.82217218337 1062.35291225219 1063.70171413887 1065.0677710639 1066.43660466177 1067.97944309082 1069.35356558933 1070.55778215466 1071.93646632997 1073.49014700534 1075.03338210194 1076.41966907193 1077.63459566106 1079.19911858275 1080.59195056729 1081.98683200083 1083.38349843833 1084.78294154868 1086.34700169156 1087.74975036481 1089.15567237844 1090.56166050333 1091.96976418848 1093.38004954514 1094.79139268193 1096.37171619429 1097.96400584436 1099.20312915394 1100.62101730528 1102.03883934536 1103.63655011859 1104.8800367712 1106.30222215431 1107.8955695845 1109.49751147825 1110.92300242426 1112.17078630864 1113.59627725466 1115.20145860004 1116.62800732619 1118.23001533119 1119.48004699834 1121.08641834638 1122.51402485265 1123.94268913905 1125.37029564532
1052.2287003061 1053.73828477235 1055.06817883923 1056.41585683452 1057.76624539139 1059.28878766422 1060.64479567802 1061.83347609771 1063.19431023336 1064.72828975383 1066.25149313924 1067.62072340465 1068.82064273821 1070.36619172884 1071.74236367635 1073.12091562915 1074.50171536472 1076.04468601629 1077.4303118737 1078.81792106885 1080.20764582426 1081.59928780616 1082.99291312579 1084.38865400568 1085.78598155577 1087.34898391852 1088.92494408785 1090.15329126237 1091.55703160449 1092.96301972938 1094.54658269338 1095.95581026992 1097.18951245634 1098.76877818857 1100.35888616712 1101.77346875556 1103.01153428501 1104.42724076483 1106.02164597516 1107.43953412649 1109.02964210505 1110.27207097753 1111.8697156395 1113.29084324248 1114.71197084546 1116.13309844845 1117.3765189898 1118.97641143454 1120.57405609651 1121.99518369949 1123.41736908261
1050.872361736 1052.2102552651 1053.38320120538 1054.7262514126 1056.39430456439 1057.74350311862 1059.09521390066 1060.28005986738 1061.63672899377 1063.1658823924 1064.5275759744 1066.04892824458 1067.24494701391 1068.78533932641 1070.15701570838 1071.53107209563 1072.90711182062 1074.28539932839 1075.66580239642 1077.20897138176 1078.59393612659 1080.15436015028 1081.36968340696 1082.76020149747 1084.15250459194 1085.54659269038 1087.11713173655 1088.50467482045 1089.90411793079 1091.30468493252 1092.88282677337 1094.28663322674 1095.51603818139 1096.92308408641 1098.67456964585 1100.08373111113 1101.31749940881 1102.72778476547 1104.31676885263 1105.72923588081 1107.14163679773 1108.37970232718 1110.14315402434 1111.55886050416 1112.97456698398 1114.39027346381 1115.80597994363 1117.22274420358 1118.6384506834 1120.05415716323 1121.64638070204
1049.19961468489 1050.5330787597 1051.70205802449 1053.04054655492 1054.54946990859 1055.89344567343 1057.39450178739 1058.57538107863 1060.09627057001 1061.45089024739 1062.80788993007 1064.16726961804 1065.52889708878 1066.89290456481 1068.41716573035 1069.78606543947 1071.15721293137 1072.53034376101 1073.90578848468 1075.28301821232 1076.66229738896 1078.21624250936 1079.58831555888 1080.97367697126 1082.36075727634 1083.92290019274 1085.31368272828 1086.53224543661 1087.92520964366 1089.66043183363 1091.05769327246 1092.45607860267 1093.68006243416 1095.25608871475 1096.6577134966 1098.06145383872 1099.28980101324 1101.03910490117 1102.4450269148 1103.85207281982 1105.25911872484 1106.66834630137 1108.07644998652 1109.4856114518 1110.89483902833 1112.47741032347 1113.88769568013 1115.29784881428 1116.70813417094 1118.1184195276 1119.70535416577
