app/data/climate/baseline/Precipitation.asc
ncols        365
nrows        372
xllcorner    10.224615574000
yllcorner    43.742729801000
cellsize     0.000500000000
NODATA_value  -9999
[rows 22 to 43 of 372, columns 102 to 152 of 365]
1048.78364264926 1049.87745341365 1050.97966030781 1052.09013110923 1053.32429607446 1054.45175746919 1055.72988642102 1056.73107531289 1057.88279953933 1059.04258933925 1060.35674892671 1061.53333098618 1062.68743521791 1063.87902453295 1065.22855364347 1066.43627410548 1067.65159736216 1068.72121140611 1070.10458948074 1071.34225834265 1072.70910860277 1073.96178472025 1075.22173307612 1076.48882144785 1077.76318205797 1079.04455046144 1080.332860547 1081.62824453718 1083.05585104345 1084.36591173292 1085.68198854686 1087.00560204423 1088.33569444488 1089.67233186008 1091.01544817856 1092.36616729173 1093.85228226137 1095.21602529237 1096.5861811154 -9999 -9999 -9999 -9999 -9999 -9999 -9999 -9999 -9999 -9999 -9999 -9999
1047.53043764171 1048.75699981226 1049.71832361553 1050.82476163021 1051.93946355214 1053.20318024971 1054.33520332126 1055.44904579684 1056.5964727915 1057.89688123729 1059.0611004915 1060.23318698542 1061.26511761228 1062.60056502484 1063.79572434781 1065.11847839882 1066.3292399787 1067.54747213074 1068.77310874367 1070.00614981751 1071.24646312974 1072.4941147916 1073.74890646934 1075.13433399298 1076.40386848126 1077.68047687415 1078.96429139417 1080.25484926251 1081.55248103546 1082.8570544905 1084.16876796142 1085.6136956173 1086.93843300605 1088.27070707822 1089.60952616493 1091.1238045305 1092.30772493961 1093.66598073619 1095.03183932745 1096.70537971366 -9999 -9999 -9999 -9999 -9999 -9999 -9999 -9999 -9999 -9999 -9999
1046.29303322484 1047.37957175085 1048.45242524644 1049.55489658563 1050.80486214153 1051.92465463034 1053.05251269262 1054.04603267856 1055.33229331512 1056.48388531905 1057.7618159371 1058.92960519925 1060.10506336733 1061.28819044134 1062.47898642129 1063.67745130717 1064.88318843143 1066.09659446163 1067.43871911125 1068.66726461954 1069.90301625496 1071.14610624002 1072.39640235221 1073.65383848027 1074.91834851294 1076.18993245022 1077.75372814807 1078.87933842758 1080.17240852372 1081.47222196819 1082.94286690345 1084.09293834844 1085.41225461403 1086.74023145442 1088.36927896397 1089.7102797222 1090.88983678827 1092.24379535308 1093.77539486826 1095.14343513103 1096.51795429709 -9999 -9999 -9999 -9999 -9999 -9999 -9999 -9999 -9999 -9999
1045.14435011627 1046.2273847456 1047.18189908929 1048.53440320642 1049.64249400255 1050.7585842609 1051.88280620399 1053.01509372057 1054.15511625433 1055.30300602781 1056.45889526351 1057.74132144711 1058.91301127348 1060.09223778327 1061.27906708773 1062.47349918687 1063.67540185817 1064.88470899037 1066.10142058347 1067.44757801983 1068.6792968685 1070.07371552324 1071.16448516976 1072.41782239982 1073.67823353449 1075.10465003811 1076.38006842836 1077.62699286639 1078.91583184202 1080.37391563825 1081.67729909065 1082.82340386016 1084.13954678536 1085.62777731526 1086.9589936073 1088.42454797569 1089.59980781 1091.11944118747 1092.47663920392 1093.84038223492 1095.21060416921 1096.41508517957 -9999 -9999 -9999 -9999 -9999 -9999 -9999 -9999 -9999
1043.87607174189 1044.95540414077 1046.04306655817 1047.1388606603 1048.24272033591 1049.35471169627 1050.59224833565 1051.72037084297 1052.85649281251 1054.0004159105 1055.15207402569 1056.31146715806 1057.47859530763 1058.65326014061 1059.95598248043 1061.14605123654 1062.49399367686 1063.54873268775 1064.76114704908 1065.98076753753 1067.36169949562 1068.5967239072 1069.8068243745 1071.05573215027 1072.46925695858 1073.73310587867 1075.00402870337 1076.12170563191 1077.56656717653 1078.85824893626 1080.28347543724 1081.42541519749 1082.90148125591 1084.2207975215 1085.54659269038 1086.87886676255 1088.21768584926 1089.5640416194 1091.04579324601 1092.40517293398 1093.77103152523 1095.14343513103 1096.52231764012 -9999 -9999 -9999 -9999 -9999 -9999 -9999 -9999
1042.48680976529 1043.67872963662 1044.76275593482 1045.85491391776 1046.95493914041 1048.06322827032 1049.17931852867 1050.30334213799 1051.43516687576 1052.69379300646 1053.84148444616 1055.14182678069 1056.15994015462 1057.33063831212 1058.50867481926 1059.84299834043 1061.03696766076 1062.209649156 1063.41776628556 1064.78574043707 1066.00926148975 1067.23998866956 1068.32282496511 1069.72292918804 1070.97494419294 1072.35911560267 1073.62554286182 1074.89891180307 1076.17922242641 1077.46634250933 1078.76033816309 1080.06107716517 1081.36855951557 1082.81110716616 1084.13194399069 1085.45992083108 1086.79543435489 1088.13643511312 1089.48384866338 1090.83780722819 1092.19936858767 1093.69850747515 1095.07196886108 1096.45296693043 -9999 -9999 -9999 -9999 -9999 -9999 -9999
1041.20808581214 1042.28021208389 1043.36047004038 1044.44885968162 1045.66272849062 1046.76738150133 1048.01926428371 1048.99995868559 1050.1280811929 1051.26387260616 1052.5507943553 1053.70284913803 1054.83758277116 1056.00424814192 1057.32561385651 1058.5081459292 1059.69801635153 1060.745218679 1062.09977224513 1063.43449243384 1064.65378236601 1065.88034453656 1067.11398061172 1068.35475670275 1069.60254058713 1070.85733226487 1072.1190656247 1073.51374872446 1074.78962989352 1076.07245274467 1077.36195283288 1078.65826238067 1079.96131527678 1081.27117763247 1082.58765111396 1084.03991711949 1085.37000952014 1086.70664693534 1088.04976325382 1089.39942458686 1090.92666075901 1092.11924174292 1093.48833978582 1094.99719702823 1096.55259659631 1097.94232135172 1099.16412351169 -9999 -9999 -9999 -9999
1039.9244696259 1041.12743007732 1042.07011050582 1043.15499625037 1044.24781534589 1045.4867403217 1046.7149552737 1047.69241022393 1048.8168305008 1050.09092666588 1051.23161031223 1052.37989675325 1053.39093622257 1054.69907968555 1055.99129033534 1057.16985573255 1058.35569336814 1059.54893546463 1060.74938368826 1061.957038039 1063.17189851688 1064.39396512188 1065.74746090788 1066.98387365588 1068.22762475353 1069.47798697697 1070.89316456673 1071.99986702644 1073.27105429617 1074.54905102548 1075.96138583115 1077.25333203591 1078.5521538115 1079.85745449039 1081.16949851759 1082.65356403824 1083.81348606067 1085.1458262441 1086.61455395288 1088.12883231845 1089.48173310313 1090.66995074401 1092.03475155514 1093.57825109677 1094.95713360586 1096.34143723811 1097.6932141314 1099.26487706896 -9999 -9999 -9999
1038.88592787323 1039.9528313556 1040.89293344503 1041.97477807171 1043.20127413101 1044.29977879472 1045.4062168094 1046.38069675301 1047.76182704488 1048.89153622239 1050.02898041709 1051.17389518395 1052.32628052297 1053.48613643416 1054.65346291749 1055.82806163922 1057.13250287175 1058.32217496031 1059.51892095348 1060.72307140755 1061.93416354372 1063.30537714688 1064.37790008618 1065.61034615869 1066.97514696982 1068.22187307407 1069.6326873208 1070.73601810635 1072.00343703438 1073.27753319946 1074.71915529244 1075.84628613089 1077.26900040406 1078.57040051872 1080.04256601292 1081.35818004806 1082.51466428508 1083.84277334799 1085.34402779573 1086.68608633408 1088.16565628918 1089.35175836981 1090.88335788499 1092.25139814776 1093.62591731382 1095.00698149442 1096.39340068693 1097.78742267412 1099.32226164094 -9999 -9999
1037.47445251392 1038.53791821087 1039.47504529369 1040.80745158837 1041.89484956074 1042.9901147728 1044.09298277955 1045.20378413726 1046.32205606713 1047.44799690293 1048.58147442215 1049.84353833827 1050.99222144684 1052.14844123883 1053.3119332692 1054.48282976047 1055.80888937439 1056.84643945818 1058.03902044209 1059.36263393946 1060.56995773392 1061.93647743775 1063.00556259163 1064.23397587741 1065.46933084528 1066.8673856192 1068.1173511751 1069.34345056685 1070.60663837435 1072.03576543956 1073.31336550132 1074.43672799806 1075.72688919885 1077.1863613315 1078.62005007352 1079.93130076563 1081.08401666094 1082.573569416 1083.90452126301 1085.24221645833 1086.58639055695 1087.93605188998 1089.42540631127 1090.78908323101 1092.1593051653 1093.53600600287 1094.91918574374 1096.30891049915 1097.70405637772 1099.10673893971 1100.82682165158
1036.17516795952 1037.23579087237 1038.30414880242 1039.38050619468 1040.46440027037 1041.67595518534 1042.77558374044 1043.88288120147 1044.9979136797 1046.12035061882 1047.25032424137 1048.53050264219 1049.53268320293 1050.80704381305 1051.96689972423 1053.13409398505 1054.45592247845 1055.4902331106 1056.67897964155 1057.87493229962 1059.22889086443 1060.56460272201 1061.63038231299 1062.85463058951 1064.2404547807 1065.47957809028 1066.72544474818 1067.82143718408 1069.23800311026 1070.63202509744 1071.90546014995 1073.0251865275 1074.47236196615 1075.76576261859 1077.06590661934 1078.37252952339 1079.68576355324 1081.13624455479 1082.46289917003 1083.79616491107 1085.13604177791 1086.48133976791 1087.83424055259 1089.19362024056 1090.55835494043 1092.23619255841 1093.44285524028 1094.82821665266 1096.2189991882 1097.61738451842 1099.19665025065
1034.87105728328 1035.92863907826 1036.99415422421 1038.06733827609 1039.14838956768 1040.23691143143 1041.47074584036 1042.43709409924 1043.66940794924 1044.78860543672 1046.05655325481 1047.19155133296 1048.19075688709 1049.33930777314 1050.49552756513 1051.80459658572 1053.09945168584 1054.1305889776 1055.31569938935 1056.65729514891 1057.85754503875 1059.06467049944 1060.12661563745 1061.49981257835 1062.85403558819 1064.08912611103 1065.3310922047 1066.57986775796 1067.83551888205 1069.09771502068 1070.3667206189 1071.64240345418 1073.05387881349 1074.34318056793 1075.63902733691 1076.9414852317 1078.25048814103 1079.56610217617 1080.88806289208 1082.21656862254 1083.85143392279 1085.02556986571 1086.37410730736 1087.72806587217 1089.08962723165 1090.62770565012 1091.83112888035 1093.21106916957 1094.73288421856 1096.30024992434 1097.70081692607
1033.44245910814 1034.62948674638 1035.55947381333 1036.74960868069 1037.82768496567 1039.04948712564 1040.14369455758 1041.1071339211 1042.21542305101 1043.3309844193 1044.59503167316 1045.84863334825 1046.84479778451 1047.99010921892 1049.2872121018 1050.44792745934 1051.615848944 1052.64354845034 1053.97278140464 1055.28654432456 1056.48315809521 1057.68644910293 1058.896747904 1060.11405449842 1061.33810444117 1062.56916217726 1063.80689715042 1065.17883797742 1066.43039020351 1067.68875188918 1068.95372470066 1070.2253747492 1071.50376814606 1072.78857433494 1074.07992553838 1075.67109129706 1076.81322939109 1078.12461230571 1079.44247412362 1080.93268799127 1082.2642348396 1083.43440410703 1084.77857820565 1086.26145372365 1087.78875600705 1089.15243292679 1090.351492814 1091.72713587144 1093.28253543952 1094.67113630354 1096.06733996224
1032.24736589642 1033.43174908434 1034.35955447977 1035.42711907472 1036.62293951028 1037.84196499741 1038.93332964525 1039.89445511474 1040.99990146055 1042.252313133 1043.37349395822 1044.50181479931 1045.61803728018 1046.90363680417 1048.05397269419 1049.21164693385 1050.37626285561 1051.54801879324 1052.72684863548 1053.91268627108 1055.23081253402 1056.43093020135 1057.63792343952 1058.85172613727 1060.07240440585 1061.29989213401 1062.68895577684 1063.77522985782 1065.15093902652 1066.40579681552 1067.82533774831 1068.9352135484 1070.2097724923 1071.49107478451 1072.77885598001 1074.23535310605 1075.50482148307 1076.81243605599 1078.12652953219 1079.61264450184 1080.94042300846 1082.10741893551 1083.44736191361 1084.96164027918 1086.44993692034 1087.80931660831 1089.00513704386 1090.54863658549 1091.92751909458 1093.31288050696 1094.70472082263
1031.05881769925 1032.10952392339 1033.03508153605 1034.09993556942 1035.30692880759 1036.3877817654 1037.47603918412 1038.55629714061 1039.79707323164 1040.90774236683 1042.02581596293 1043.15096346363 1044.28351542524 1045.42314129146 1046.5699732848 1047.84803612537 1049.00928037297 1050.1777307477 1051.35305669326 1052.53545654344 1053.72466585319 1055.07088940081 1056.12384340772 1057.46034860041 1058.67745686106 1060.05468658869 1061.28600876982 1062.3689772879 1063.61286060805 1064.86342116528 1066.27820208749 1067.51382150039 1068.78447988006 1070.06174938553 1071.50647870764 1072.79749935478 1073.93249743294 1075.23581477408 1076.70956693847 1078.15872571486 1079.48233921223 1080.64576513134 1082.14880458304 1083.49178867902 1084.84032612066 1086.19646635699 1087.55802771647 1089.06146383572 1090.43598300178 1091.81704718239 1093.20459026628
1029.61355948708 1030.66155514964 1031.70571635924 1032.90127234977 1033.9720102851 1035.05021879259 1036.13576564973 1037.22858474525 1038.32874219041 1039.43623798522 1040.67397295838 1041.79627767499 1042.92565629621 1044.06224104456 1045.20583358626 1046.35650003257 1047.65942070616 1048.67905463903 1049.9760252994 1051.15492125289 1052.48937699658 1053.68294964936 1054.73286253841 1055.939194664 1057.30439214267 1058.5250043 1059.88028508997 1060.96001415639 1062.20012913484 1063.60320836438 1064.85740504079 1065.9603391588 1067.22676641795 1068.65933126857 1070.07040996033 1071.35753004325 1072.48902422473 1073.95114080771 1075.25756537798 1076.57033662902 1077.88958678335 1079.2151175072 1080.68067187559 1082.01922651727 1083.36399561721 1084.7157725105 1086.07297052695 1087.43671355795 1088.80686938098 1090.18363632981 1091.87661342589
1028.28353319768 1029.32914885496 1030.38210286188 1031.44259355221 1032.51062092596 1033.70802803172 1034.79086432727 1035.88097286121 1036.9784197448 1038.08307275551 1039.19479967083 1040.45435135914 1041.44000410537 1042.69744023343 1043.83805776852 1045.12940897195 1046.28483542885 1047.3014943551 1048.46987861856 1049.79250044706 1050.97556140981 1052.29196878005 1053.33890666248 1054.54166878014 1055.90289958333 1057.11994173272 1058.34372723043 1059.41995240018 1060.81106549201 1062.18386576536 1063.43422798881 1064.53379043265 1065.95478581312 1067.22478308021 1068.50119313932 1069.78408210173 1071.07338385617 1072.50112258496 1073.803646591 1075.11245116656 1076.4276024229 1077.74916647126 1079.07694497788 1080.41113627653 1081.88601233231 1083.40187736807 1084.58685555731 1085.94623524528 1087.31215994779 1088.85671726955 1090.23559977864
1026.94841634142 1027.99171810466 1029.04249044006 1030.10053501385 1031.1660501598 1032.23870532162 1033.45422691207 1034.52919596792 1035.62386617867 1036.72587473906 1037.97385695721 1039.09093888444 1040.07414551411 1041.20444969295 1042.48416531497 1043.75442702709 1044.90681236611 1045.92062850826 1047.08577332009 1048.40475902939 1049.5845805405 1050.77094706616 1051.81471160821 1053.29157100172 1054.49843201737 1055.71203638135 1056.93231798238 1058.15914459796 1059.39245011684 1060.63243287277 1061.87896064325 1063.26194205034 1064.52162596117 1065.78785488655 1067.06056271522 1068.33961722466 1069.62508452613 1070.91696461963 1072.2151913939 1073.65251625511 1075.12805342346 1076.28129820884 1077.60497781746 1078.93526855189 1080.43910133869 1081.78248210221 1082.96309694841 1084.45364137235 1085.98636477891 1087.35546282181 1088.72998198787
1025.60853947458 1026.90253512833 1027.82062216884 1028.87655118237 1029.93981854554 1031.14476233471 1032.22336750975 1033.1730557316 1034.26514760328 1035.48820587715 1036.7336758675 1037.84811334441 1038.82907219131 1039.95659969731 1041.23353864649 1042.37587507429 1043.52508707292 1044.66220071133 1045.97034417431 1047.14038121923 1048.31702938996 1049.50061924278 1050.6908202214 1051.88769843709 1053.09118777858 1054.42980853152 1055.64685068091 1056.87050395611 1058.10050391208 1059.33731332762 1060.58046942394 1061.83010442355 1063.08621832645 1064.47964531231 1065.7488492443 1067.18452132406 1068.30656159563 1069.59500390372 1070.8895945588 1072.35369447951 1073.66170571997 1074.9451896837 1076.26543150691 1077.75815760235 1079.09162167717 1080.43143243275 1081.60880782732 1082.96032027557 1084.48828367156 1085.98960423056 1087.36088394497
1024.39321621789 1025.43321241823 1026.34911778722 1027.40273290672 1028.71986750079 1029.78895265468 1030.86517782443 1031.81275048602 1032.90226401864 1034.13656120638 1035.24108199457 1036.35261057612 1037.45580913915 1038.72170750824 1039.85425946985 1040.99362089104 1042.13999010557 1043.29297044592 1044.4528263571 1045.61949172786 1046.92009850742 1048.10031668608 1049.2872121018 1050.4809169771 1051.68103464443 1052.88776343757 1054.25335758379 1055.32098829 1056.67706241506 1057.91023571142 1059.30524936747 1060.39588679148 1061.64836457518 1062.90732126217 1064.33109331548 1065.60353669911 1066.85416336759 1068.13863900019 1069.59150000704 1070.88939622502 1072.19363912378 1073.33994222706 1074.65588681849 1076.1437867921 1077.60795282407 1078.94366468166 1080.11753617954 1081.6337317716 1082.9880208927 1084.34859058331 1085.71557306595
1023.04342266234 1024.08130330243 1024.99535755619 1026.04679100417 1027.23831420796 1028.30488713403 1029.50262479607 1030.44801578615 1031.67160295009 1032.76653760586 1033.86854616625 1034.97749640874 1036.0932561108 1037.21595749496 1038.47141028528 1039.60792892237 1040.75132313029 1041.9015267978 1043.05840770237 1044.22189973274 1045.39226733395 1046.71667416641 1047.88076119811 1049.07102828799 1050.26803872619 1051.6224600698 1052.83328776094 1053.89807568305 1055.12093562315 1056.50457814282 1057.87162673672 1058.95928915411 1060.20813081862 1061.62079618058 1062.88325676425 1064.15199791743 1065.26729484069 1066.5478037978 1068.12905286778 1069.42318074405 1070.72352307858 1071.86652061896 1073.34304945619 1074.662167388 1075.9873014443 1077.31871607011 1078.79213767821 1080.13624566557 1081.48656811119 1082.84297279254 1084.20559193215
1021.56543937744 1022.72476639856 1023.63710175961 1024.81817938462 1025.87556284583 1026.93995410039 1028.01148537082 1029.08982610083 1030.1753068467 1031.39274566364 1032.49217588497 1033.59861389965 1034.71179526265 1035.83178608522 1036.9587185899 1038.09226222038 1039.37561396159 1040.50664536426 1041.66068348473 1042.82113439724 1044.13483120589 1045.30949603887 1046.34274889089 1047.52971041787 1048.87289284762 1050.20291913701 1051.41044126525 1052.47238640326 1053.84485612032 1055.07174884716 1056.30498825477 1057.38934510926 1058.63441843207 1060.17434796576 1061.4332385415 1062.69834357549 1063.81046715836 1065.24739535201 1066.53127598329 1067.82143718408 1069.11761450936 1070.55447659176 1071.86347950109 1073.17863075742 1074.49999647201 1075.82744442234 1077.16110683093 1078.50091758652 1079.84681057784 1081.33583444284 1082.86465728518
