app/data/climate/baseline/Temperature.asc
ncols        365
nrows        372
xllcorner    10.224615574000
yllcorner    43.742729801000
cellsize     0.000500000000
NODATA_value  -9999
[rows 66 to 87 of 372, columns 204 to 254 of 365]
15.7326677824351 15.7182911439043 15.7020897626997 15.686900339119 15.6724713926395 15.6598239341839 15.6435591798875 15.6290879846802 15.6146057243298 15.6019160171464 15.5874126324321 15.5703783477358 15.5558649038006 15.5413504539433 15.528640628318 15.5123014357869 15.4977769267086 15.4832634827734 15.4687389736952 15.4535606152576 15.4390572305433 15.424553845829 15.4100715854787 15.3955893251283 -9999 -9999 -9999 -9999 -9999 -9999 -9999 -9999 -9999 -9999 -9999 -9999 -9999 -9999 -9999 -9999 -9999 -9999 -9999 -9999 -9999 -9999 -9999 -9999 -9999 -9999 -9999
15.7413066413563 15.7250519462808 15.7105908102944 15.696119615087 15.6816162303727 15.6689164639684 15.6518178002582 15.6372832319591 15.622737598517 15.6099955833848 15.593605088827 15.5790272658779 15.5644504488509 15.5498525074601 15.5345474028389 15.5199484555259 15.505350514135 15.4907525727442 15.4761546313533 15.4615556840403 15.4469688077924 15.43171601112 15.4171391940931 15.4007476936132 15.388005678481 -9999 -9999 -9999 -9999 -9999 -9999 -9999 -9999 -9999 -9999 -9999 -9999 -9999 -9999 -9999 -9999 -9999 -9999 -9999 -9999 -9999 -9999 -9999 -9999 -9999 -9999
15.7492383370473 15.732941393244 15.7184279493088 15.7039034402305 15.6893578067884 15.6747910489824 15.6602142319554 15.6448568193855 15.6302478128516 15.6156388063177 15.601009681342 15.5863795504442 15.5717282951825 15.5570770399207 15.5424267905811 15.5270472477252 15.5123859332425 15.4977246187599 15.4812174372395 15.4683909246516 15.453729610169 15.4390682956863 15.4225711733868 15.4072660687656 15.3944506213208 15.379820490423 -9999 -9999 -9999 -9999 -9999 -9999 -9999 -9999 -9999 -9999 -9999 -9999 -9999 -9999 -9999 -9999 -9999 -9999 -9999 -9999 -9999 -9999 -9999 -9999 -9999
15.7570644109186 15.7425197833986 15.7271513056857 15.7125734827366 15.6979755413457 15.6833564755909 15.6687263446931 15.6540750894314 15.6394137749487 15.6247313361022 15.6092894260766 15.594595922087 15.5798923588765 15.5633429286283 15.5504530429487 15.5357283553742 15.5210036677998 15.5044220480447 15.4889700787981 15.4760801931185 15.4613454463232 15.444763826568 15.4300280738506 15.4153033862762 15.4024245657396 15.385200161768 15.3704855334145 15.355793035347 -9999 -9999 -9999 -9999 -9999 -9999 -9999 -9999 -9999 -9999 -9999 -9999 -9999 -9999 -9999 -9999 -9999 -9999 -9999 -9999 -9999 -9999 -9999
15.7659990109347 15.7514111287648 15.73679206301 15.7221619321122 15.7056758749557 15.69203758324 15.6773541384713 15.6626505752609 15.6461011450126 15.6332122652551 15.6184654473946 15.6037095762354 15.5871068321163 15.5715703654141 15.5586382310066 15.5438501703405 15.5272162426365 15.5124181227495 15.4976189969403 15.484655678948 15.4672834044289 15.4524852845419 15.4376861587327 15.4228769737026 15.4080788538155 15.3932897872273 15.3785017265611 15.3637136658949 15.3482828210124 15.333525943931 -9999 -9999 -9999 -9999 -9999 -9999 -9999 -9999 -9999 -9999 -9999 -9999 -9999 -9999 -9999 -9999 -9999 -9999 -9999 -9999 -9999
15.7750382268484 15.7603980367296 15.745736722247 15.7292184755836 15.7145149123731 15.7016360918365 15.686900339119 15.6703086601429 15.6547400039338 15.6418078695264 15.6270198088602 15.6103647567923 15.5955455125413 15.5807152031473 15.5677307607911 15.5502739888164 15.5354225550585 15.5205711213005 15.5057096283217 15.4908370701998 15.4759745712989 15.4611020131771 15.4462304609773 15.4306507396252 15.4157781815034 15.4009166885245 15.3860652547666 15.3712027558657 15.35450545507 15.3415109534928 15.3266806440988 15.3111964853454 15.2945303681345 -9999 -9999 -9999 -9999 -9999 -9999 -9999 -9999 -9999 -9999 -9999 -9999 -9999 -9999 -9999 -9999 -9999 -9999
15.7849847844884 15.7703023456419 15.7537629746145 15.7382154427693 15.723469630831 15.7105485615666 15.6939256990056 15.6791265731964 15.6643073289455 15.6513329458101 15.6338339251076 15.6189824913496 15.6041099332278 15.589237375106 15.5743547577632 15.5594510160565 15.5445462684278 15.5296314615781 15.5139581894714 15.4990323174788 15.4841175106291 15.4691825853376 15.4542567133449 15.4374648558726 15.4243959160607 15.4094599848471 15.3938178963253 15.3770360980739 15.3621212912242 15.3490734757762 15.3341697340695 15.3174090601821 15.3025153776963 15.2869678458511 -9999 -9999 -9999 -9999 -9999 -9999 -9999 -9999 -9999 -9999 -9999 -9999 -9999 -9999 -9999 -9999 -9999
15.7933600918217 15.7767995964305 15.7620648496351 15.7472979133329 15.7316870083959 15.7168878825868 15.7020686383358 15.6872272637988 15.6723758300408 15.657503271919 15.6426206545762 15.6277269720905 15.6120215104769 15.5970956384842 15.5821707724136 15.5672247819791 15.5522777856225 15.5373217359671 15.5204866238448 15.5073865004481 15.4916488493276 15.4766817345292 15.4598265039651 15.4448483240237 15.4317371354839 15.4167589555425 15.4017707163801 15.3841982633649 15.3692200834235 15.3561300192476 15.3411629044492 15.32433885747 15.3093818018924 15.2944358114579 15.281366871646 -9999 -9999 -9999 -9999 -9999 -9999 -9999 -9999 -9999 -9999 -9999 -9999 -9999 -9999 -9999 -9999
15.8008069330646 15.7860500559833 15.771283119681 15.7564739346509 15.7416546904 15.7268133158629 15.7119518228841 15.6962564204915 15.6813627380057 15.666447931156 15.6515230650854 15.6365871338718 15.6216300782943 15.6047959720942 15.5916958486974 15.5759048837061 15.5609166445437 15.5440402896158 15.5290309260895 15.5158875480428 15.5008681252956 15.4858376374054 15.4681585566485 15.4531280687583 15.4399746314907 15.4249441436005 15.4080255399447 15.3929950520545 15.3779645641643 15.3648111268967 15.3471853600106 15.3321659372634 15.317155567815 15.3021462042888 15.2871468999834 15.272158660821 -9999 -9999 -9999 -9999 -9999 -9999 -9999 -9999 -9999 -9999 -9999 -9999 -9999 -9999 -9999
15.8110281074357 15.7962390408474 15.7805758279617 15.7657455185677 15.7490270934081 15.736011467467 15.7211177849812 15.7062029781316 15.6894111206593 15.6754982122126 15.6605411566351 15.6455629766937 15.6286976869087 15.6136873174603 15.6005449453358 15.5855245166665 15.5704839695554 15.5527636459927 15.5377009685955 15.524526406964 15.509464735489 15.4925139423263 15.4774301405652 15.4623574039472 15.4491516587308 15.4314212759472 15.4163374741862 15.4012536724252 15.3861708765862 15.3710971340461 15.3560143382071 15.3409416015891 15.3251405773768 15.3100778999797 15.2950262877256 15.2799746754715 15.2649331224383 15.2499026345481 15.2348822058788 -9999 -9999 -9999 -9999 -9999 -9999 -9999 -9999 -9999 -9999 -9999 -9999
15.8204787454847 15.8056584953116 15.7908070615537 15.774088636394 15.7583409260526 15.7453041757477 15.730378303755 15.7154323133205 15.6985982071203 15.6854870185806 15.6704877142752 15.6554783507489 15.6377369028223 15.6226953497891 15.6095318533006 15.5944591166826 15.5775083235198 15.5624144625379 15.5473316666989 15.5341148563396 15.5163100353212 15.5012051091963 15.4860901238504 15.4709650792836 15.4558390287947 15.4407129783058 15.425587933739 15.4096923528502 15.3945663023613 15.3794412577945 15.3643152073056 15.3492002219597 15.3340852366139 15.3170821355024 15.303865325143 15.288023058125 15.272928191221 15.2559673388373 15.242772658764 15.2277099813669 15.2126473039697 -9999 -9999 -9999 -9999 -9999 -9999 -9999 -9999 -9999 -9999
15.8299816914824 15.8151413228675 15.8002687647457 15.7835191560012 15.7686043491515 15.7555354093396 15.7405783537621 15.7228690953424 15.707879850258 15.6947374781334 15.6797069902432 15.6627883865874 15.6477257091903 15.6326529725722 15.6194472273559 15.6016313411945 15.5865274209916 15.5714013705028 15.5562753200139 15.5411392103041 15.5259930413734 15.5108458665205 15.49488691254 15.4797296784662 15.4645724443925 15.4494051510979 15.4342368518812 15.4190796178074 15.4020131436042 15.3887440252961 15.3727961364585 15.3576389023848 15.3405935525454 15.3254363184717 15.3121873186055 15.2970411496747 15.2800169241993 15.2648908737104 15.2509045329511 15.2358006127483 15.2188075708577 15.2037137098757 15.1886409732577 15.1754563524053 -9999 -9999 -9999 -9999 -9999 -9999 -9999
15.8395600816371 15.8238224305166 15.80707181585 15.7921580149225 15.7772110185658 15.76412095439 15.747276788969 15.7322664195206 15.7172469967734 15.7032395316502 15.6862987977084 15.6712260610903 15.6561432652514 15.6410383391264 15.6259233537805 15.6107973032916 15.5948282900901 15.5796811152373 15.5645238811636 15.549356587869 15.5341882886523 15.5190099302146 15.5038215125561 15.4867339139889 15.472630886267 15.4574314034654 15.4422429858069 15.4251443220967 15.4099458452172 15.3966445374022 15.3814551138216 15.3643574560335 15.348388442832 15.3331990192513 15.3199198417223 15.302853367519 15.2876850683023 15.2725278342286 15.2592687751414 15.241463954123 15.2263278444132 15.2112128590674 15.1960978737215 15.1809939535186 15.1658990866146 -9999 -9999 -9999 -9999 -9999 -9999
15.8491998330393 15.8324502242948 15.8175354174451 15.801724334012 15.7867572192136 15.7717790392721 15.7567696757458 15.7417492470765 15.7267076940433 15.7116349574253 15.6965622208073 15.6806032668267 15.6654882814808 15.6503622309919 15.6352261212821 15.6200688872084 15.6049015939138 15.5897232354761 15.5726456961299 15.5585114848231 15.5433120020216 15.5281024599991 15.5109836778471 15.4957731299025 15.4824517036457 15.4672200313372 15.4500901840422 15.4340467326059 15.4188160662195 15.4054946399626 15.3883748518885 15.3731542447231 15.3579336375576 15.3427130303921 15.3267118276837 15.3115123448821 15.2963128620805 15.281124444422 15.2659460859843 15.2507777867676 15.235610493473 15.2204633186202 15.2045365541465 15.1894105036576 15.1742955183118 15.1591915981089 15.1440967312048 -9999 -9999 -9999 -9999
15.8570269128327 15.842123171126 15.8271872399124 15.8122301843349 15.7972520043935 15.7822527000881 15.7663470599784 15.7513055069452 15.736242829548 15.7211600337091 15.7060551075841 15.6909300630173 15.6757939533075 15.6587486034682 15.6446244513824 15.6294460929447 15.6142576752862 15.5971489523551 15.5819384044105 15.5686270373746 15.5533963709882 15.5354124958375 15.5201808235291 15.5049290327787 15.4915854762359 15.4744345045769 15.4591827138266 15.4439309230763 15.4286781264039 15.4125924262398 15.3973406354895 15.3820989039601 15.3668571724307 15.3516154409013 15.3363847745149 15.3211641673494 15.3059435601839 15.2899212331116 15.27472175031 15.2595222675085 15.2443439090708 15.2291766157762 15.2121202007938 15.1988722068497 15.1837360971399 15.1678193918871 15.1508374151395 15.1357435541576 15.1225579273831 -9999 -9999
15.8676595093392 15.8518474199839 15.8369014295494 15.821934314751 15.805057959823 15.7919145817763 15.7768740346652 15.7618113572681 15.7448394397414 15.7307474771625 15.7156224325957 15.7004863228859 15.6834409730466 15.668262614609 15.6549824311579 15.6397829483563 15.6217990732057 15.6065784660402 15.5913477996538 15.5780153082539 15.560853271452 15.5456014807017 15.5303386248083 15.5150657096941 15.4989478200231 15.4836749049088 15.4684019897946 15.4531280687583 15.437855153644 15.4225812326077 15.4073083174935 15.3920354023793 15.3759386370721 15.3587776061923 15.3454350555715 15.3301822588991 15.3149515925127 15.2978217452177 15.2844993130387 15.2684769859664 15.2532785090869 15.2362009697407 15.221033676446 15.2077746173588 15.192638507649 15.1775124571602 15.1605204211917 15.1446137751598 15.1314291543074 15.1163876012742 15.0994901219823
15.8765508547054 15.8616259886348 15.8466689330572 15.8289274851306 15.8139181216043 15.8007646843368 15.7857130720826 15.768741154556 15.753647293574 15.7404204239938 15.7243980969214 15.7073527470821 15.6921743886444 15.6769960302068 15.6636846631709 15.6465759402398 15.6313452738534 15.616103542324 15.5999856526529 15.5847238026817 15.5694609467884 15.5541870257521 15.5389030454948 15.5236200711597 15.5083360909024 15.4930410455022 15.4768929781684 15.4615979327682 15.4443946531605 15.4310199130328 15.4157359327755 15.4004519525183 15.3832597380536 15.3671418483826 15.3537882326188 15.3385364418685 15.3232836451961 15.3061437386801 15.2928223124233 15.2776017052578 15.2624022224562 15.2444807144753 15.2293134211806 15.2160443028725 15.2009081931627 15.1839050920512 15.1688001659263 15.1537274293082 15.1405528676767 15.1228114197501 15.1078020562238
15.8863817313049 15.8714458000913 15.8546116938912 15.8396123895858 15.8246030260596 15.8105422470655 15.7935924598248 15.7785086580638 15.7633936727179 15.7501557379947 15.7331103881553 15.7179430948607 15.70275367128 15.6866679711159 15.6714473639504 15.6562166975641 15.6409749660347 15.6257231752843 15.610460319391 15.5951763391338 15.5798923588765 15.5637332263998 15.5484391869216 15.5312248421709 15.5178289776793 15.5025238730581 15.487218768437 15.4719036045949 15.4538241668456 15.4404393674969 15.4251342628758 15.4098402233976 15.3926359378678 15.3773529635327 15.3639882826259 15.3487153675117 15.3306993028541 15.3154575713247 15.3021250799248 15.2869044727594 15.2698068149713 15.2546173913906 15.239450098096 15.2261910390088 15.2083127856778 15.1932078595528 15.1781240577918 15.1630623863167 15.1480318984265 15.1330325941212 15.1180544141797
15.8962437914893 15.879440868874 15.8644626889326 15.8494643905493 15.83444396188 15.8193923496259 15.8043196130079 15.7892247461038 15.7732034249536 15.7580673152438 15.742909075248 15.7277206575894 15.7125312340088 15.6973116327654 15.6820799604569 15.6668382289275 15.6507002208146 15.6354273057004 15.6182340853136 15.6048593451859 15.5895653057078 15.5742602010866 15.5589550964654 15.5408444751313 15.5274375454967 15.5121223816546 15.4967961526695 15.479561689477 15.4642455197128 15.4508395960003 15.4355344913791 15.4174449944089 15.4021398897877 15.3868559095305 15.3734811694028 15.356299014159 15.3410361582657 15.3257944267363 15.3124619353364 15.2944780601858 15.2792675122412 15.2640891538036 15.2489319197298 15.2337857507991 15.2186707654533 15.2035869636922 15.1876390748546 15.1726075810423 15.1575982175161 15.1426311027176 15.127695171504
15.9051773855834 15.8902313951489 15.8752642803504 15.8593576343186 15.8443382115714 15.8292855933952 15.8142027975562 15.7990978714313 15.7839728268645 15.7688256520117 15.7527610762115 15.7375726585529 15.7223731757514 15.7071525685859 15.6919108370565 15.6766580403841 15.6613961904128 15.6461122101556 15.6280227131854 15.6146369079147 15.5993217440726 15.5840166394514 15.5667711111159 15.5514549413517 15.5380389584183 15.5227127294332 15.5045809837351 15.489243689607 15.473918466544 15.4605115369094 15.4432770737169 15.4279609039527 15.4126557993315 15.3964866076338 15.3811915622336 15.3659186471194 15.3506668563691 15.3354140596966 15.3201833933103 15.3049728453657 15.2897844277071 15.2737198519069 15.2585726770541 15.2434476324873 15.2283427063624 15.2132810348874 15.1982394818541 15.1813520617832 15.1682619976073 15.1524297898103 15.1375361073245
15.9151038247816 15.900167893568 15.8851897136266 15.8702014744642 15.8551699806519 15.8392110266713 15.8241382900533 15.8090343698504 15.7939083193616 15.7787510852878 15.7635837919932 15.7483943684126 15.7331848263901 15.7151476373686 15.7018040808257 15.6865522900754 15.6712793749612 15.6540750894314 15.6387810499532 15.6253851854616 15.6100700216195 15.5919382759215 15.5766120469364 15.5612757587304 15.5478587698748 15.5306021763963 15.5152658881903 15.4999295999843 15.4837060884937 15.4683698002877 15.4530546364456 15.4377384666814 15.4224233028394 15.4071292633612 15.391845283104 15.3765723679897 15.3604122295909 15.3451704980615 15.329949890896 15.3147514140165 15.2995619904359 15.2844047563622 15.2673805308867 15.2541637205274 15.2381836421829 15.2231320299288 15.2062556750008 15.1912774950593 15.1782196203904 15.1633259379047 15.1466386963299
15.9241430406953 15.9092071094817 15.8942500539041 15.8792618147418 15.8623532703069 15.8491897738184 15.8341059720573 15.818094710128 15.8010805438735 15.7878224907084 15.7726541914917 15.7574657738331 15.740345985759 15.7251153193726 15.7117727687518 15.695602571132 15.6784204158883 15.663125370488 15.6478202658669 15.6344244013752 15.6171899381827 15.6018637091976 15.5856200792652 15.5702837910592 15.5549464969311 15.5396102087251 15.5242628553761 15.5089265671701 15.4935902789641 15.478252984836 15.4620304792675 15.4467153154254 15.4314001515833 15.4141958660535 15.4008211259258 15.3855482108116 15.3702964200613 15.3531555076233 15.3389367988608 15.3237483812023 15.3085700227647 15.2915347321462 15.2764197468004 15.263225066727 15.2481724485508 15.2303575683115 15.2153793883701 15.2004434571565 15.1874067068515 15.1707094060558 15.1559213453896
