app/data/climate/baseline/Temperature.asc
ncols        365
nrows        372
xllcorner    10.224615574000
yllcorner    43.742729801000
cellsize     0.000500000000
NODATA_value  -9999
[rows 198 to 219 of 372, columns 102 to 152 of 365]
16.5515507320316 16.5503164656254 16.5492190046236 16.548122549544 16.5470150293213 16.5459386926835 16.5448311724608 16.5437236522381 16.5426161320155 16.5413617471674 16.5403910323492 16.5392724469835 16.5381548675399 16.5369316662768 16.5359498863155 16.5348212417289 16.5337036622854 16.5324382122943 16.5313095677077 16.5303177285256 16.529189083939 16.5279759418967 16.5268472973101 16.5257297178666 16.5247590030483 16.5235036122782 16.5223960920556 16.5213096961968 16.5202233003381 16.5192314611559 16.518187314025 16.517175356401 16.5161945823619 16.5152550511285 16.5143798989089 16.5135681197811 16.5128398321869 16.512301663868 16.5118479930048 16.5115844414168 16.5114365708694 16.5115110091042 16.5117745606921 16.5121537933206 16.5127553347313 16.5138316713691 16.5147068235886 16.5156875976278 16.5166160637182 16.5178714544883 16.5190524070236
16.551170493481 16.5500740384013 16.5489665181787 16.547858997956 16.5467514777333 16.5456328923677 16.544525372145 16.5434389762862 16.5421735262952 16.5410549409296 16.5400741668904 16.5389455223038 16.5376800723128 16.5365413685053 16.5355495293231 16.5344520683214 16.5331765591094 16.5320368493798 16.5308870804293 16.5298962471693 16.5285986076713 16.5274588979417 16.5263091289912 16.5252126739116 16.524072964182 16.5229342603745 16.5217945506449 16.5206659060583 16.5195382673938 16.5184307471711 16.5173232269485 16.5163203226233 16.5152661162715 16.5141264065419 16.5132723786862 16.5123439125959 16.5114999439611 16.5106559753264 16.5100343154739 16.5097918882499 16.509507212298 16.5094327740632 16.5096017689746 16.5099286936543 16.5104879863372 16.5113208898289 16.5122171664123 16.5134514328185 16.5145378286773 16.5157087219917 16.516921864034
16.5509069418931 16.5497994216704 16.5487130258116 16.547595446368 16.5463400555979 16.5453693407797 16.5442406961931 16.5431231167495 16.5418566608364 16.5407179570289 16.5397583073537 16.5386296627671 16.5373420824901 16.5362033786826 16.5352014802795 16.5339149059246 16.532765136974 16.5316043028805 16.530486723437 16.5293258893434 16.528166061172 16.5270052270785 16.5258453989071 16.5246745055926 16.5235036122782 16.5223437841068 16.5212151395202 16.5200543054267 16.5187466067078 16.5177336431618 16.5165838742112 16.5154451704037 16.5141797204127 16.513082259411 16.5122171664123 16.5111941436453 16.5100976885657 16.5092004060601 16.5084097512963 16.5078293342495 16.5072811067097 16.5070276143426 16.5072388579818 16.507471225985 16.5080516430317 16.5087899898468 16.5096963256512 16.5107304135612 16.5118801825117 16.513093324554 16.5145911425481
16.5506856390329 16.5495781188103 16.5484595334446 16.5472051485966 16.54607650401 16.5451158484127 16.5439882097482 16.5427217538351 16.5415931092485 16.540454405441 16.5394525070379 16.5381759919039 16.5370262229534 16.5358975783668 16.5348956799637 16.5335980404658 16.5324382122943 16.5312673189799 16.5301064848864 16.528935591572 16.5277646982575 16.526614929307 16.5254339767717 16.5241051536889 16.5230710657789 16.5218790481006 16.5206870304222 16.5193481481185 16.518198379168 16.517164291258 16.5159722735797 16.5146434504969 16.5134624979615 16.5122916046471 16.511289706244 16.51001319111 16.5090002275639 16.507967145576 16.5070064899787 16.5061524621231 16.5054463048149 16.5049604444447 16.5047391415846 16.5048548226251 16.5055086719846 16.5062258944358 16.5071543605262 16.508230697164 16.5094327740632 16.5107092891973 16.5120491774231
16.5504854605367 16.5493668751711 16.548111484401 16.5469939049574 16.5458652603708 16.5448734211886 16.5436079711976 16.542490391754 16.5413506820244 16.5402119782169 16.5390622092664 16.5379224995368 16.5367727305863 16.5356129024149 16.5344520683214 16.5333133645139 16.5321525304204 16.530982643028 16.5298006845706 16.5286297912562 16.5274488387208 16.5262568210425 16.5249169328167 16.5237460395023 16.5227018923713 16.5214998154721 16.5201388028824 16.5189256608401 16.5177125187978 16.516647247303 16.5152761754924 16.514105282178 16.5128820809148 16.5116689388725 16.5104557968302 16.509253719931 16.5080717614735 16.5069119333021 16.5057943538585 16.5048336982612 16.5038951729499 16.50312564255 16.5026186578159 16.5024717931905 16.5027454039994 16.5034103185018 16.5043599089562 16.5058778453921 16.5069964307578 16.5083463782045 16.509759698743
16.5502953412615 16.5490298912704 16.5479223710478 16.5467937264612 16.5456650818746 16.544536437288 16.5434077927014 16.5422680829718 16.5411183140213 16.5399796102138 16.5388509656272 16.5377011966767 16.5365413685053 16.5353805344118 16.5342207062404 16.5330498129259 16.5318789196115 16.5307080262971 16.5294003275782 16.5283662396682 16.5271742219899 16.5259822043115 16.5246322568648 16.5234301799655 16.5223749676916 16.5211618256494 16.5198118782027 16.5185886769395 16.5173644697542 16.5161312092701 16.5148969428639 16.5136516113147 16.5124072856876 16.5111518949175 16.5099387528752 16.5086944272481 16.507450101621 16.5062057759939 16.5048336982612 16.5037794919094 16.5026297229589 16.501553386321 16.5007094176863 16.5002567527452 16.5002456876022 16.500793915142 16.5019225597286 16.5031678912778 16.504380027398 16.5058366025864 16.507713653209
16.550147470714 16.548882020723 16.5477533761364 16.5466247315498 16.5455061461841 16.5443775015976 16.5432387977901 16.5421000939826 16.540960384253 16.539662744755 16.5386608463519 16.5375010181805 16.5363613084509 16.5350536097321 16.534040646186 16.5328707587936 16.5316888003362 16.5303700364743 16.529189083939 16.5281449368081 16.5269740434937 16.525624096047 16.5244210132256 16.5232189363263 16.5221536648315 16.5207825930209 16.5195583858356 16.5183251253515 16.5171119833093 16.5158777169031 16.514622326133 16.5133780005059 16.5121125505148 16.5106881648334 16.5095806446107 16.5083041294767 16.5070487387066 16.5056142938042 16.5043277194492 16.5032101400056 16.5019436840925 16.5005414286971 16.4993705353826 16.4984843180201 16.4980829551056 16.498505442384 16.4995918382428 16.5009739751964 16.5022816739152 16.5040219191334 16.5055831102193
16.5498527355412 16.5487341501756 16.547605505589 16.5464768610024 16.5452003458683 16.5442095126083 16.5430808680217 16.5419411582921 16.5406545839372 16.5395048149866 16.5384918514406 16.5373420824901 16.5360343837712 16.5348745555998 16.5338615920537 16.5326906987393 16.5313729407995 16.5301909823421 16.5290100298067 16.5279658826758 16.52662599445 16.5254239175508 16.5242318998724 16.5230288170511 16.5218156750088 16.5205924737456 16.5193692724824 16.5181350060762 16.5168906804491 16.5156453488999 16.5144110824938 16.5131566976457 16.5118902417326 16.5104668619732 16.5093482766076 16.5080617022526 16.5067640627547 16.5052984342675 16.5040108539904 16.502862090962 16.5013743321888 16.500045509106 16.4987166860232 16.4975558519297 16.4961214070273 16.4956154282153 16.4971233054304 16.4987166860232 16.5003402442788 16.5019758735995 16.5036004377771
16.5497149242147 16.5485973447711 16.5474687001845 16.5463400555979 16.5450635404639 16.5440717012818 16.5429329974743 16.5416464231193 16.5405067133897 16.5393680095822 16.5383550460361 16.5370574065382 16.5358975783668 16.5347266850523 16.5337137215063 16.5323959635665 16.5312140051091 16.5300541769376 16.5288621592593 16.5276812067239 16.5264781239026 16.5252861062242 16.524084029325 16.5228708872827 16.5216577452404 16.5204556683412 16.5192314611559 16.5179982006718 16.5166049985752 16.5155186027164 16.5142742770893 16.5130188863192 16.5115955065598 16.5103401157897 16.509221530424 16.5079349560691 16.5064904519458 16.5051928124479 16.503885113729 16.5027353447785 16.5012586511483 16.4999288221434 16.4985999990606 16.4972711759778 16.495963477259 16.4948559570363 16.4952563140287 16.4967863215297 16.4984108857074 16.5001823145104 16.501828003052
16.5495992431742 16.5484705985876 16.547341954001 16.54607650401 16.5449478594234 16.5439560202412 16.5428173164337 16.5415297361567 16.5403910323492 16.5392412633987 16.5382282998526 16.5369316662768 16.5357818973263 16.5346210632327 16.5334501699183 16.5322792766039 16.5311083832895 16.5299274307541 16.5287464782188 16.5275645197613 16.526372502083 16.5251804844046 16.5239784075054 16.5226284600587 16.5215631885638 16.5203500465216 16.5191369044793 16.5177547675257 16.5165315662625 16.5154451704037 16.5142109039976 16.5128086486021 16.511553257832 16.5102978670619 16.5091903468392 16.5077659611577 16.5064904519458 16.5052139368118 16.5039273624568 16.5026508473228 16.5013743321888 16.5000978170547 16.4988534914276 16.4976403493854 16.4964905804349 16.4956254874362 16.4953619358483 16.4961425313912 16.497239992393 16.4986955616593 16.5002245632383
16.5495046864976 16.548376041911 16.5471095859979 16.5459708821904 16.5448422376038 16.5438503984216 16.5425638240667 16.5414351794801 16.5402854105296 16.5391467067221 16.5379858726286 16.5368361036781 16.5356762755067 16.5345154414131 16.5333556132417 16.5321947791482 16.5310248917559 16.5298429332984 16.5285241694366 16.5274910874487 16.5262990697703 16.525107052092 16.5237671638662 16.5225650869669 16.521520939836 16.5203077977937 16.518946785204 16.5177235839408 16.5165104418986 16.5154351111828 16.5140529742292 16.512818707823 16.5115743821959 16.5103290506467 16.5090847250196 16.5078403993925 16.5065950678433 16.5053507422162 16.5040852922252 16.502851025819 16.5016278245558 16.5004247417345 16.499264913563 16.4981674525613 16.4972078028861 16.496448331707 16.4959735364799 16.4961636557552 16.4967963807507 16.4978827766094 16.4993594702396
16.5494201890419 16.5481537331288 16.5470250885422 16.5458964439556 16.544767799369 16.5436290955615 16.542490391754 16.5413506820244 16.5402220374378 16.5390722684873 16.5379224995368 16.5367727305863 16.5356129024149 16.5344631334644 16.53329224015 16.5321324119785 16.530971577885 16.5298006845706 16.5284718614878 16.5274488387208 16.5262668802634 16.5250758685071 16.5237359802813 16.522543962603 16.5214998154721 16.5201498680254 16.518946785204 16.5177336431618 16.5165315662625 16.5153083649993 16.514095222957 16.5128820809148 16.5116478145086 16.5104246132454 16.5092004060601 16.5079772047969 16.5067540035338 16.5055408614915 16.5041909140448 16.5031467669139 16.5019436840925 16.500804980285 16.4995918382428 16.4987166860232 16.4978194035176 16.4971132462095 16.4966173266184 16.4965650186696 16.4968496946215 16.4975880414366 16.498758934751
16.5491978802597 16.5480803008161 16.5469516562295 16.5458230116429 16.5446943670564 16.5435657224698 16.5424270186623 16.5412873089327 16.5401486051252 16.5388610248481 16.5378591264451 16.5367204226376 16.5355595885441 16.5342629549682 16.5332499914221 16.5320901632507 16.5309293291572 16.5296216304383 16.5284507371239 16.5274277143569 16.5262457558995 16.5249169328167 16.5237359802813 16.5225540218239 16.521520939836 16.5201810516102 16.5189890339319 16.5177869570326 16.5165838742112 16.515392862455 16.5141897796336 16.5129877027344 16.511784619913 16.5104346724663 16.5093905253354 16.5081773832931 16.5069853656148 16.505667607675 16.5045067735815 16.5035048751784 16.5023973549558 16.5011952780565 16.5001933796534 16.4993282866548 16.498494377241 16.497745971205 16.4972923003417 16.4971021810665 16.4971977436651 16.4976936632562 16.4984320100713
16.54913551309 16.5480169277244 16.5468882831378 16.5457596385512 16.5444941885602 16.543502349378 16.5423737047914 16.5412450602048 16.5399584858499 16.5388187761203 16.5378168777172 16.5366781739097 16.5353805344118 16.5342307654613 16.5332288670582 16.5320690388868 16.5307713993888 16.5296105652953 16.5284507371239 16.5274277143569 16.526108950495 16.5249380571806 16.5237671638662 16.5225962705517 16.5214153180164 16.5202343654811 16.5190524070236 16.5178714544883 16.5165426314055 16.5155085434955 16.5143165258172 16.5131355732818 16.5118057442769 16.5106358568846 16.5096118281955 16.5084520000241 16.5071543605262 16.5059834672117 16.5048658877681 16.5039162973138 16.5027242796355 16.5017223812324 16.5007727907781 16.5000032603782 16.4991381673795 16.4984320100713 16.4979572148442 16.4976936632562 16.4976725388923 16.4979149661163 16.4984209449283
16.5490821992192 16.5479646197756 16.5468460344099 16.5455805844189 16.5444519398323 16.5434601006502 16.5423314560636 16.5410660060726 16.539926296343 16.5387875925355 16.5377957533533 16.5365091789984 16.5353704751909 16.5342207062404 16.5332188078373 16.5319312275602 16.5307713993888 16.5296216304383 16.5284607963448 16.5273120333164 16.5261511992229 16.5249913710514 16.523820477737 16.5226596436435 16.5214887503291 16.5203178570146 16.5191580288432 16.5179871355288 16.5166794368099 16.5156564140429 16.5144955799494 16.513335751778 16.5120169879161 16.5108672189656 16.5098653205626 16.5085998705715 16.5074812852059 16.5063848301262 16.5053084934884 16.5042643463575 16.5032201992266 16.5022494844083 16.5013532078249 16.5005203043332 16.499781957518 16.4991592917434 16.4986633721524 16.4983364474726 16.4981674525613 16.4982730743809 16.4985899398397
16.5490399504913 16.5479223710478 16.5468037856821 16.545548394912 16.5444197503254 16.5434389762862 16.5423103316997 16.5410448817086 16.539916237122 16.5387775333145 16.537648888728 16.5365091789984 16.5353704751909 16.5342307654613 16.5330809965108 16.5319422927033 16.5307925237527 16.5296528140232 16.5284929858517 16.5273432169012 16.5261934479507 16.5250436790002 16.5238939100497 16.5225962705517 16.5215843129278 16.5204345439773 16.5192636506628 16.5179660111649 16.5168162422144 16.5158143438113 16.5146645748608 16.5133880597268 16.5122493559193 16.5111307705536 16.5101288721505 16.5088845465234 16.5077981506647 16.5067328791698 16.5056987912598 16.5046868336359 16.5037161188176 16.5027987178702 16.5018803110008 16.5010785910939 16.5003613686427 16.4997397087902 16.4992437891991 16.4988534914276 16.4986955616593 16.4986844965163 16.4988424262846
16.5490087669065 16.5478901815408 16.5466347907707 16.5455172113271 16.5443986259615 16.5434178519223 16.5421524019313 16.5410338165656 16.5399061779011 16.5387775333145 16.537648888728 16.5365202441414 16.5353805344118 16.5342518898252 16.5331131860177 16.5319734762881 16.5308347724806 16.529695062751 16.5284195535391 16.5274166492139 16.5262779454064 16.5251281764559 16.5238416021009 16.5227018923713 16.5216999939683 16.5205612901608 16.5192737098837 16.5181450652972 16.5170063614897 16.5160044630866 16.5147380071735 16.5136204277299 16.5125129075072 16.5114154465055 16.5103290506467 16.509253719931 16.5081985076571 16.5071332361622 16.5061313377592 16.5051606229409 16.5042220976296 16.5033358802671 16.5023973549558 16.5017223812324 16.5010262831451 16.5003613686427 16.499803081882 16.4994339084744 16.4992327240561 16.4991492325225 16.49925384842
16.5489876425426 16.5477322517725 16.5466247315498 16.5455061461841 16.5443885667406 16.5432699813749 16.5421524019313 16.5410338165656 16.539916237122 16.5387875925355 16.5376589479489 16.5365413685053 16.5354127239187 16.5342840793321 16.5331554347455 16.5320157250159 16.5308870804293 16.5296216304383 16.5284819207087 16.5274910874487 16.5263624428621 16.525096992871 16.5239572831415 16.522818579334 16.5218367993727 16.5205713493817 16.5194427047951 16.5183251253515 16.5172065399858 16.5160990197632 16.5149914995405 16.5138739200969 16.5127875242382 16.5117111876003 16.5106559753264 16.5096118281955 16.5085888054285 16.5075869070255 16.5065005111667 16.5056354181681 16.5047290823637 16.5038639893651 16.5029566476386 16.5023027982792 16.5016167594128 16.5010162239242 16.5004458660984 16.5000032603782 16.499770892375 16.4996129626067 16.4996340869706
16.5488287068521 16.5477211866295 16.5466136664068 16.5455061461841 16.5443885667406 16.5432810465179 16.5421624611522 16.5410448817086 16.539926296343 16.5386719114949 16.5376911374558 16.5365725520901 16.5354549726465 16.5341885167334 16.5332077426943 16.5320901632507 16.5309615186641 16.529706127894 16.5285664181644 16.5275856441253 16.5264680646817 16.5252126739116 16.524084029325 16.5229765091023 16.5218579237366 16.520750403514 16.5196217589274 16.5185253038477 16.517417783625 16.5163313877663 16.5152449919076 16.5141797204127 16.5131144489179 16.5119324904605 16.5109939651492 16.5099810016031 16.5089791032 16.5078927073413 16.506944122809 16.5061524621231 16.5052662447605 16.5043387845922 16.5035048751784 16.502862090962 16.5021971764596 16.5015322619571 16.5010262831451 16.5006148610097 16.5003513094218 16.5001300065617 16.500045509106
16.5488287068521 16.5477211866295 16.5466136664068 16.5455061461841 16.544261820557 16.5432911057388 16.5421835855161 16.5410660060726 16.5398216804455 16.5387030950798 16.5377323802615 16.536614800818 16.5353704751909 16.5342518898252 16.533271115786 16.5321525304204 16.5309082047933 16.5297906253497 16.528683105127 16.5277013251658 16.5264569995387 16.5253394200951 16.5242318998724 16.5231243796498 16.522026918648 16.5209304635683 16.5198330025666 16.5187466067078 16.5175334646656 16.5165738149903 16.5155085434955 16.5144643963646 16.5132824379072 16.5122594151402 16.5113742036997 16.5103823645176 16.5092959686588 16.5083151946197 16.5073967877502 16.5066161922072 16.505656542532 16.5048447634042 16.5040852922252 16.5034626264506 16.5027242796355 16.50209155464 16.501585575828 16.5011630885496 16.5008361638699 16.5006148610097 16.5004991799692
16.5488287068521 16.5477211866295 16.5466247315498 16.5453804059227 16.544282944921 16.5433122301027 16.5422047098801 16.540960384253 16.5398528640303 16.5387453438076 16.5377746289894 16.5365303033623 16.5354227831396 16.5343152629169 16.5333445480987 16.5320901632507 16.530982643028 16.5298851820263 16.5287776618036 16.5276812067239 16.5265736865013 16.5254762254995 16.5243687052769 16.5232712442751 16.5221848484164 16.5210984525576 16.5200231218419 16.518957850347 16.5177547675257 16.5168373665783 16.5157620358625 16.514601201769 16.513578179002 16.512565215456 16.5117011283794 16.5106036673777 16.5096540769234 16.508736675976 16.5077981506647 16.506933057666 16.5061001541743 16.5053084934884 16.5045600874523 16.5038529242221 16.5032101400056 16.5026297229589 16.502070430276 16.5016378837767 16.5012898347331 16.5010363423661 16.5008894777407
16.5488397719952 16.5477322517725 16.5466347907707 16.5454015302866 16.5443040692849 16.5433444196097 16.5421000939826 16.5410026329808 16.5398951127581 16.5387986576785 16.5376911374558 16.536593676454 16.5354962154523 16.5343886952296 16.53329224015 16.5321947791482 16.5310983240685 16.5299908038459 16.5288933428441 16.5278069469854 16.5267104919057 16.525624096047 16.5245477594091 16.5233346173669 16.5223960920556 16.5213096961968 16.520244424702 16.5190524070236 16.5180082598927 16.5170908589453 16.5160678361783 16.5149281264488 16.5139262280457 16.5129032052787 16.5119324904605 16.5109839059282 16.5100554398378 16.5091480981114 16.5082729458918 16.5074289772571 16.5066161922072 16.5057943538585 16.5050560070434 16.5043699681771 16.5037261780385 16.5031568261348 16.5026397821798 16.5021438625887 16.501828003052 16.5015010783723 16.501310959097
