app/data/climate/baseline/Temperature.asc
ncols        365
nrows        372
xllcorner    10.224615574000
yllcorner    43.742729801000
cellsize     0.000500000000
NODATA_value  -9999
[rows 220 to 241 of 372, columns 255 to 305 of 365]
16.5265626213583 16.5235881097339 16.5204234788342 16.5170797938023 16.5135359302742 16.5097918882499 16.5053195586314 16.5017334463754 16.4973134247057 16.4926509758119 16.4870922503346 16.481881573901 16.4770823196028 16.4713344807723 16.464499240161 16.45810660527 16.4513458028934 16.4451432872776 16.4367579207235 16.4288895981243 16.4206199126106 16.4130362659633 16.4027839080074 16.3930164044996 16.3828897868051 16.3722471310777 16.3610874313954 16.3493795041732 16.3371122842682 16.3242757124594 16.3086547483015 16.2963130901617 16.2816628408221 16.2664311685136 16.2486162882743 16.2321925982875 16.2173944784004 16.2000322631022 16.1789581952867 16.1606262710924 16.1419452919324 16.1253747373202 16.1038047499136 16.0844699213942 16.0650516013412 16.0441143389301 16.0246537701492 16.0053189416297 15.9861541139438 15.9672307075597 15.9485929830496
16.5252126739116 16.5218790481006 16.5192425262989 16.5159410899948 16.5124394751945 16.5082618807488 16.5043277194492 16.5007094176863 16.4963638342513 16.4911954065456 16.4864072173903 16.4812910976333 16.4765974651547 16.4702480849135 16.4642879965218 16.4580331729573 16.4514614839339 16.44455281101 16.4372538403145 16.4296168797964 16.4215906274288 16.4131730713677 16.4043239747294 16.3950413256696 16.3853060116687 16.3748635344376 16.3641152568906 16.3528610005316 16.3410886942956 16.327197916135 16.3142657817275 16.3025055465566 16.2885503893821 16.2715684126345 16.2564001134178 16.2407157761682 16.2265815648614 16.2078804672596 16.1907928686924 16.1733149723538 16.1543915659697 16.136197453102 16.117769966309 16.0991533661628 16.0804200790541 16.0616234188536 16.0428166994321 16.0225433456014 16.0038744375065 15.9853835776217 15.964857737346
16.5239995318693 16.5207081547861 16.5179982006718 16.5147279479526 16.5108360353808 16.5072599823458 16.5033891941379 16.4998242062459 16.4950038275837 16.4904781840944 16.485721178524 16.4807217457296 16.4754688205681 16.4699624030396 16.4641511911174 16.4580542973212 16.4516415439883 16.4449219844175 16.4378654409461 16.4304719135741 16.4226136501958 16.4144495865017 16.4058952250362 16.3969193822143 16.3875210521141 16.3764036011595 16.3673633793238 16.3565738589711 16.3449494232825 16.3316169318827 16.3192229657941 16.3079475850712 16.2928748484532 16.2789307564217 16.2644796796562 16.2488164667705 16.233342367238 16.2174045376213 16.2010552858692 16.1843167422678 16.1672180785576 16.1498246796746 16.1321777884246 16.1130863930513 16.095018020445 16.0745766776249 16.0586489072292 16.0404537884393 16.0223331078843 16.0020919435604 15.9827048070922
16.5225650869669 16.5196539484343 16.5169741719827 16.5137471739134 16.5099075692904 16.5063003326705 16.5025663498671 16.4985476911118 16.4943288538604 16.4898877078267 16.485215199712 16.4803103235942 16.4751519551093 16.4697521653225 16.4640767528826 16.458117670413 16.4510611269415 16.4453022229681 16.438424733629 16.4312203196101 16.4227082068724 16.4157683503636 16.4073296699386 16.3986274379256 16.3883539556058 16.3787665121523 16.3700109662685 16.3595896134012 16.3473123342753 16.3355088444544 16.3235695551512 16.3127156557846 16.2982122710703 16.2848053414357 16.2709034981321 16.2565379247443 16.2417176745712 16.2256641639141 16.2099365720145 16.1938196882656 16.1752875855751 16.1606051467285 16.1435698561101 16.1263243277746 16.1054715628191 16.087855855154 16.0723928207644 16.0547046867087 16.0348427550133 16.017280361219 15.9998447136082
16.5212885718329 16.5185253038477 16.515887776124 16.512301663868 16.5089267952513 16.5053718665801 16.5016378837767 16.4977037224771 16.4935693826813 16.4892761071951 16.484698155757 16.4792873008272 16.4748672791574 16.4695831704111 16.4640556285187 16.4575060697814 16.4513991167643 16.4457659530522 16.4390785829884 16.4311891360253 16.4238267922381 16.4170971734464 16.4090699151568 16.3996082119647 16.3905800611941 16.3813185364983 16.3728909212163 16.3615622266225 16.3510251927148 16.3400445471647 16.3286112366734 16.3167232493969 16.3038655532242 16.2910078570515 16.2776864307946 16.2621700825343 16.249712743354 16.2350936775992 16.2200732489299 16.2018469465552 16.1860036736151 16.1719016518153 16.1555202105563 16.1368301780975 16.1200061311183 16.1030553379555 16.0881304718849 16.0675623828814 16.0504214704434 16.0333238126553 16.0163096464008
16.5201388028824 16.5173232269485 16.5143376501811 16.5112052087884 16.5079772047969 16.5044967143606 16.5008261046489 16.496965375662 16.4929145273998 16.4886534414205 16.4836218191192 16.4789070622766 16.4746248519334 16.4694775485915 16.4633806547953 16.4577062482776 16.4517572250288 16.4463141805921 16.4390152098966 16.4321065369727 16.4249654960456 16.4184471208931 16.4096714565674 16.4015073928734 16.3929842149926 16.3840717452625 16.3747790369819 16.3647902306139 16.3546434944777 16.344074271063 16.333083566292 16.3216603150216 16.309793452109 16.2974950486191 16.2841836815832 16.2693000583184 16.2573497038721 16.2433311736059 16.2270875436734 16.2122682994224 16.1971211245696 16.1836095790375 16.1649185406566 16.1488962135842 16.1326847731587 16.1163143970427 16.0998172747432 16.083257785274 16.0666550411549 16.0487023495891 16.0321317949769
16.5190101582958 16.5162358251676 16.5133146274141 16.5102344939701 16.5069853656148 16.5035682482702 16.4995184059301 16.4962692775748 16.4923029267682 16.4881363974655 16.4832114029059 16.4786123271038 16.4744136082942 16.4687603261403 16.463465152251 16.4579386162807 16.4521475228003 16.446092877732 16.4397535567117 16.4331406248827 16.4262309460366 16.4190064135759 16.411306079966 16.4034055678599 16.3951570067101 16.3865503372958 16.377574494474 16.3682184131015 16.3584820931786 16.3479873079986 16.3360580779163 16.326417320592 16.3150151936856 16.3032016446438 16.2894154823807 16.2767368403403 16.26531358907 16.2512005021272 16.2356107215542 16.2213708884278 16.2068151957648 16.1919526968639 16.1768165871541 16.1614380502202 16.1447829981524 16.1289719147192 16.1130230199595 16.0969906336663 16.0808838091382 16.0647669253893 16.046666363276
16.5177970162535 16.5147279479526 16.512301663868 16.5092849035158 16.5061001541743 16.5023239226431 16.498780059115 16.4955409899806 16.4916702017727 16.4871344990624 16.4828522887192 16.4783588347368 16.4742556785258 16.4687392017764 16.4636029635775 16.4582232922326 16.4526011936635 16.4466833539996 16.4405341522547 16.4341002745579 16.4273917801301 16.4203875446075 16.413088573912 16.405452619316 16.3973096799858 16.3879324742495 16.3803266973161 16.3712985465455 16.3619002164453 16.3508883873103 16.3406883373032 16.3314378777504 16.3200568752079 16.307251486984 16.2954490030852 16.2832652747137 16.2722956943066 16.2577711852284 16.2444809425564 16.2300831796617 16.2160757145385 16.2017835734634 16.1872168156574 16.1723975714064 16.1573660775941 16.1402372362212 16.1267880578587 16.1101330057908 16.0945221008539 16.0769184642538 16.061254245446
16.5164792583137 16.5137894226412 16.5113208898289 16.5084409348811 16.5049181957169 16.5016167594128 16.4981463281974 16.4949716380768 16.4906894277336 16.4866918933422 16.4825142988965 16.4781475910976 16.4735595804386 16.4687603261403 16.463739768982 16.4584969030414 16.4523165177117 16.4472959605533 16.4413147477977 16.4349864919204 16.4276241481332 16.4216540005206 16.4145552083213 16.4071506158063 16.3984483837933 16.3903577524119 16.3827741057646 16.3740296250238 16.3637772670679 16.354284380291 16.3444223201066 16.3354877200905 16.3235906795151 16.3121352387379 16.3007431710524 16.2889829358814 16.2768635865238 16.2643851229796 16.2515586103917 16.2384061790462 16.2249469414629 16.2103479941499 16.196267096714 16.181942766132 16.1655623307951 16.1508054537138 16.1377576382658 16.1227382155186 16.1045430967287 16.0893013651993 16.074038509306
16.5154139868189 16.5127764590952 16.5103612401536 16.5070809282135 16.5040108539904 16.5007838559211 16.4974612952531 16.493906366582 16.4901834489216 16.4862905304277 16.4822084985807 16.4779373533805 16.4734750829829 16.4688025748682 16.4639087638933 16.4588137685002 16.4528013721597 16.4479176204058 16.4421164677045 16.4352812270932 16.428941906073 16.4230351315521 16.4161586481351 16.4080680167537 16.4005688675621 16.3927528529116 16.3856540607124 16.3761611739355 16.3673744444668 16.3579238064178 16.348409795277 16.3385577943135 16.3283476850855 16.3177784616708 16.3068611892125 16.2955858084896 16.2833819616763 16.2713893585023 16.2590477003625 16.246401247829 16.2317922412951 16.2201899358925 16.2066773844383 16.1920160699556 16.1762160516655 16.1619651533961 16.1493609495905 16.1329905734745 16.1183181938488 16.1035723819105 16.0887843212443
16.5142642178684 16.511784619913 16.5090636006557 16.5062057759939 16.5032101400056 16.5000555683269 16.4967541320228 16.4932947659504 16.4897086536944 16.4859002326563 16.4819238226288 16.4772301901502 16.4734117098911 16.4688659479599 16.4641300667535 16.4585391517693 16.4532972917508 16.4485614105443 16.4429181876114 16.4362941906393 16.4301339237514 16.4245329495463 16.4170338003546 16.4100828787028 16.4026571618239 16.3950946395405 16.3872363761622 16.3790612473251 16.3705813240943 16.3617734702617 16.3526386917494 16.342787696708 16.3329457549654 16.3227778944652 16.3122619849214 16.3000259486012 16.2902172022876 16.2787094535616 16.2668848393768 16.252518260067 16.2400086129379 16.2288277888916 16.2158021037296 16.200855107373 16.1873324966979 16.1736207726696 16.160478400545 16.1446461927479 16.1304375432064 16.1161353429104 16.1017687636006
16.5132301299584 16.5107092891973 16.5080617022526 16.5053507422162 16.5024184793197 16.4993494110187 16.4957099848919 16.4927354732675 16.4892016689603 16.4854998756639 16.481133167865 16.4770823196028 16.4733694611633 16.4689504454156 16.463739768982 16.4588982659559 16.4538565844336 16.4492575086316 16.4431083068867 16.4372960890424 16.4313259414297 16.425893962136 16.4186372401684 16.4118965562337 16.4048822614901 16.3975943559377 16.3897884005082 16.381898953545 16.373702700344 16.3652016527493 16.3552651543302 16.3472489611835 16.3377983231345 16.3280308196267 16.3161750218571 16.305690295898 16.2962497170699 16.2851644556223 16.2723278838136 16.2605988322275 16.2485840987674 16.2371185987692 16.2229743282416 16.2101478156537 16.1971000002057 16.1838520062615 16.1704138930421 16.1568289151973 16.1420720381159 16.1282013783972 16.1125069819266
16.5122071071914 16.5094327740632 16.5071543605262 16.5044333412688 16.501585575828 16.4981996420682 16.4950983842603 16.4922083700916 16.4887590632401 16.484698155757 16.4809007998618 16.4769455141983 16.4733382775784 16.4684967745524 16.463982196206 16.4592774985844 16.4543726224666 16.4492575086316 16.4439311511575 16.4383824849011 16.4326125157847 16.4264743791827 16.4201984312543 16.4136790501797 16.4068971234393 16.3989443033844 16.3925204849085 16.3849157138973 16.3770152017911 16.3674901255074 16.3589468291848 16.35121531199 16.3421016578417 16.3314801264782 16.3217126229704 16.3116393191468 16.3020518756933 16.2900160178693 16.2790041887344 16.2677076836476 16.2561365618299 16.2442918292032 16.2322036634305 16.2198630112128 16.2064772059421 16.1936718177181 16.1806984405049 16.1675450032373 16.1542658257083 16.1391719647263 16.1256594132721
16.511289706244 16.5085676810646 16.5063425813984 16.5036839293107 16.5005303635541 16.4975880414366 16.4945079079927 16.4916913261366 16.4879362189693 16.4844024146621 16.4807006213656 16.4768398923787 16.4728111744025 16.468602396372 16.46422462343 16.4596154884071 16.4548373584728 16.4498590500423 16.4446795571935 16.4392787614846 16.4336677280586 16.4278243266294 16.4217485571972 16.4152724307725 16.4086796173853 16.4009692245544 16.3947355253538 16.3873621164236 16.3797050374636 16.3707704374475 16.362194951618 16.3547169267903 16.3447703691502 16.335614466274 16.326163828225 16.3164285142241 16.3063863939853 16.2960606037168 16.2848687145275 16.2739413828482 16.262750499581 16.2512950588038 16.2395871315816 16.2276468363563 16.2154852382708 16.2007183019686 16.1896954076907 16.1769332741167 16.164032323294 16.1493710088114 16.1362286366868
16.5099075692904 16.5075446582976 16.5053829317231 16.5028721501829 16.499803081882 16.4969341920772 16.4939274909459 16.4907839844102 16.4874936132491 16.4840654307615 16.4804893777264 16.4767342705591 16.4728212336234 16.4687291425555 16.4644670506541 16.4600269105425 16.4548051689659 16.4505863317144 16.4454913363213 16.4402605414458 16.4341213989218 16.4291531497122 16.4232564344122 16.4171394221742 16.4099661917402 16.4031420162719 16.3971195607105 16.3899885790044 16.381645461178 16.3739561927111 16.3659923075132 16.3577437463635 16.3492215744048 16.3400344879438 16.3309107745745 16.3215124444742 16.311839497643 16.301882880782 16.29165164719 16.281155856088 16.2684037817349 16.2587207756827 16.2474242705959 16.2359054567269 16.2226785871467 16.2107071083365 16.2000855769731 16.1877761083402 16.1728301179057 16.1601937245931 16.1474406443179
16.5089157301083 16.5066161922072 16.5045067735815 16.5016700732837 16.499011421196 16.4962793367957 16.4933581390421 16.4902991299621 16.4871033154776 16.4837596304457 16.4802680748663 16.4761548594344 16.4728212336234 16.4688548828169 16.4647104838002 16.4598478564102 16.4553332780639 16.4512301218529 16.4463674944629 16.4406608984382 16.4352601027293 16.4304507892102 16.4247441931855 16.4180568231216 16.4118754318698 16.4054626785369 16.3996504606926 16.3918978191339 16.3844831673979 16.377057450519 16.3693571169091 16.3614042968542 16.3531768600683 16.3446758124736 16.3359102073689 16.3252886760054 16.3171034879475 16.307504979351 16.2976318540236 16.2862297271172 16.2758194393929 16.2665056067483 16.2556406422388 16.2424459621654 16.2310750188439 16.2195149621691 16.2092404739272 16.1958345502147 16.1837574495849 16.1715536027717 16.1582522949567
16.5079349560691 16.5056987912598 16.5033469454101 16.5008784125977 16.4982841395239 16.4955731794875 16.4927354732675 16.4897720267862 16.4867019525631 16.4834538301299 16.4796353498708 16.4760703619788 16.4728322987664 16.4689926941434 16.4644670506541 16.4602381541817 16.4558493160968 16.4518729060693 16.4465465485952 16.4416205481134 16.4364843099146 16.4318319202417 16.425619345405 16.4197236360271 16.4137323640505 16.4075298484348 16.401084905595 16.3944086006741 16.3874888626071 16.3803377624591 16.3726273696283 16.3649481603823 16.3570053995483 16.3488000930485 16.3392639516217 16.330520476803 16.3226511482817 16.3134117538719 16.3022098054617 16.292400053226 16.2823589389093 16.2733720309445 16.2615685411236 16.2508313287196 16.2398929318974 16.2279948853999 16.2166350072214 16.2050960749105 16.1934082661302 16.1815735927244 16.1696121731352
16.5068696845743 16.5046968928568 16.5024084200988 16.5000877578338 16.4975769762936 16.494940454492 16.4918281315411 16.489297231559 16.4862804712068 16.4831269054502 16.4794452305955 16.4759858645231 16.4728423579874 16.4686235207359 16.4647205430211 16.4606385111741 16.4564086087796 16.4519996522529 16.4473372033591 16.4425490142038 16.4375807649943 16.4324234024315 16.4270537903074 16.4214850056092 16.4157150364928 16.4095447103839 16.4033110111833 16.3968560091226 16.3901686390587 16.3832489009917 16.3751793939743 16.3686821431857 16.3610451826675 16.3527976274399 16.3435894166149 16.3351396710469 16.3275560243995 16.3175149100828 16.3083278236218 16.2988973040146 16.2886771355656 16.2787517022895 16.2685939010102 16.2582359212347 16.24766669782 16.2368972959091 16.2259377747229 16.2148203237684 16.2027009744108 16.1912465395557 16.1781987241077
16.5059834672117 16.5035893726341 16.5016378837767 16.4993071622909 16.4969231269342 16.4940331127655 16.4913221527291 16.4888646850597 16.4859213570202 16.4824619909477 16.4792450520993 16.4758903019244 16.4728423579874 16.4687392017764 16.4649317866603 16.4609765009968 16.4568522204219 16.4525589449357 16.4481077396811 16.4434664151512 16.4385514798125 16.4335409818751 16.4283303054414 16.4229194505116 16.4173184763065 16.4107578524262 16.4054737436799 16.3990177356971 16.3925305441294 16.384968021846 16.3779959758303 16.3717099686809 16.3643053761659 16.3556876416086 16.347396831731 16.3392217028939 16.3318704242497 16.3221451694697 16.3132538241035 16.3041190455912 16.2947629642188 16.2851855799863 16.2747742863399 16.2647331720232 16.2544908732883 16.2427306381173 16.2334268646937 16.2226363384188 16.2116778231548 16.1983453317549 16.187058885889
16.5047602659485 16.5026930960506 16.500793915142 16.4985265667479 16.4958467902963 16.4933470738991 16.4907316764614 16.4883798306116 16.4851729509842 16.4821773149959 16.4790549328241 16.4757957452478 16.4723997522671 16.4688659479599 16.4651842731053 16.4613245500404 16.456820030915 16.4531705455673 16.4488460864962 16.4443526325138 16.4390896481314 16.4348486805939 16.4296913180311 16.4244595172336 16.4183414990735 16.4126882169196 16.4075720971626 16.4015385764582 16.3944930981298 16.3879958473412 16.3810127361825 16.3749369667502 16.3668785248758 16.3594638731398 16.3518269126216 16.3439475248794 16.3358468342771 16.3270812291724 16.318495684122 16.3096777710685 16.2994988454253 16.291398154823 16.2819364516309 16.2722645107218 16.2604932104079 16.2503776578564 16.2413907498915 16.2309482726604 16.219007977435 16.2082385755242 16.1973323682088
16.5037161188176 16.5017012568685 16.4999499465073 16.4974612952531 16.4951406329882 16.4927143489036 16.4901723837786 16.4875247968339 16.4847504637057 16.4818503903161 16.4788547543279 16.4756901234282 16.4723997522671 16.4689715697795 16.4654065818875 16.461693723448 16.457326009727 16.453750962614 16.4495633089474 16.4446584328296 16.4401227301193 16.4360095146874 16.4311358221544 16.4254402912727 16.4201773068904 16.4145652675423 16.4096181426966 16.4030363944523 16.3969606250201 16.3906846770916 16.3841984914461 16.3775000562392 16.3702755237785 16.3631234177084 16.3557399495573 16.3481351785461 16.3403191638956 16.3322707812421 16.3240121608714 16.3155312317185 16.3052265658139 16.2973994860205 16.2882546482872 16.2777276736004 16.2681714137318 16.25842604051 16.2497549920818 16.2376889565951 16.2274144683532 16.216983056265 16.2064138328503
16.5027454039994 16.500804980285 16.498758934751 16.4966173266184 16.4944445349009 16.4920816239081 16.4896241562387 16.4870500016068 16.4843611718564 16.4815445900003 16.4786223863247 16.4751730794732 16.4723886871241 16.4690661264561 16.4656067603837 16.4615458529006 16.4577796805902 16.4543625632456 16.4503227801264 16.44558689892 16.4411145693015 16.437127094131 16.4318107958778 16.4269069256821 16.4218119302889 16.4165378807636 16.4110737119629 16.4052303105338 16.3993557255198 16.3932900153084 16.387025132523 16.3805490060983 16.3738716952554 16.3669730815524 16.3598752952752 16.3512575607179 16.3446436229667 16.3368698570441 16.3288959126253 16.3196665774364 16.3112490213753 16.3037076234558 16.2943626072264 16.2841937408041 16.2749543463943 16.2655348919301 16.2559363833337 16.2461799449688 16.2362535057706 16.2261812078691 16.215189497176
