app/data/climate/baseline/Temperature.asc
ncols        365
nrows        372
xllcorner    10.224615574000
yllcorner    43.742729801000
cellsize     0.000500000000
NODATA_value  -9999
[rows 220 to 241 of 372, columns 102 to 152 of 365]
16.5488498312161 16.5477533761364 16.5465301748732 16.5454327138715 16.5443362587918 16.5433756031945 16.5421413367883 16.5410448817086 16.5399474207069 16.5388610248481 16.5377645697685 16.5366671087667 16.5355706536871 16.5344731926853 16.5333867968266 16.5322903417469 16.5312039458881 16.5301175500294 16.5289044079871 16.5279548175328 16.5268583624532 16.5257820258153 16.5245799489161 16.5235146774212 16.5225862113308 16.5215309990569 16.5203500465216 16.5193159586116 16.5182617522598 16.5173644697542 16.5162257659467 16.5152238675436 16.5142430935045 16.5132723786862 16.5123227882319 16.5113953280636 16.5104457376093 16.5095595202468 16.5085998705715 16.5078715829773 16.5070698630705 16.5063103918914 16.5054986127637 16.504908136496 16.5042331627726 16.5036527457259 16.5030723286791 16.5026297229589 16.5023027982792 16.5019969979634 16.5017545707393
16.54887095558 16.5476376950959 16.5465512992371 16.5454649033784 16.5443775015976 16.5432810465179 16.5421946506591 16.5410971896574 16.5400107937986 16.5387875925355 16.5378380020811 16.5367516062224 16.5356652103636 16.5344420091005 16.5334924186462 16.5324060227874 16.5313196269287 16.5301064848864 16.5290412133916 16.5281026880803 16.5270263514424 16.5258353396862 16.5247801274122 16.5237037907744 16.522786389827 16.5216154965126 16.5205824145247 16.5195583858356 16.5185464282116 16.5175334646656 16.5165426314055 16.5155296678594 16.5145700181842 16.5136204277299 16.5126819024186 16.5117645014712 16.5108782841086 16.510002125967 16.5090535414348 16.5083041294767 16.5075235339337 16.506679565299 16.5059734079908 16.5053829317231 16.5047602659485 16.50411647581 16.5036004377771 16.503104518186 16.5027564691424 16.5023973549558 16.5021549277317
16.5487552745395 16.5476688786807 16.546582482822 16.5455061461841 16.5444197503254 16.5433333544666 16.5422469586079 16.5411605627492 16.5400852320334 16.5388610248481 16.5379124403159 16.5368361036781 16.5357497078193 16.5345476309201 16.5335980404658 16.5325327689709 16.5313196269287 16.5302442962129 16.529178018796 16.5282505586277 16.5270585409493 16.5260143938184 16.5249591815445 16.5239260995566 16.5228809465036 16.5218367993727 16.5208137766057 16.5198018189817 16.5187999205787 16.5178080813965 16.5168373665783 16.5158666517601 16.5149180672278 16.5138316713691 16.5130299514622 16.5121336748787 16.5112575167371 16.5102978670619 16.5094649635702 16.5087688654829 16.5079983291609 16.5071231769413 16.506427078854 16.5058466618073 16.50515056372 16.5045812118163 16.5040531027183 16.5036004377771 16.5031990748626 16.5028198422342 16.5025552847241
16.5487874640464 16.5477000622656 16.5466247315498 16.5455383356911 16.5443251936488 16.5433866683375 16.5423002724787 16.5412239358409 16.5400107937986 16.5389354630829 16.5379969377716 16.5369105419128 16.5357074590915 16.5346421875967 16.5337036622854 16.5326383907905 16.5314463731122 16.5303811016174 16.5293258893434 16.5283984291751 16.5272164707177 16.5261723235868 16.5251382356768 16.5241051536889 16.5230821309219 16.5220591081549 16.5210562038298 16.5200331810628 16.5189156016192 16.5180615737636 16.5171009181662 16.516141268491 16.5150870621392 16.5141686552697 16.5133780005059 16.5124605995585 16.5114898847402 16.5106459161055 16.5098341369777 16.5091380388905 16.5082830051127 16.5075557234406 16.5068596253534 16.5062470187997 16.5055509207124 16.5049815688087 16.5044645248537 16.5039897296265 16.5035793134132 16.5032312643696 16.5029455824956
16.5488186476312 16.5477423109934 16.5466669802777 16.5454538382354 16.5443885667406 16.5434500414293 16.5423636455705 16.5411605627492 16.5400852320334 16.5390199605386 16.5380804293052 16.5368894175489 16.5358241460541 16.5347578686372 16.5338193433259 16.5326273256475 16.5315731192957 16.5305289721648 16.5294848250339 16.5284396719809 16.527406589993 16.526372502083 16.5253283549521 16.5241785860016 16.523292368639 16.522290470236 16.5212885718329 16.5201810516102 16.519210336792 16.5183673740794 16.5173855941181 16.5163313877663 16.5154029216759 16.5144955799494 16.5137149844065 16.5127342103673 16.5118902417326 16.5110573382409 16.5102244347492 16.5094438392063 16.5086944272481 16.507967145576 16.5072811067097 16.5066373165712 16.5060156567186 16.5054463048149 16.5048870121321 16.5044122169049 16.5039897296265 16.5036205562189 16.5033147559032
16.5488608963591 16.5477845597212 16.546582482822 16.5455061461841 16.5444408746893 16.543502349378 16.5423103316997 16.5412450602048 16.54017978871 16.5391044579943 16.5380391864994 16.5369839742255 16.5359287619516 16.5348745555998 16.5338193433259 16.532775196195 16.5317310490641 16.5306758367901 16.5296316896592 16.5285986076713 16.5275755849043 16.5265525621374 16.5255395985913 16.5243998888617 16.5235247366421 16.5225117730961 16.5215309990569 16.5204345439773 16.519474894302 16.5186409848882 16.5175867785364 16.516658312446 16.5157197871347 16.5148225046291 16.5139473524096 16.513082259411 16.5122493559193 16.5114265116485 16.5106358568846 16.5098653205626 16.5090847250196 16.5083675025684 16.5076925288451 16.5070386794856 16.506437138075 16.5058567210282 16.5053296178523 16.5047914495334 16.504380027398 16.5040007947695 16.5036839293107
16.5489031450869 16.5478378735921 16.5466347907707 16.5455695192759 16.5445042477811 16.5434389762862 16.5423737047914 16.5413194984396 16.5402642861657 16.5391990146709 16.5381548675399 16.5370895960451 16.5360343837712 16.5349902366403 16.5339460895094 16.5329019423785 16.5318678544685 16.5308347724806 16.5296850035301 16.5287676025827 16.5277546390366 16.5267416754905 16.525613030904 16.5246111325009 16.5237460395023 16.5227652654631 16.5216688103834 16.5206870304222 16.519727380747 16.5189045364762 16.5178603893453 16.5169530476188 16.5160467118144 16.5151705536728 16.5142954014532 16.5134202492337 16.5125974049629 16.511784619913 16.5108994084726 16.5102344939701 16.509496147155 16.5087899898468 16.5080305186678 16.507439036478 16.5068274358464 16.5062580839427 16.505656542532 16.5051817473049 16.5047914495334 16.5044011517619 16.5040219191334
16.5489453938148 16.5477533761364 16.5466881046416 16.5456328923677 16.5445676208728 16.543513414521 16.5424582022471 16.5414029899732 16.5403487836214 16.539167831086 16.5382494242165 16.5372052770856 16.5361611299547 16.5349902366403 16.5340728356929 16.5330387477829 16.5320157250159 16.5308558968445 16.5298429332984 16.5289567159359 16.5279447583119 16.5268161137253 16.5258031501792 16.5248223761401 16.5239572831415 16.5228708872827 16.5219001724645 16.5209515879323 16.5200120566989 16.5190845965306 16.5181450652972 16.5172387294928 16.5163525121302 16.5153717380911 16.514622326133 16.5137783574982 16.5129555132274 16.512059236644 16.5112575167371 16.5105936081568 16.5098653205626 16.5090746657987 16.5084097512963 16.5078504586134 16.5072388579818 16.5065950678433 16.5060367810826 16.5055408614915 16.50515056372 16.5046968928568 16.5043488438131
16.5488498312161 16.5477956248642 16.5467404125903 16.5456862062385 16.5446309939646 16.5435767876128 16.5425316345598 16.541477428208 16.540433281077 16.5392513226196 16.5383449868152 16.5373008396843 16.5361400055908 16.5351059176808 16.5341995818764 16.5331765591094 16.5320157250159 16.5310037673919 16.5299908038459 16.5291045864833 16.5279870070397 16.5269951678576 16.5260033286754 16.5250225546363 16.5240307154541 16.5230710657789 16.5221224812467 16.5211728907924 16.520244424702 16.5193270237546 16.5184196820281 16.5175234054446 16.5166160637182 16.5156453488999 16.5148969428639 16.5140630334501 16.5132512543223 16.5123650369598 16.5115955065598 16.5109416572004 16.5100976885657 16.5094015904784 16.508736675976 16.5081773832931 16.5074923503489 16.5069229984451 16.5063948893471 16.5058677861712 16.505414115308 16.5050026931726 16.504644584908
16.5489031450869 16.547858997956 16.5468037856821 16.5457495793303 16.5445676208728 16.5436502199254 16.5426060727945 16.5415719848845 16.5404010915701 16.5393569444392 16.5384496027127 16.5374165207248 16.5362556866313 16.5352326638643 16.5343363872809 16.5333133645139 16.5321736547843 16.5311717563812 16.5301487336142 16.5291579003542 16.528166061172 16.5271742219899 16.5262045130937 16.5252337982755 16.5242630834573 16.5233134930029 16.5223538433277 16.5214153180164 16.5203812301064 16.5195795101995 16.5186832336161 16.5177970162535 16.5168162422144 16.5159622143587 16.5152027431797 16.5143798989089 16.5134725571824 16.5126919616395 16.5119224312395 16.511278641101 16.5104668619732 16.5097808231069 16.5090847250196 16.5084409348811 16.5078403993925 16.5072710474888 16.5067328791698 16.5062258944358 16.5057732294946 16.5053507422162 16.5049503852238
16.5489554530357 16.5479113059048 16.5468671587739 16.5456862062385 16.5446521183285 16.5437347173811 16.5426905702502 16.5415297361567 16.5404966541688 16.5394625662588 16.5385552245323 16.5374054555818 16.5363824328148 16.5353594100479 16.5344631334644 16.5333344888778 16.5323215253317 16.5313196269287 16.5303277877465 16.5293369544864 16.5283561804473 16.5273643412651 16.5263936264469 16.5253072305882 16.5244743270965 16.5235358017851 16.5225962705517 16.5215631885638 16.5206457876165 16.5198330025666 16.518946785204 16.517955951944 16.5170908589453 16.5162468903106 16.5155186027164 16.514601201769 16.5138105470052 16.5129977619553 16.5122382907763 16.5115110091042 16.510793786653 16.5101077477866 16.5094438392063 16.5088101082887 16.5081985076571 16.5075979721685 16.5070598038496 16.5064904519458 16.5060790298104 16.5056464833111 16.5052561855396
16.5490087669065 16.5479646197756 16.5467937264612 16.5457596385512 16.5447265565633 16.5438192148368 16.5426483215224 16.5416252987554 16.5405912108454 16.5395571229354 16.5385341001684 16.5375221425444 16.5365091789984 16.5354962154523 16.5344842578283 16.5334823594252 16.5324693958792 16.531477556697 16.530486723437 16.5295059493978 16.5285352345796 16.5275645197613 16.5264781239026 16.5255285334483 16.5246855707357 16.5237460395023 16.5227018923713 16.521784491424 16.5208882148405 16.5201076192975 16.5191157801154 16.5182406278958 16.5173644697542 16.5165215070416 16.5156986627708 16.5148858777209 16.514095222957 16.513324686635 16.512576280599 16.5118379337839 16.5111096461897 16.5104246132454 16.509759698743 16.5091269737475 16.5085153731159 16.5079349560691 16.5073967877502 16.5068173766255 16.5063737649832 16.505931159263 16.5054875476206
16.5490721399983 16.5479012466838 16.5468671587739 16.5458230116429 16.544799988876 16.543765900966 16.542742878199 16.5417097962111 16.540685767522 16.539673809898 16.5386608463519 16.537637823585 16.5366248600389 16.5356229616358 16.5346210632327 16.5336191648297 16.5326273256475 16.5316465516084 16.5305289721648 16.5296739383871 16.5287042294909 16.5277435738936 16.5266682431779 16.5257297178666 16.5249068735958 16.5238627264649 16.5229231952315 16.5220168594271 16.5211195769215 16.5202343654811 16.5193582073394 16.5184931143408 16.5176501516282 16.5168162422144 16.5159722735797 16.5151705536728 16.5143798989089 16.5136204277299 16.5127764590952 16.5121336748787 16.5114265116485 16.5107515379251 16.5099810016031 16.5094227148423 16.5088101082887 16.508230697164 16.5076190965324 16.5071020525774 16.506679565299 16.5062258944358 16.5057410399877
16.5491143887261 16.5479535546326 16.5469204726447 16.5458964439556 16.5448633619677 16.5438403392007 16.5428173164337 16.5417932877447 16.5407813301207 16.5396416203911 16.5387564089506 16.5377434454046 16.5367304818585 16.5356129024149 16.5347367442733 16.5337459110132 16.532765136974 16.5316576167514 16.5306869019331 16.5298429332984 16.5288621592593 16.5277858226215 16.5268372380892 16.5258977068558 16.525085927728 16.524051839818 16.5231344388707 16.5222381622872 16.5213207613398 16.5204446031982 16.5195795101995 16.5187254823439 16.5178815137092 16.5169429883979 16.5162358251676 16.5154351111828 16.514633391276 16.5137682982773 16.5130299514622 16.5123972264667 16.5116900632364 16.5109205328365 16.510266683477 16.5097073907942 16.5090746657987 16.5084208164393 16.5078715829773 16.5073545390223 16.5069229984451 16.5064059544901 16.5059945323547
16.5490399504913 16.5480169277244 16.5469939049574 16.5459708821904 16.5449478594234 16.5439248366564 16.5429118731103 16.5418888503433 16.5407491406138 16.5397371829898 16.5388610248481 16.5378591264451 16.5367415470015 16.5357497078193 16.5348846148207 16.5338827164176 16.532786261338 16.5318044813767 16.5308448317015 16.5300008630668 16.528925532351 16.5279759418967 16.5270374165854 16.5260878261311 16.5251704251837 16.5242530242363 16.5233456825099 16.5224494059264 16.5215631885638 16.5206870304222 16.5198330025666 16.518957850347 16.5180193250357 16.5171964807649 16.5164893175347 16.5156986627708 16.5148225046291 16.5140630334501 16.513324686635 16.5126607780547 16.5118801825117 16.5111941436453 16.5105402942859 16.5099810016031 16.5092959686588 16.5087155516121 16.5081562589292 16.5076080313894 16.5071121117983 16.5066483817142 16.5062258944358
16.5491033235831 16.5480803008161 16.5470572780491 16.5460342552821 16.5448945455526 16.54400832819 16.542996370566 16.5419834070199 16.5408547624334 16.5398528640303 16.5389666466677 16.5378490672242 16.536857228042 16.5358653888598 16.5350113610042 16.5339149059246 16.5329331259633 16.5319734762881 16.5309927022489 16.5300431117946 16.5290945272624 16.528154996029 16.5272164707177 16.5262880046273 16.5253706036799 16.5244632619534 16.5235458610061 16.5226596436435 16.5216688103834 16.5209093392044 16.5200543054267 16.519210336792 16.5182718114807 16.5174600323529 16.5167317447587 16.5159410899948 16.5150759969962 16.5143165258172 16.513578179002 16.5128609565509 16.5121537933206 16.5114788195972 16.510793786653 16.5101610616574 16.5095484551038 16.5089690439791 16.5084097512963 16.5078715829773 16.5073656041654 16.5068807497173 16.506437138075
16.549156637454 16.5481436739079 16.5471206511409 16.5459809414113 16.5449689837873 16.5440827664248 16.5430808680217 16.5419522234351 16.540950325032 16.5399474207069 16.5390833336303 16.5379647482647 16.5369729090825 16.5359921350434 16.5351381071877 16.534040646186 16.5330809965108 16.5321213468355 16.5311616971603 16.530212106706 16.5292524570308 16.5283239909404 16.52739552485 16.5263624428621 16.5255607229552 16.5246533812287 16.5237671638662 16.5227652654631 16.5218790481006 16.5211195769215 16.5202655490659 16.5193270237546 16.5185041794838 16.517692400356 16.5169852371257 16.5160990197632 16.5153083649993 16.5145589530412 16.5138206062261 16.5131033837749 16.5124072856876 16.5117222527434 16.5110673974618 16.5104246132454 16.5097918882499 16.5092004060601 16.5086421192994 16.5080405778887 16.5075869070255 16.5071121117983 16.5066584409351
16.5492190046236 16.5482070469996 16.54706733727 16.5460553796461 16.545053481243 16.5441672638804 16.5430386192939 16.5420367208908 16.5410448817086 16.5400530425265 16.5390622092664 16.5380804293052 16.537099655266 16.5361188812269 16.5351481664087 16.5341784575125 16.5332077426943 16.53225815224 16.5311928807451 16.5303599772534 16.529431511163 16.5285030450726 16.5274588979417 16.5265314377734 16.5257397770875 16.524843500504 16.5238416021009 16.5229654439593 16.5221013568828 16.5213418857037 16.5203922952494 16.5195382673938 16.518715423123 16.5179026380731 16.5171119833093 16.5163313877663 16.5155608514443 16.5148124454082 16.5140740985931 16.513335751778 16.5126396536907 16.5119646799674 16.5112152680093 16.5106559753264 16.5100443746948 16.5094538984272 16.5088101082887 16.5082518215279 16.5077981506647 16.5073132962166 16.5067962522616
16.5492723184945 16.5481326087649 16.5471206511409 16.5461187527378 16.5451158484127 16.5441139500096 16.5431231167495 16.5421212183465 16.5411394383852 16.5401375399822 16.539156765943 16.5381759919039 16.5372052770856 16.5362345622674 16.5352648533713 16.534305203696 16.5333445480987 16.5323848984235 16.5313196269287 16.5304967826579 16.5295683165675 16.5285241694366 16.5276067684892 16.5266994267627 16.5259188312198 16.5248958084528 16.5240095910902 16.5231344388707 16.522269345872 16.5214153180164 16.5205713493817 16.5197485051109 16.5189256608401 16.5181028165693 16.5173121618054 16.5165315662625 16.5157620358625 16.5150126239044 16.5141897796336 16.5135570546381 16.5128609565509 16.5121648584636 16.5114154465055 16.5108571597447 16.5102344939701 16.5096440177024 16.5090002275639 16.5084520000241 16.5079983291609 16.5074179121141 16.50695418203
16.5493246264432 16.5481959818566 16.5471940834536 16.5461921850505 16.5451902866474 16.5441984474653 16.5431965490622 16.5422157750231 16.5412239358409 16.5401274807612 16.5392623877626 16.5382916729444 16.5373108989052 16.5362245030465 16.5353805344118 16.5344309439575 16.5334823594252 16.5324170879304 16.531477556697 16.5306446532053 16.5297161871149 16.528683105127 16.5277757634005 16.5268684216741 16.5260878261311 16.525085927728 16.5241997103655 16.5233134930029 16.5224594651473 16.5216054372917 16.5207715278779 16.5199386243862 16.5191268452584 16.5182195035319 16.5175334646656 16.5167317447587 16.5159722735797 16.5151283049449 16.5144010232728 16.5137682982773 16.5130722001901 16.512301663868 16.5116478145086 16.5110673974618 16.5104457376093 16.509770763886 16.5091903468392 16.5086421192994 16.5081773832931 16.5076080313894 16.5071332361622
16.5492511941306 16.5482492957275 16.5472574565453 16.5462555581423 16.5451480379196 16.5442728857 16.5432810465179 16.5423002724787 16.5411927522561 16.5402220374378 16.5393680095822 16.538397294764 16.5373108989052 16.53635124923 16.5354962154523 16.5345476309201 16.5334823594252 16.5325428281918 16.5316153680235 16.5308025829737 16.5297584358428 16.5288510941163 16.527923633948 16.5270263514424 16.526130074859 16.5252549226394 16.5243787644978 16.5235146774212 16.522543962603 16.5218056157879 16.5209515879323 16.5201287436615 16.519210336792 16.5184196820281 16.5177235839408 16.5169530476188 16.5160889605423 16.5153506137272 16.514601201769 16.5139684767735 16.5131878812306 16.5125028482863 16.5118379337839 16.511278641101 16.5105724837928 16.5099709423822 16.5093694009715 16.5088101082887 16.5082830051127 16.5077659611577 16.5072811067097
16.5493145672223 16.5483126688192 16.5473208296371 16.5463289904549 16.5452114110114 16.5443463180127 16.5433655439736 16.5422680829718 16.5412873089327 16.5403065348935 16.5394625662588 16.5383761704001 16.5374165207248 16.5364568710496 16.5356229616358 16.534557690141 16.5336191648297 16.5326695743754 16.5317421142071 16.5308237073376 16.5299063063902 16.5289889054428 16.5280916229372 16.5271953463538 16.5263091289912 16.5254128524078 16.5245377001882 16.5236726071896 16.5227230167353 16.5219846699202 16.5211517664284 16.5202233003381 16.5194115212103 16.5185987361604 16.5179137032161 16.5170375450745 16.5162780738955 16.5155296678594 16.5148013802652 16.514084157814 16.5133880597268 16.5126919616395 16.5120280530591 16.5113742036997 16.5107515379251 16.5101399372935 16.5095595202468 16.508990168343 16.5084409348811 16.5079138317052 16.5074179121141
