app/enm/output/Aeshna_mixta/Aeshna_mixta.asc
ncols         365
nrows         372
xllcorner     10.224615574
yllcorner     43.742729801
cellsize      5.0E-4
NODATA_value  -9999
[rows 84 to 111 of 372, columns 64 to 127 of 365]
2.63998E-5 2.39935E-5 2.12634E-5 1.83557E-5 1.57124E-5 1.3866E-5 1.24866E-5 1.06818E-5 1.12014E-5 9.70248E-6 8.43723E-6 7.33027E-6 6.39753E-6 5.3701E-6 4.58955E-6 3.94699E-6 3.4078E-6 2.91018E-6 2.46605E-6 2.09842E-6 1.74095E-6 1.22855E-6 1.03535E-6 8.04798E-7 6.59178E-7 5.50058E-7 4.70231E-7 3.89784E-7 3.14077E-7 2.69897E-7 2.20376E-7 1.85404E-7 1.46961E-7 1.19235E-7 9.66421E-8 8.00585E-8 6.43054E-8 4.80702E-8 3.8343E-8 3.03878E-8 2.47284E-8 1.88824E-8 1.47964E-8 1.15664E-8 8.98325E-9 6.62969E-9 5.1048E-9 3.90647E-9 2.99067E-9 2.26123E-9 1.70748E-9 1.28358E-9 9.65594E-10 6.80671E-10 4.8823E-10 3.70384E-10 2.71442E-10 1.97696E-10 1.38994E-10 1.00151E-10 7.39911E-11 5.00701E-11 3.43333E-11 2.41764E-11
3.45055E-5 3.14468E-5 2.72926E-5 2.44098E-5 2.14046E-5 1.89149E-5 1.66772E-5 1.43549E-5 1.2657E-5 1.09757E-5 1.14278E-5 1.00321E-5 8.72159E-6 7.56476E-6 6.49764E-6 5.51208E-6 4.72432E-6 4.05501E-6 3.44774E-6 2.88716E-6 2.45839E-6 2.14322E-6 1.52118E-6 1.25162E-6 9.4706E-7 7.94403E-7 6.81497E-7 5.68678E-7 4.59852E-7 3.80434E-7 3.37555E-7 2.85485E-7 2.20141E-7 1.79253E-7 1.45813E-7 1.21396E-7 9.53498E-8 7.66733E-8 6.13835E-8 4.89934E-8 3.74328E-8 2.95718E-8 2.3298E-8 1.83107E-8 1.42741E-8 1.1097E-8 8.59146E-9 6.62222E-9 4.88194E-9 3.60171E-9 2.81627E-9 2.12935E-9 1.61018E-9 1.16278E-9 8.65688E-10 6.61683E-10 4.64344E-10 3.30352E-10 2.40356E-10 1.7445E-10 1.2959E-10 9.00855E-11 6.41702E-11 4.54528E-11
4.25651E-5 4.08492E-5 3.59207E-5 3.19501E-5 2.81127E-5 2.49142E-5 2.22578E-5 1.96307E-5 1.73038E-5 1.50545E-5 1.26534E-5 1.13453E-5 1.17937E-5 1.02778E-5 8.69713E-6 7.53942E-6 6.67856E-6 5.76017E-6 4.80565E-6 4.01746E-6 3.43256E-6 3.00295E-6 2.14246E-6 1.76843E-6 1.49516E-6 1.17203E-6 1.01071E-6 8.01531E-7 6.64786E-7 5.53681E-7 4.58466E-7 4.09264E-7 3.36406E-7 2.75392E-7 2.25154E-7 1.77406E-7 1.43809E-7 1.16228E-7 9.3389E-8 7.4837E-8 5.98104E-8 4.75885E-8 3.76967E-8 2.86162E-8 2.17933E-8 1.75375E-8 1.36243E-8 1.05589E-8 7.91009E-9 6.06501E-9 4.77649E-9 3.47672E-9 2.54786E-9 1.91963E-9 1.43459E-9 1.10223E-9 7.9199E-10 5.83212E-10 4.14876E-10 2.97143E-10 2.15174E-10 1.53271E-10 1.10954E-10 7.90097E-11
5.4954E-5 4.97878E-5 4.79075E-5 4.27453E-5 3.79143E-5 3.22344E-5 2.93044E-5 2.593E-5 2.29256E-5 2.02182E-5 1.73458E-5 1.56049E-5 1.37036E-5 1.38488E-5 1.17756E-5 1.02252E-5 9.10456E-6 7.86615E-6 6.61889E-6 5.69787E-6 4.88547E-6 4.1732E-6 3.46637E-6 2.47507E-6 2.09997E-6 1.65201E-6 1.3915E-6 1.17734E-6 9.81687E-7 7.93119E-7 6.59864E-7 5.91335E-7 4.88686E-7 4.01504E-7 3.2946E-7 2.70089E-7 2.20128E-7 1.72516E-7 1.3913E-7 1.09147E-7 9.00723E-8 7.19317E-8 5.71926E-8 4.40609E-8 3.47211E-8 2.69943E-8 2.10926E-8 1.59297E-8 1.23567E-8 9.52396E-9 7.51783E-9 5.57665E-9 4.23544E-9 3.06606E-9 2.30397E-9 1.72425E-9 1.27334E-9 9.49109E-10 6.98505E-10 5.10763E-10 3.62614E-10 2.54199E-10 1.84729E-10 1.3183E-10
6.32537E-5 6.18444E-5 5.54837E-5 5.34294E-5 4.72212E-5 4.15391E-5 3.68748E-5 3.29073E-5 2.9143E-5 2.51529E-5 2.21996E-5 2.00741E-5 1.76283E-5 1.50852E-5 1.31791E-5 1.33615E-5 1.1935E-5 1.00873E-5 8.73727E-6 7.54831E-6 6.5059E-6 5.59308E-6 4.81898E-6 3.33736E-6 2.84087E-6 2.41267E-6 1.90959E-6 1.61321E-6 1.34996E-6 1.13253E-6 9.25281E-7 7.68015E-7 6.85224E-7 5.64876E-7 4.5483E-7 3.84195E-7 3.14196E-7 2.56261E-7 2.0236E-7 1.58079E-7 1.30929E-7 1.05102E-7 8.16459E-8 6.49741E-8 5.14797E-8 4.18068E-8 3.19009E-8 2.39275E-8 1.86627E-8 1.44632E-8 1.11433E-8 8.51618E-9 6.52586E-9 4.95302E-9 3.74282E-9 2.67799E-9 1.9989E-9 1.49557E-9 1.10492E-9 7.81034E-10 5.87803E-10 4.26332E-10 3.11022E-10 2.04264E-10
8.07288E-5 7.28922E-5 7.06204E-5 6.34135E-5 5.96448E-5 5.33953E-5 4.88704E-5 4.36129E-5 3.77957E-5 3.26112E-5 2.90302E-5 2.62972E-5 2.26428E-5 2.01071E-5 1.74777E-5 1.53097E-5 1.59366E-5 1.36122E-5 1.17716E-5 1.02091E-5 8.82835E-6 7.66703E-6 6.59775E-6 5.61468E-6 4.03307E-6 3.3703E-6 2.65756E-6 2.2527E-6 1.89202E-6 1.55846E-6 1.30861E-6 1.12627E-6 9.39231E-7 8.16077E-7 6.54064E-7 5.55492E-7 4.56752E-7 3.63584E-7 2.96303E-7 2.40901E-7 2.00623E-7 1.57383E-7 1.21996E-7 9.74541E-8 7.75068E-8 6.1478E-8 4.84648E-8 3.80499E-8 2.97832E-8 2.31708E-8 1.71906E-8 1.3237E-8 1.01795E-8 7.76914E-9 5.68924E-9 4.42051E-9 3.31236E-9 2.48806E-9 1.70437E-9 1.25616E-9 9.48735E-10 6.90777E-10 4.99885E-10 3.47866E-10
1.01103E-4 9.3642E-5 8.4609E-5 8.00672E-5 7.57753E-5 6.80735E-5 6.25054E-5 5.452E-5 4.92024E-5 4.33185E-5 3.85016E-5 3.41921E-5 2.98391E-5 2.63216E-5 2.29684E-5 2.01917E-5 1.78586E-5 1.86097E-5 1.60971E-5 1.40112E-5 1.16336E-5 1.03545E-5 8.92524E-6 7.63622E-6 5.39835E-6 4.61783E-6 4.05343E-6 3.20611E-6 2.56945E-6 2.17498E-6 1.83261E-6 1.58036E-6 1.28705E-6 1.15568E-6 9.62126E-7 8.18539E-7 6.39303E-7 5.25423E-7 4.29088E-7 3.50186E-7 2.84941E-7 2.30907E-7 1.8624E-7 1.4935E-7 1.15989E-7 9.17213E-8 7.25828E-8 5.72853E-8 4.4948E-8 3.4084E-8 2.72473E-8 2.10622E-8 1.57858E-8 1.19303E-8 8.81536E-9 6.87597E-9 5.17227E-9 3.87358E-9 2.79243E-9 2.06555E-9 1.51769E-9 1.09617E-9 7.71966E-10 5.55276E-10
1.25693E-4 1.16808E-4 1.03221E-4 9.4471E-5 9.06051E-5 8.77319E-5 7.88886E-5 7.01375E-5 6.27552E-5 5.54701E-5 4.94688E-5 4.4473E-5 3.94733E-5 3.50084E-5 3.06004E-5 2.59878E-5 2.3423E-5 2.0563E-5 2.12699E-5 1.8258E-5 1.59089E-5 1.4188E-5 1.22963E-5 1.008E-5 7.29576E-6 6.26259E-6 5.51751E-6 4.26455E-6 3.63322E-6 3.08094E-6 2.61094E-6 2.13698E-6 1.80762E-6 1.50684E-6 1.35225E-6 1.15673E-6 9.36847E-7 7.72722E-7 6.33476E-7 5.03272E-7 4.11774E-7 3.3429E-7 2.70744E-7 2.17949E-7 1.7522E-7 1.39854E-7 1.11266E-7 8.50461E-8 6.6968E-8 5.09803E-8 4.09109E-8 3.17918E-8 2.45202E-8 1.83046E-8 1.39684E-8 1.05237E-8 7.94718E-9 5.78784E-9 4.31705E-9 3.20031E-9 2.43241E-9 1.71301E-9 1.25539E-9 8.70987E-10
1.60633E-4 1.42099E-4 1.30646E-4 1.18429E-4 1.13822E-4 1.0282E-4 1.00895E-4 9.08465E-5 8.16184E-5 7.07787E-5 6.2458E-5 5.71959E-5 5.08704E-5 4.51971E-5 3.91305E-5 3.45974E-5 3.13539E-5 2.77252E-5 2.3054E-5 2.02097E-5 1.76707E-5 1.57962E-5 1.33871E-5 1.1615E-5 1.00348E-5 8.67624E-6 7.44563E-6 5.81669E-6 4.94049E-6 4.20659E-6 3.5715E-6 3.04596E-6 2.568E-6 2.14527E-6 1.74581E-6 1.46562E-6 1.31108E-6 1.08553E-6 8.93354E-7 7.37218E-7 6.04501E-7 4.91149E-7 3.87789E-7 3.13367E-7 2.45398E-7 2.02249E-7 1.61571E-7 1.28295E-7 9.8498E-8 7.71179E-8 6.03263E-8 4.69957E-8 3.5312E-8 2.72182E-8 2.08517E-8 1.63615E-8 1.20116E-8 8.97539E-9 6.52412E-9 4.8472E-9 3.58038E-9 2.60093E-9 1.91086E-9 1.38102E-9
1.89447E-4 1.75017E-4 1.5941E-4 1.42185E-4 1.27503E-4 1.22852E-4 1.22324E-4 1.10381E-4 9.95565E-5 8.95649E-5 7.84029E-5 7.04592E-5 6.29111E-5 5.61246E-5 4.86848E-5 4.32087E-5 3.92379E-5 3.46524E-5 2.98004E-5 2.54595E-5 2.24622E-5 2.01488E-5 1.72896E-5 1.4909E-5 1.29294E-5 1.12027E-5 9.73126E-6 7.7867E-6 6.45364E-6 5.52399E-6 4.7403E-6 4.02362E-6 3.40532E-6 2.86146E-6 2.40491E-6 2.0268E-6 1.64424E-6 1.47008E-6 1.21239E-6 9.77916E-7 8.26477E-7 6.7754E-7 5.5191E-7 4.23412E-7 3.41251E-7 2.82395E-7 2.26089E-7 1.75053E-7 1.38908E-7 1.09741E-7 8.87425E-8 6.53027E-8 5.04935E-8 3.90592E-8 2.99878E-8 2.29222E-8 1.73257E-8 1.31271E-8 9.85158E-9 7.1209E-9 5.19061E-9 3.81143E-9 2.80633E-9 2.0292E-9
2.32362E-4 2.12657E-4 1.94469E-4 1.77444E-4 1.61452E-4 1.54157E-4 1.51288E-4 1.36883E-4 1.23717E-4 1.08845E-4 9.80389E-5 9.03254E-5 8.09769E-5 7.14481E-5 6.16839E-5 5.49648E-5 5.01097E-5 4.37453E-5 3.8287E-5 3.37687E-5 2.97666E-5 2.61198E-5 2.25322E-5 1.95066E-5 1.6983E-5 1.47475E-5 1.28832E-5 1.03283E-5 8.82572E-6 7.57346E-6 6.18496E-6 5.42232E-6 4.60848E-6 3.87881E-6 3.20137E-6 2.76972E-6 2.32139E-6 1.93709E-6 1.63887E-6 1.35781E-6 1.15198E-6 9.4647E-7 7.52343E-7 6.13535E-7 4.97454E-7 4.13864E-7 3.13948E-7 2.50345E-7 1.99093E-7 1.57869E-7 1.2427E-7 9.73679E-8 7.59536E-8 5.89058E-8 4.40781E-8 3.34801E-8 2.54487E-8 1.93582E-8 1.45357E-8 1.04508E-8 7.98037E-9 5.87525E-9 4.17856E-9 2.90587E-9
2.70134E-4 2.5641E-4 2.34807E-4 2.15144E-4 1.91684E-4 1.88272E-4 1.75419E-4 1.7143E-4 1.47659E-4 1.34817E-4 1.2156E-4 1.12422E-4 9.85481E-5 8.9523E-5 7.92157E-5 7.07608E-5 6.31535E-5 5.5541E-5 4.88076E-5 4.31499E-5 3.81132E-5 3.3925E-5 2.98103E-5 2.58605E-5 2.26067E-5 1.88985E-5 1.68723E-5 1.35842E-5 1.16311E-5 9.83706E-6 8.43523E-6 7.4139E-6 6.32475E-6 5.10123E-6 4.32203E-6 3.7464E-6 3.1524E-6 2.56885E-6 2.3047E-6 1.91703E-6 1.63291E-6 1.27221E-6 1.048E-6 8.53886E-7 6.94871E-7 5.63148E-7 4.55055E-7 3.64948E-7 2.90905E-7 2.24256E-7 1.76881E-7 1.3914E-7 1.08787E-7 8.45596E-8 6.32856E-8 5.00643E-8 3.81329E-8 2.80848E-8 2.04065E-8 1.52623E-8 1.16804E-8 8.60141E-9 6.09617E-9 4.41262E-9
3.29842E-4 3.11045E-4 2.86171E-4 2.52529E-4 2.31448E-4 2.11627E-4 2.12994E-4 2.03731E-4 1.87716E-4 1.68366E-4 1.52489E-4 1.34155E-4 1.23551E-4 1.11181E-4 9.8631E-5 8.84764E-5 7.99563E-5 7.1353E-5 6.28629E-5 5.43174E-5 4.76697E-5 4.32679E-5 3.81127E-5 3.31513E-5 2.85836E-5 2.50214E-5 2.23911E-5 1.80966E-5 1.49137E-5 1.28778E-5 1.10874E-5 9.78364E-6 8.15638E-6 6.95723E-6 5.90673E-6 5.14209E-6 4.11481E-6 3.47862E-6 3.1174E-6 2.59915E-6 2.16124E-6 1.79539E-6 1.47734E-6 1.20862E-6 9.5965E-7 7.80635E-7 6.31326E-7 5.08357E-7 4.0673E-7 3.14775E-7 2.56654E-7 2.02365E-7 1.54049E-7 1.16315E-7 9.00588E-8 7.13811E-8 5.45092E-8 4.02021E-8 3.028E-8 2.20405E-8 1.68185E-8 1.20397E-8 8.80353E-9 6.38705E-9
3.93359E-4 3.72055E-4 3.35503E-4 3.131E-4 2.84083E-4 2.62772E-4 2.52475E-4 2.51559E-4 2.293E-4 2.06323E-4 1.87343E-4 1.71996E-4 1.55662E-4 1.4168E-4 1.2276E-4 1.08982E-4 1.00213E-4 8.96636E-5 7.91966E-5 6.95265E-5 6.1714E-5 5.61543E-5 4.86006E-5 4.17075E-5 3.66958E-5 3.21921E-5 2.68433E-5 2.27855E-5 1.98096E-5 1.71717E-5 1.44912E-5 1.24986E-5 1.08035E-5 9.17137E-6 7.82077E-6 6.6381E-6 5.65958E-6 4.77155E-6 4.17348E-6 3.49474E-6 2.92692E-6 2.42948E-6 2.00677E-6 1.64274E-6 1.31214E-6 1.10078E-6 8.68702E-7 6.99895E-7 5.45298E-7 4.32475E-7 3.52796E-7 2.79305E-7 2.14505E-7 1.67781E-7 1.26225E-7 1.00272E-7 7.44907E-8 5.67584E-8 4.28374E-8 3.21338E-8 2.46614E-8 1.75215E-8 1.25072E-8 9.07967E-9
4.49423E-4 4.1677E-4 3.90693E-4 3.60865E-4 3.28504E-4 3.02244E-4 3.02945E-4 2.70781E-4 2.68969E-4 2.42314E-4 2.1833E-4 2.03221E-4 1.84386E-4 1.67185E-4 1.47198E-4 1.32701E-4 1.20238E-4 1.07865E-4 9.42383E-5 8.42261E-5 7.49539E-5 6.8348E-5 5.90932E-5 5.22474E-5 4.51692E-5 3.97345E-5 3.24085E-5 2.86028E-5 2.47076E-5 2.14694E-5 1.86116E-5 1.62262E-5 1.36543E-5 1.16187E-5 9.93136E-6 8.5222E-6 7.23337E-6 6.12132E-6 5.51366E-6 4.65707E-6 3.79598E-6 3.15737E-6 2.61467E-6 2.15955E-6 1.72317E-6 1.44924E-6 1.17725E-6 9.53769E-7 7.25301E-7 5.76576E-7 4.70594E-7 3.7277E-7 2.86474E-7 2.25685E-7 1.75553E-7 1.39774E-7 1.00584E-7 7.69458E-8 5.82061E-8 4.37628E-8 3.23672E-8 2.38831E-8 1.76607E-8 1.28288E-8
5.2922E-4 4.98828E-4 4.56905E-4 4.23741E-4 3.86395E-4 3.53335E-4 3.58964E-4 3.3015E-4 3.2572E-4 2.91347E-4 2.59635E-4 2.44813E-4 2.22868E-4 1.97391E-4 1.7896E-4 1.61858E-4 1.49676E-4 1.34864E-4 1.1798E-4 1.03907E-4 9.28804E-5 8.49402E-5 7.43621E-5 6.5268E-5 5.77243E-5 4.74147E-5 4.21305E-5 3.61685E-5 3.13327E-5 2.73428E-5 2.40017E-5 2.07638E-5 1.79447E-5 1.53137E-5 1.3255E-5 1.10773E-5 9.42268E-6 8.59928E-6 7.26556E-6 5.95529E-6 5.13627E-6 4.28284E-6 3.56163E-6 2.79155E-6 2.30139E-6 1.93949E-6 1.58201E-6 1.25102E-6 1.0079E-6 8.08713E-7 6.63898E-7 4.96732E-7 3.93316E-7 3.09087E-7 2.40935E-7 1.85706E-7 1.42798E-7 1.09507E-7 8.28978E-8 6.05771E-8 4.49115E-8 3.32169E-8 2.45428E-8 1.78349E-8
6.03813E-4 5.76565E-4 5.37801E-4 4.99909E-4 4.64074E-4 4.14092E-4 4.21319E-4 3.88892E-4 3.85159E-4 3.45186E-4 3.16499E-4 2.96843E-4 2.71066E-4 2.40251E-4 2.15591E-4 1.95539E-4 1.81335E-4 1.61508E-4 1.43851E-4 1.29276E-4 1.15902E-4 1.02181E-4 9.1867E-5 8.08539E-5 7.17085E-5 5.96707E-5 5.26212E-5 4.62941E-5 4.0202E-5 3.46008E-5 2.95572E-5 2.63682E-5 2.28539E-5 1.9548E-5 1.65177E-5 1.45601E-5 1.33805E-5 1.10757E-5 9.17203E-6 7.74705E-6 6.69767E-6 5.60832E-6 4.56901E-6 3.77249E-6 3.11802E-6 2.56109E-6 2.04302E-6 1.66586E-6 1.34543E-6 1.08404E-6 8.6809E-7 6.90937E-7 5.46406E-7 4.17565E-7 3.26291E-7 2.52608E-7 1.94321E-7 1.49376E-7 1.13351E-7 8.22541E-8 6.33372E-8 4.55167E-8 3.37025E-8 2.35409E-8
6.91329E-4 6.61853E-4 6.18863E-4 5.778E-4 5.25812E-4 4.88552E-4 4.98134E-4 4.60891E-4 4.46885E-4 4.068E-4 3.73574E-4 3.50908E-4 3.17725E-4 2.90348E-4 2.61441E-4 2.3792E-4 2.12373E-4 1.94874E-4 1.73754E-4 1.56668E-4 1.40842E-4 1.27824E-4 1.14482E-4 1.00887E-4 8.14159E-5 7.17185E-5 6.50932E-5 5.7505E-5 5.00772E-5 4.32458E-5 3.7774E-5 3.38444E-5 2.86363E-5 2.61213E-5 2.25315E-5 1.99171E-5 1.70599E-5 1.41828E-5 1.20431E-5 1.01991E-5 8.61211E-6 7.06867E-6 5.93608E-6 4.91494E-6 4.07137E-6 3.35208E-6 2.76175E-6 2.25065E-6 1.7717E-6 1.43596E-6 1.15272E-6 9.19455E-7 7.29143E-7 5.73708E-7 4.35811E-7 3.48807E-7 2.61893E-7 2.01125E-7 1.47692E-7 1.11487E-7 8.57295E-8 6.34983E-8 4.526E-8 3.2886E-8
8.02502E-4 7.70624E-4 7.14763E-4 6.53419E-4 6.10684E-4 5.68873E-4 5.8247E-4 5.27945E-4 5.33114E-4 4.85437E-4 4.41611E-4 4.06669E-4 3.77782E-4 3.4635E-4 3.12401E-4 2.85256E-4 2.62932E-4 2.38727E-4 2.15466E-4 1.90042E-4 1.69175E-4 1.55741E-4 1.39949E-4 1.23667E-4 1.01194E-4 9.00161E-5 8.26148E-5 7.12153E-5 6.12259E-5 5.38674E-5 4.72633E-5 4.55949E-5 3.86898E-5 3.36139E-5 2.92828E-5 2.52577E-5 2.11159E-5 1.82084E-5 1.53967E-5 1.30739E-5 1.10491E-5 9.36354E-6 7.88618E-6 6.36697E-6 5.2878E-6 4.38715E-6 3.60531E-6 2.94466E-6 2.39099E-6 1.88496E-6 1.56335E-6 1.21574E-6 9.64849E-7 7.39456E-7 5.79625E-7 4.64222E-7 3.5889E-7 2.6734E-7 2.03852E-7 1.49329E-7 1.15328E-7 8.29294E-8 6.09821E-8 4.43422E-8
8.88023E-4 8.53559E-4 7.85993E-4 7.48171E-4 6.82694E-4 6.37545E-4 6.39446E-4 6.02461E-4 6.01577E-4 5.49876E-4 5.08841E-4 4.7509E-4 4.27646E-4 3.96148E-4 3.58537E-4 3.24564E-4 3.03167E-4 2.76152E-4 2.47486E-4 2.21723E-4 1.95343E-4 1.82167E-4 1.63903E-4 1.33319E-4 1.19271E-4 1.06375E-4 9.72526E-5 8.40876E-5 7.43977E-5 6.43968E-5 6.09492E-5 5.33854E-5 4.71173E-5 4.06257E-5 3.52344E-5 3.0484E-5 2.64754E-5 2.22462E-5 1.88934E-5 1.60796E-5 1.37223E-5 1.15792E-5 9.72457E-6 8.09411E-6 6.39679E-6 5.48016E-6 4.51618E-6 3.69787E-6 2.9302E-6 2.3744E-6 1.97114E-6 1.57757E-6 1.18557E-6 9.422E-7 7.39288E-7 5.93493E-7 4.45884E-7 3.429E-7 2.61203E-7 1.97415E-7 1.4388E-7 1.06314E-7 7.87708E-8 5.74138E-8
9.96174E-4 9.40627E-4 9.00337E-4 8.46655E-4 7.83864E-4 7.34362E-4 7.47711E-4 6.9004E-4 6.90583E-4 6.32966E-4 5.8078E-4 5.50374E-4 5.0747E-4 4.67934E-4 4.19444E-4 3.79909E-4 3.55448E-4 3.24454E-4 2.88722E-4 2.62352E-4 2.37762E-4 2.20163E-4 1.93899E-4 1.57931E-4 1.43199E-4 1.27933E-4 1.14136E-4 1.02798E-4 9.01438E-5 8.58119E-5 7.5606E-5 6.53711E-5 5.77614E-5 4.9962E-5 4.34554E-5 3.80053E-5 3.2827E-5 2.82209E-5 2.40363E-5 1.95718E-5 1.72071E-5 1.45553E-5 1.22608E-5 1.00022E-5 8.33557E-6 7.12331E-6 5.88626E-6 4.56961E-6 3.75469E-6 3.04967E-6 2.5337E-6 1.9796E-6 1.57895E-6 1.24951E-6 9.84458E-7 7.6912E-7 5.80342E-7 4.48075E-7 3.42285E-7 2.58912E-7 1.92983E-7 1.43458E-7 1.06384E-7 7.53963E-8
1.12393E-3 1.0575E-3 1.01024E-3 9.51869E-4 8.84104E-4 8.23019E-4 8.48452E-4 7.93122E-4 7.9634E-4 7.09759E-4 7.94252E-4 7.52983E-4 6.96896E-4 6.28431E-4 5.78872E-4 5.32495E-4 4.19826E-4 3.74885E-4 3.37731E-4 3.0752E-4 2.79592E-4 2.5353E-4 2.15606E-4 1.92066E-4 1.72953E-4 1.55039E-4 1.38115E-4 1.23088E-4 1.08271E-4 1.0339E-4 8.99648E-5 8.13469E-5 7.14851E-5 6.20044E-5 5.22227E-5 4.6558E-5 4.03194E-5 3.47605E-5 2.91035E-5 2.49071E-5 2.18091E-5 1.8506E-5 1.5318E-5 1.25323E-5 1.04725E-5 8.95747E-6 7.41957E-6 5.95994E-6 4.86874E-6 3.96535E-6 3.23411E-6 2.52945E-6 2.01935E-6 1.60498E-6 1.26383E-6 9.88809E-7 7.67582E-7 5.93387E-7 4.43159E-7 3.34339E-7 2.51134E-7 1.8684E-7 1.38904E-7 1.00406E-7
1.24201E-3 1.20161E-3 1.13877E-3 1.07675E-3 9.75277E-4 9.25573E-4 9.5544E-4 9.63556E-4 8.82299E-4 8.2427E-4 9.14064E-4 8.68675E-4 1.1867E-3 1.09842E-3 6.66178E-4 6.13116E-4 5.76944E-4 4.40172E-4 3.97371E-4 3.63108E-4 3.30809E-4 2.78869E-4 2.53022E-4 2.26163E-4 2.03591E-4 1.85318E-4 1.66188E-4 1.48569E-4 1.41045E-4 1.24832E-4 1.07838E-4 9.77918E-5 8.60549E-5 7.55133E-5 6.43921E-5 5.75756E-5 5.0015E-5 4.24955E-5 3.56175E-5 3.0578E-5 2.67938E-5 2.28003E-5 1.88886E-5 1.58464E-5 1.32801E-5 1.11816E-5 9.04909E-6 7.46904E-6 6.11638E-6 4.98792E-6 4.0565E-6 3.26648E-6 2.61492E-6 2.03741E-6 1.60813E-6 1.26187E-6 9.80448E-7 7.59687E-7 5.79397E-7 4.27062E-7 3.31225E-7 2.40973E-7 1.78083E-7 1.26292E-7
1.38912E-3 1.34616E-3 1.27834E-3 1.20923E-3 1.12173E-3 1.05782E-3 1.10441E-3 1.09322E-3 1.01647E-3 1.11884E-3 1.04461E-3 9.95094E-4 1.37863E-3 1.27857E-3 7.77269E-4 7.09791E-4 6.61676E-4 5.10832E-4 4.62941E-4 4.23874E-4 3.87034E-4 3.31966E-4 3.01291E-4 2.66112E-4 2.40872E-4 2.14218E-4 1.97566E-4 1.76906E-4 1.68257E-4 1.47822E-4 1.31458E-4 1.17593E-4 1.03655E-4 8.89167E-5 7.78794E-5 6.98558E-5 6.07618E-5 5.13455E-5 4.43274E-5 3.74971E-5 3.29479E-5 2.73722E-5 2.33654E-5 1.95906E-5 1.64935E-5 1.37758E-5 1.15133E-5 9.34038E-6 7.65707E-6 6.27224E-6 5.10473E-6 4.12304E-6 3.30965E-6 2.63578E-6 2.02731E-6 1.60434E-6 1.25019E-6 9.71286E-7 7.21165E-7 5.47849E-7 4.25275E-7 3.1761E-7 2.28E-7 1.63177E-7
1.49463E-3 1.46284E-3 1.3891E-3 1.29009E-3 1.22111E-3 1.15477E-3 1.19472E-3 1.18549E-3 1.1274E-3 1.22989E-3 1.14901E-3 1.61519E-3 1.52479E-3 1.41664E-3 8.61964E-4 7.98437E-4 6.26232E-4 5.70355E-4 5.17914E-4 4.75139E-4 4.0001E-4 3.73501E-4 3.40174E-4 3.05103E-4 2.73311E-4 2.41152E-4 2.25009E-4 2.175E-4 1.90027E-4 1.69735E-4 1.50906E-4 1.37444E-4 1.18658E-4 1.01991E-4 9.05518E-5 8.12907E-5 6.9093E-5 6.05105E-5 5.19451E-5 4.47723E-5 3.84264E-5 3.25265E-5 2.76618E-5 2.32592E-5 1.96026E-5 1.65026E-5 1.37561E-5 1.14019E-5 9.37331E-6 7.34876E-6 6.15775E-6 4.98557E-6 4.00573E-6 3.10912E-6 2.46695E-6 1.99576E-6 1.55899E-6 1.14945E-6 8.83892E-7 6.73203E-7 5.23854E-7 3.80199E-7 3.35795E-7 2.46207E-7
1.67612E-3 1.62649E-3 1.51714E-3 1.43354E-3 1.35202E-3 1.37574E-3 1.30027E-3 1.3349E-3 1.49688E-3 1.38663E-3 1.3E-3 1.81393E-3 1.71128E-3 1.05964E-3 9.70626E-4 8.9208E-4 7.08867E-4 6.55233E-4 5.95458E-4 5.41588E-4 4.56456E-4 4.27736E-4 3.90365E-4 3.46687E-4 3.14854E-4 2.85148E-4 2.63806E-4 2.49314E-4 2.21024E-4 1.9775E-4 1.76407E-4 1.57133E-4 1.40559E-4 1.23057E-4 1.0847E-4 9.52288E-5 8.26407E-5 7.19813E-5 6.1897E-5 5.35142E-5 4.63874E-5 3.97408E-5 3.38453E-5 2.85456E-5 2.31881E-5 2.00119E-5 1.67347E-5 1.3907E-5 1.11759E-5 9.16888E-6 7.70423E-6 6.24683E-6 4.80246E-6 3.84525E-6 3.05433E-6 2.48162E-6 1.88571E-6 1.74574E-6 1.34429E-6 1.02644E-6 7.6025E-7 5.65835E-7 4.23467E-7 3.10782E-7
1.84265E-3 1.75652E-3 1.6922E-3 1.60687E-3 1.5059E-3 1.5329E-3 1.56459E-3 1.47782E-3 1.65913E-3 1.53954E-3 1.43213E-3 2.06143E-3 1.9265E-3 1.19486E-3 1.06641E-3 1.00149E-3 7.97397E-4 7.37391E-4 6.65766E-4 5.69437E-4 5.24153E-4 4.91222E-4 4.29153E-4 3.95791E-4 3.60274E-4 3.26923E-4 3.18054E-4 2.90236E-4 2.58298E-4 2.31949E-4 2.02379E-4 1.84324E-4 1.63743E-4 1.43792E-4 1.26806E-4 1.12586E-4 9.86799E-5 8.61166E-5 7.24233E-5 6.22472E-5 5.50706E-5 4.72576E-5 4.03582E-5 3.3413E-5 2.82799E-5 2.44786E-5 1.9966E-5 1.6332E-5 1.35259E-5 1.11323E-5 9.3635E-6 7.40292E-6 7.12657E-6 5.72249E-6 4.43663E-6 3.53632E-6 2.76786E-6 2.15733E-6 1.6653E-6 1.27543E-6 9.60852E-7 7.2187E-7 5.2592E-7 3.90444E-7
2.00853E-3 1.95188E-3 1.8554E-3 1.76535E-3 1.78029E-3 1.67559E-3 1.73956E-3 1.95828E-3 1.84635E-3 1.68985E-3 2.38821E-3 2.28662E-3 1.42267E-3 1.30105E-3 1.21272E-3 9.47389E-4 8.99561E-4 8.08557E-4 7.46913E-4 6.40569E-4 5.8982E-4 5.41481E-4 5.02179E-4 4.53363E-4 4.13515E-4 3.67592E-4 3.67021E-4 3.31663E-4 2.95728E-4 2.65987E-4 2.35197E-4 2.1554E-4 1.91835E-4 1.64456E-4 1.45007E-4 1.31156E-4 1.1517E-4 1.19898E-4 1.01801E-4 8.84214E-5 7.83584E-5 6.57539E-5 5.54432E-5 4.72705E-5 4.00631E-5 3.47179E-5 2.83755E-5 2.38096E-5 1.96781E-5 1.57944E-5 1.30903E-5 1.06925E-5 8.63504E-6 6.94175E-6 5.5461E-6 4.3884E-6 3.45079E-6 3.94975E-6 3.08306E-6 2.28544E-6 1.78619E-6 1.346E-6 1.01121E-6 7.1844E-7
