app/enm/output/Aeshna_mixta/Aeshna_mixta.asc
ncols         365
nrows         372
xllcorner     10.224615574
yllcorner     43.742729801
cellsize      5.0E-4
NODATA_value  -9999
[rows 252 to 279 of 372, columns 128 to 191 of 365]
1.35811E-5 1.12113E-5 9.01433E-6 7.5559E-6 6.24238E-6 5.15451E-6 4.18686E-6 3.46373E-6 2.91102E-6 2.39174E-6 1.94976E-6 1.61851E-6 1.34242E-6 1.13179E-6 9.19778E-7 7.7308E-7 6.44496E-7 5.33994E-7 4.41367E-7 3.69538E-7 3.12622E-7 2.62314E-7 2.18202E-7 1.83718E-7 1.55045E-7 1.2996E-7 1.08775E-7 9.33135E-8 7.92984E-8 6.74502E-8 5.70296E-8 4.88454E-8 4.54291E-8 3.87945E-8 3.27911E-8 2.86698E-8 2.48304E-8 2.17023E-8 1.85529E-8 1.62184E-8 1.43422E-8 1.25388E-8 1.08952E-8 9.61887E-9 8.61388E-9 7.6446E-9 6.70723E-9 5.99203E-9 5.77138E-9 5.1603E-9 4.63552E-9 4.17572E-9 3.77626E-9 3.41677E-9 3.10095E-9 2.8198E-9 2.56673E-9 2.33908E-9 2.11847E-9 1.96485E-9 2.14817E-9 1.97227E-9 1.78771E-9 1.64633E-9
1.48197E-5 1.20307E-5 9.92506E-6 8.32276E-6 6.82251E-6 5.5402E-6 4.57965E-6 3.78919E-6 3.18679E-6 2.57692E-6 2.15152E-6 1.78677E-6 1.46967E-6 1.21047E-6 1.00791E-6 8.4581E-7 7.0445E-7 5.83127E-7 4.87178E-7 4.07538E-7 3.41188E-7 2.80423E-7 2.38386E-7 2.00476E-7 1.68989E-7 1.40916E-7 1.19199E-7 1.02136E-7 8.60217E-8 7.17577E-8 6.17383E-8 5.28155E-8 4.90521E-8 4.12468E-8 3.5497E-8 3.0902E-8 2.65531E-8 2.27757E-8 1.97691E-8 1.71994E-8 1.52008E-8 1.30776E-8 1.1544E-8 1.01467E-8 9.01076E-9 7.85455E-9 6.96832E-9 6.20658E-9 5.53445E-9 5.30206E-9 4.75163E-9 4.26796E-9 3.83392E-9 3.41128E-9 3.12618E-9 2.83114E-9 2.566E-9 2.30035E-9 2.09504E-9 1.93519E-9 1.76866E-9 1.59778E-9 1.74188E-9 1.59458E-9
1.57898E-5 1.30218E-5 1.07467E-5 9.03032E-6 7.32916E-6 6.05515E-6 4.97435E-6 4.11032E-6 3.37872E-6 2.79677E-6 2.33655E-6 1.93792E-6 1.5956E-6 1.32569E-6 1.09457E-6 9.17272E-7 7.57526E-7 6.3169E-7 5.28162E-7 4.41231E-7 3.64568E-7 3.05651E-7 2.58007E-7 2.167E-7 1.80312E-7 1.52198E-7 1.28585E-7 1.10043E-7 9.22127E-8 7.7608E-8 6.61627E-8 5.65332E-8 4.7772E-8 4.40578E-8 3.78069E-8 3.28634E-8 2.80488E-8 2.42146E-8 2.08147E-8 1.81189E-8 1.57585E-8 1.36983E-8 1.20371E-8 1.05498E-8 9.23853E-9 8.15274E-9 7.13533E-9 6.37205E-9 5.6465E-9 5.02354E-9 4.48196E-9 4.31837E-9 3.81675E-9 3.42482E-9 3.09543E-9 2.81409E-9 2.50672E-9 2.27121E-9 2.05935E-9 1.89371E-9 1.6971E-9 1.52942E-9 1.40974E-9 1.28755E-9
1.71919E-5 1.41887E-5 1.17141E-5 9.68013E-6 7.934E-6 6.60813E-6 5.46693E-6 4.5193E-6 3.7115E-6 3.0574E-6 2.55014E-6 2.09894E-6 1.71691E-6 1.44636E-6 1.2037E-6 1.0004E-6 8.22775E-7 6.90857E-7 5.75759E-7 4.81232E-7 3.97128E-7 3.33109E-7 2.82968E-7 2.34561E-7 1.93965E-7 1.65071E-7 1.39291E-7 1.17846E-7 9.88535E-8 8.37804E-8 7.20257E-8 6.12807E-8 5.13908E-8 4.71792E-8 4.05085E-8 3.48114E-8 2.96864E-8 2.58137E-8 2.23179E-8 1.93077E-8 1.6525E-8 1.43941E-8 1.26778E-8 1.1081E-8 9.66015E-9 8.48683E-9 7.47479E-9 6.60058E-9 5.72293E-9 5.12974E-9 4.59551E-9 4.0911E-9 3.87947E-9 3.47179E-9 3.1479E-9 2.79039E-9 2.48732E-9 2.26313E-9 2.04319E-9 1.8461E-9 1.67499E-9 1.51534E-9 1.37477E-9 1.25032E-9
1.86872E-5 1.55583E-5 1.28537E-5 1.04604E-5 8.64013E-6 7.19874E-6 5.95795E-6 4.81618E-6 4.04824E-6 3.35393E-6 2.80345E-6 2.25336E-6 1.86946E-6 1.57831E-6 1.31148E-6 1.07627E-6 8.95714E-7 7.5669E-7 6.32179E-7 5.12213E-7 4.32525E-7 3.61743E-7 3.07444E-7 2.52633E-7 2.12221E-7 1.8038E-7 1.52079E-7 1.26304E-7 1.06823E-7 9.05797E-8 7.753E-8 6.46576E-8 5.56386E-8 4.75145E-8 4.36869E-8 3.68156E-8 3.16754E-8 2.74722E-8 2.36854E-8 2.01083E-8 1.76168E-8 1.52766E-8 1.33724E-8 1.13681E-8 1.00984E-8 8.84964E-9 7.77325E-9 6.75388E-9 5.95012E-9 5.32928E-9 4.71283E-9 4.09643E-9 3.67088E-9 3.27063E-9 3.18126E-9 2.80297E-9 2.5164E-9 2.25642E-9 2.02848E-9 1.80745E-9 1.64974E-9 1.48903E-9 1.34472E-9 1.20134E-9
2.02883E-5 1.6892E-5 1.3858E-5 1.14434E-5 9.45589E-6 7.87922E-6 6.42187E-6 5.23275E-6 4.40639E-6 3.64692E-6 2.97931E-6 2.46975E-6 2.04935E-6 1.72855E-6 1.39367E-6 1.16896E-6 9.73612E-7 8.24278E-7 6.71636E-7 5.6075E-7 4.72913E-7 3.95736E-7 3.26562E-7 2.73657E-7 2.29992E-7 1.95237E-7 1.63144E-7 1.37455E-7 1.1615E-7 9.83759E-8 8.18984E-8 6.96113E-8 5.98319E-8 5.09475E-8 4.6404E-8 3.9709E-8 3.40203E-8 2.94659E-8 2.4737E-8 2.13503E-8 1.86452E-8 1.61551E-8 1.38752E-8 1.20626E-8 1.06304E-8 9.28799E-9 8.01378E-9 7.03664E-9 6.18424E-9 5.51372E-9 4.78717E-9 4.25415E-9 3.76961E-9 3.34408E-9 2.96689E-9 2.84469E-9 2.5463E-9 2.27716E-9 2.01271E-9 1.82944E-9 1.64286E-9 1.47652E-9 1.31565E-9 1.18615E-9
2.21973E-5 1.82113E-5 1.47997E-5 1.24298E-5 1.0278E-5 8.5045E-6 6.92618E-6 5.7322E-6 4.82238E-6 3.97087E-6 3.24064E-6 2.68759E-6 2.23098E-6 1.85429E-6 1.52656E-6 1.28168E-6 1.06588E-6 8.75331E-7 7.29222E-7 6.09294E-7 5.13181E-7 4.25824E-7 3.56182E-7 2.98638E-7 2.50693E-7 2.0934E-7 1.73951E-7 1.4845E-7 1.25255E-7 1.05963E-7 8.86818E-8 7.51619E-8 6.45318E-8 5.40765E-8 4.56465E-8 4.23399E-8 3.62323E-8 3.10348E-8 2.64093E-8 2.26983E-8 1.98053E-8 1.68374E-8 1.45842E-8 1.26398E-8 1.11072E-8 9.56837E-9 8.3005E-9 7.30844E-9 6.39277E-9 5.60584E-9 4.91444E-9 4.34662E-9 3.83565E-9 3.38761E-9 2.99867E-9 2.66654E-9 2.35433E-9 2.27054E-9 2.00116E-9 1.81075E-9 1.62234E-9 1.43535E-9 1.28756E-9 1.15593E-9
2.38881E-5 1.94346E-5 1.59603E-5 1.34172E-5 1.10762E-5 9.01484E-6 7.46929E-6 6.1839E-6 5.20426E-6 4.21237E-6 3.49394E-6 2.89879E-6 2.40724E-6 1.98153E-6 1.64572E-6 1.38223E-6 1.14993E-6 9.49842E-7 7.86093E-7 6.55953E-7 5.52695E-7 4.51819E-7 3.8265E-7 3.20964E-7 2.69095E-7 2.23134E-7 1.86254E-7 1.58749E-7 1.33779E-7 1.10646E-7 9.44821E-8 7.99804E-8 6.85841E-8 5.71086E-8 4.81518E-8 4.16207E-8 3.81909E-8 3.23351E-8 2.77329E-8 2.38076E-8 2.07124E-8 1.74971E-8 1.5114E-8 1.31287E-8 1.13756E-8 9.8175E-9 8.5507E-9 7.49239E-9 6.54824E-9 5.70035E-9 4.95322E-9 4.40003E-9 3.872E-9 3.36337E-9 3.00509E-9 2.66031E-9 2.35704E-9 2.06695E-9 1.82E-9 1.78125E-9 1.58885E-9 1.3996E-9 1.25033E-9 1.11762E-9
2.54381E-5 2.10253E-5 1.73895E-5 1.46206E-5 1.18289E-5 9.78168E-6 8.09394E-6 6.70568E-6 5.51746E-6 4.57162E-6 3.81999E-6 3.16526E-6 2.60897E-6 2.15044E-6 1.78679E-6 1.49827E-6 1.21851E-6 1.02907E-6 8.56871E-7 7.15368E-7 5.88673E-7 4.87902E-7 4.14115E-7 3.46341E-7 2.84051E-7 2.40598E-7 2.02196E-7 1.72087E-7 1.41815E-7 1.18745E-7 1.01471E-7 8.57931E-8 7.18932E-8 6.09989E-8 5.18015E-8 4.45579E-8 4.00349E-8 3.42121E-8 2.93603E-8 2.51327E-8 2.14233E-8 1.84036E-8 1.59827E-8 1.3798E-8 1.18445E-8 1.01583E-8 8.86855E-9 7.76248E-9 6.64259E-9 5.86152E-9 5.1266E-9 4.5106E-9 3.89177E-9 3.38706E-9 3.03859E-9 2.68342E-9 2.33732E-9 2.0668E-9 1.83178E-9 1.64328E-9 1.43804E-9 1.36358E-9 1.22746E-9 1.09426E-9
2.73701E-5 2.27835E-5 1.88187E-5 1.55856E-5 1.28106E-5 1.06699E-5 8.83512E-6 7.2667E-6 5.97482E-6 4.95258E-6 4.13974E-6 3.4051E-6 2.78271E-6 2.3462E-6 1.95035E-6 1.62007E-6 1.31944E-6 1.11325E-6 9.27368E-7 7.62734E-7 6.36413E-7 5.31822E-7 4.49943E-7 3.7149E-7 3.06034E-7 2.59393E-7 2.17729E-7 1.81237E-7 1.52351E-7 1.28413E-7 1.09224E-7 9.1512E-8 7.67366E-8 6.5162E-8 5.51783E-8 4.69276E-8 3.9539E-8 3.65521E-8 3.12263E-8 2.64286E-8 2.24698E-8 1.93472E-8 1.6755E-8 1.43046E-8 1.23472E-8 1.06696E-8 9.22598E-9 7.9107E-9 6.81485E-9 6.02753E-9 5.25691E-9 4.53567E-9 3.96361E-9 3.47064E-9 3.07951E-9 2.67427E-9 2.33065E-9 2.07251E-9 1.82928E-9 1.61E-9 1.42352E-9 1.26614E-9 1.20594E-9 1.05856E-9
2.97432E-5 2.47675E-5 2.05005E-5 1.67252E-5 1.38499E-5 1.15393E-5 9.55848E-6 7.73173E-6 6.51448E-6 5.40226E-6 4.47536E-6 3.62887E-6 3.01205E-6 2.54132E-6 2.10984E-6 1.72699E-6 1.43652E-6 1.21225E-6 1.00297E-6 8.17161E-7 6.86962E-7 5.74001E-7 4.86014E-7 3.97225E-7 3.32355E-7 2.80877E-7 2.34023E-7 1.94904E-7 1.63646E-7 1.37805E-7 1.16152E-7 9.6801E-8 8.27099E-8 7.0014E-8 5.87629E-8 4.94927E-8 4.20101E-8 3.61231E-8 3.31021E-8 2.76938E-8 2.39233E-8 2.05064E-8 1.75602E-8 1.48654E-8 1.29339E-8 1.11456E-8 9.62967E-9 8.23216E-9 7.13457E-9 6.26213E-9 5.3643E-9 4.66922E-9 4.06812E-9 3.55338E-9 3.10658E-9 2.70912E-9 2.38893E-9 2.09766E-9 1.84455E-9 1.61949E-9 1.42808E-9 1.26435E-9 1.11678E-9 9.72665E-10
3.18941E-5 2.66037E-5 2.1846E-5 1.80743E-5 1.48711E-5 1.23942E-5 1.00232E-5 8.31086E-6 6.99255E-6 5.79922E-6 4.73399E-6 3.92029E-6 3.23244E-6 2.72366E-6 2.21044E-6 1.85231E-6 1.54141E-6 1.30163E-6 1.05798E-6 8.81365E-7 7.35778E-7 6.14171E-7 5.07693E-7 4.24569E-7 3.54774E-7 2.99941E-7 2.45904E-7 2.08861E-7 1.74149E-7 1.46424E-7 1.21798E-7 1.0263E-7 8.75573E-8 7.39193E-8 6.12003E-8 5.23684E-8 4.41165E-8 3.79542E-8 3.16363E-8 2.89788E-8 2.49594E-8 2.13324E-8 1.80557E-8 1.54811E-8 1.33202E-8 1.15012E-8 9.71586E-9 8.44916E-9 7.28958E-9 6.37945E-9 5.43274E-9 4.7403E-9 4.08165E-9 3.57973E-9 3.10568E-9 2.70995E-9 2.3831E-9 2.08246E-9 1.79655E-9 1.59539E-9 1.38972E-9 1.23791E-9 1.07268E-9 9.45635E-10
3.44255E-5 2.84843E-5 2.31972E-5 1.9531E-5 1.6157E-5 1.33758E-5 1.08989E-5 8.9786E-6 7.55765E-6 6.16569E-6 5.11171E-6 4.23504E-6 3.51792E-6 2.89838E-6 2.40392E-6 2.00087E-6 1.66288E-6 1.37207E-6 1.14046E-6 9.50515E-7 7.98335E-7 6.59915E-7 5.50648E-7 4.56366E-7 3.81531E-7 3.19286E-7 2.63798E-7 2.23787E-7 1.87811E-7 1.55624E-7 1.30821E-7 1.09246E-7 9.34366E-8 7.78489E-8 6.51595E-8 5.55755E-8 4.70775E-8 3.95039E-8 3.35708E-8 3.04136E-8 2.62531E-8 2.21407E-8 1.89174E-8 1.61785E-8 1.39947E-8 1.18624E-8 1.01208E-8 8.68395E-9 7.52439E-9 6.44634E-9 5.57671E-9 4.85247E-9 4.20547E-9 3.6283E-9 3.14926E-9 2.71574E-9 2.39789E-9 2.05814E-9 1.79866E-9 1.59279E-9 1.39459E-9 1.20691E-9 1.04798E-9 9.19844E-10
3.73396E-5 3.03827E-5 2.5013E-5 2.10668E-5 1.74345E-5 1.41932E-5 1.17693E-5 9.74953E-6 8.20989E-6 6.65147E-6 5.5097E-6 4.57439E-6 3.79609E-6 3.12271E-6 2.59555E-6 2.17293E-6 1.78919E-6 1.489E-6 1.22927E-6 1.02321E-6 8.51084E-7 7.00349E-7 5.9155E-7 4.93477E-7 4.12755E-7 3.40305E-7 2.82558E-7 2.39816E-7 2.00958E-7 1.64784E-7 1.3968E-7 1.1739E-7 9.87785E-8 8.18874E-8 6.9008E-8 5.89862E-8 4.98084E-8 4.1762E-8 3.53881E-8 3.0015E-8 2.74585E-8 2.29424E-8 1.97146E-8 1.68988E-8 1.44248E-8 1.22397E-8 1.04823E-8 9.08049E-9 7.73982E-9 6.58863E-9 5.68397E-9 4.96574E-9 4.26135E-9 3.64379E-9 3.19623E-9 2.77466E-9 2.40606E-9 2.05137E-9 1.80022E-9 1.58964E-9 1.36871E-9 1.19609E-9 1.04586E-9 9.15554E-10
3.92909E-5 3.27566E-5 2.71034E-5 2.28366E-5 1.83651E-5 1.532E-5 1.26869E-5 1.05136E-5 8.64364E-6 7.16635E-6 5.97988E-6 4.95833E-6 3.99453E-6 3.36406E-6 2.79254E-6 2.33876E-6 1.89776E-6 1.60135E-6 1.33223E-6 1.10755E-6 9.02746E-7 7.51932E-7 6.35424E-7 5.30307E-7 4.32462E-7 3.64172E-7 3.04832E-7 2.58406E-7 2.09853E-7 1.76144E-7 1.49116E-7 1.25169E-7 1.04205E-7 8.76315E-8 7.3783E-8 6.27755E-8 5.14907E-8 4.41407E-8 3.73604E-8 3.1597E-8 2.65271E-8 2.42623E-8 2.08206E-8 1.7711E-8 1.48461E-8 1.27318E-8 1.08758E-8 9.39503E-9 7.89774E-9 6.85003E-9 5.88333E-9 5.0647E-9 4.27019E-9 3.71401E-9 3.24307E-9 2.80678E-9 2.39939E-9 2.08015E-9 1.80501E-9 1.58685E-9 1.34348E-9 1.18702E-9 1.03515E-9 9.02208E-10
4.22604E-5 3.52429E-5 2.91706E-5 2.40144E-5 1.98811E-5 1.65908E-5 1.3745E-5 1.12374E-5 9.3112E-6 7.72062E-6 6.4446E-6 5.30606E-6 4.33168E-6 3.64958E-6 3.03087E-6 2.45982E-6 2.04332E-6 1.72194E-6 1.43325E-6 1.17411E-6 9.77529E-7 8.1323E-7 6.87739E-7 5.5648E-7 4.64263E-7 3.90452E-7 3.26328E-7 2.70181E-7 2.2629E-7 1.89393E-7 1.60136E-7 1.32206E-7 1.11157E-7 9.33641E-8 7.84962E-8 6.52891E-8 5.50915E-8 4.70128E-8 3.96891E-8 3.30288E-8 2.7976E-8 2.37181E-8 2.18823E-8 1.82056E-8 1.56685E-8 1.33311E-8 1.13753E-8 9.57726E-9 8.20056E-9 7.09431E-9 6.08452E-9 5.1577E-9 4.43144E-9 3.81216E-9 3.32516E-9 2.81199E-9 2.4415E-9 2.11087E-9 1.82716E-9 1.5745E-9 1.36497E-9 1.19053E-9 1.02416E-9 8.85266E-10
4.54524E-5 3.76645E-5 3.11867E-5 2.5683E-5 2.12698E-5 1.77292E-5 1.45867E-5 1.18939E-5 1.00237E-5 8.24547E-6 6.83458E-6 5.57605E-6 4.62321E-6 3.8966E-6 3.23732E-6 2.64269E-6 2.19614E-6 1.8387E-6 1.505E-6 1.23993E-6 1.04114E-6 8.66517E-7 7.20661E-7 5.95869E-7 4.96497E-7 4.14592E-7 3.43133E-7 2.86742E-7 2.39378E-7 2.00431E-7 1.677E-7 1.38778E-7 1.17716E-7 9.80035E-8 8.25751E-8 6.8598E-8 5.77115E-8 4.9188E-8 4.09812E-8 3.42923E-8 2.92617E-8 2.45763E-8 2.09026E-8 1.8847E-8 1.61726E-8 1.37471E-8 1.15726E-8 9.87157E-9 8.34159E-9 7.19508E-9 6.12743E-9 5.23722E-9 4.49591E-9 3.85554E-9 3.30932E-9 2.82454E-9 2.42756E-9 2.08997E-9 1.80708E-9 1.56082E-9 1.3494E-9 1.17362E-9 1.01126E-9 8.66109E-10
4.87996E-5 4.07095E-5 3.29488E-5 2.75564E-5 2.28295E-5 1.90624E-5 1.54323E-5 1.27802E-5 1.07776E-5 8.92831E-6 7.27993E-6 5.99054E-6 4.96888E-6 4.18976E-6 3.3979E-6 2.83886E-6 2.35611E-6 1.98775E-6 1.61199E-6 1.33011E-6 1.1154E-6 9.28455E-7 7.66293E-7 6.36887E-7 5.31072E-7 4.46109E-7 3.63766E-7 3.05468E-7 2.55209E-7 2.13429E-7 1.76232E-7 1.47416E-7 1.25101E-7 1.04823E-7 8.60739E-8 7.22675E-8 6.09375E-8 5.18758E-8 4.2745E-8 3.60206E-8 3.06991E-8 2.5922E-8 2.17244E-8 1.82246E-8 1.68596E-8 1.42907E-8 1.18977E-8 1.02045E-8 8.68811E-9 7.40432E-9 6.25146E-9 5.33651E-9 4.59057E-9 3.92673E-9 3.33907E-9 2.86563E-9 2.47505E-9 2.12806E-9 1.7951E-9 1.55022E-9 1.34799E-9 1.1636E-9 9.9117E-10 8.5706E-10
5.23917E-5 4.27121E-5 3.53986E-5 2.98141E-5 2.47103E-5 2.01237E-5 1.65751E-5 1.37318E-5 1.15646E-5 9.35647E-6 7.81734E-6 6.48039E-6 5.36985E-6 4.41952E-6 3.64225E-6 3.04406E-6 2.52747E-6 2.0812E-6 1.72834E-6 1.43677E-6 1.20327E-6 9.7727E-7 8.18603E-7 6.82009E-7 5.67826E-7 4.65984E-7 3.88076E-7 3.28436E-7 2.73595E-7 2.23412E-7 1.87081E-7 1.56521E-7 1.32668E-7 1.08718E-7 9.10907E-8 7.71254E-8 6.47364E-8 5.37891E-8 4.48672E-8 3.78942E-8 3.22556E-8 2.66124E-8 2.2703E-8 1.91838E-8 1.63946E-8 1.46007E-8 1.22678E-8 1.05672E-8 8.97166E-9 7.55926E-9 6.42999E-9 5.52179E-9 4.70604E-9 3.93473E-9 3.37308E-9 2.90741E-9 2.50777E-9 2.1079E-9 1.80584E-9 1.56996E-9 1.34762E-9 1.14435E-9 9.76451E-10 8.49036E-10
5.65202E-5 4.57907E-5 3.7963E-5 3.19855E-5 2.60758E-5 2.16048E-5 1.78876E-5 1.48293E-5 1.22814E-5 1.00434E-5 8.39429E-6 6.95124E-6 5.71845E-6 4.74319E-6 3.93172E-6 3.28731E-6 2.70577E-6 2.22965E-6 1.85236E-6 1.53788E-6 1.27586E-6 1.04544E-6 8.80838E-7 7.33186E-7 6.01386E-7 4.95985E-7 4.13954E-7 3.49905E-7 2.87733E-7 2.37848E-7 2.00056E-7 1.67227E-7 1.38373E-7 1.14782E-7 9.63871E-8 8.14834E-8 6.76814E-8 5.67122E-8 4.76325E-8 3.99898E-8 3.36547E-8 2.77423E-8 2.37488E-8 2.00153E-8 1.67077E-8 1.41085E-8 1.28464E-8 1.09781E-8 9.19951E-9 7.7423E-9 6.61224E-9 5.67044E-9 4.72539E-9 4.01938E-9 3.46072E-9 2.95453E-9 2.49181E-9 2.11187E-9 1.81976E-9 1.57489E-9 1.33457E-9 1.14367E-9 9.80724E-10 8.41815E-10
5.91859E-5 4.93449E-5 4.09145E-5 3.44852E-5 2.77513E-5 2.31539E-5 1.91822E-5 1.59038E-5 1.30852E-5 1.08548E-5 9.05987E-6 7.50566E-6 6.04219E-6 5.09032E-6 4.22099E-6 3.49881E-6 2.85293E-6 2.40564E-6 1.99612E-6 1.65802E-6 1.34563E-6 1.11799E-6 9.44239E-7 7.83388E-7 6.36397E-7 5.3442E-7 4.44733E-7 3.75577E-7 3.03889E-7 2.53181E-7 2.13036E-7 1.77815E-7 1.46998E-7 1.22962E-7 1.02783E-7 8.52929E-8 7.07034E-8 5.99877E-8 5.02384E-8 4.21869E-8 3.49891E-8 2.93976E-8 2.5015E-8 2.08786E-8 1.7473E-8 1.47588E-8 1.24357E-8 1.13049E-8 9.45988E-9 8.09063E-9 6.85728E-9 5.76366E-9 4.86442E-9 4.13303E-9 3.55434E-9 2.99218E-9 2.54525E-9 2.17017E-9 1.84954E-9 1.57945E-9 1.33934E-9 1.15414E-9 9.86981E-10 8.45099E-10
6.29022E-5 5.25481E-5 4.35083E-5 3.58266E-5 2.97305E-5 2.46032E-5 2.04252E-5 1.67954E-5 1.39226E-5 1.15497E-5 9.62935E-6 7.79979E-6 6.45904E-6 5.40694E-6 4.4852E-6 3.66117E-6 3.03373E-6 2.55395E-6 2.12061E-6 1.71849E-6 1.43824E-6 1.18469E-6 9.99225E-7 8.11561E-7 6.74224E-7 5.65428E-7 4.69908E-7 3.87582E-7 3.22743E-7 2.66425E-7 2.24644E-7 1.82804E-7 1.5467E-7 1.28995E-7 1.07836E-7 8.88889E-8 7.43547E-8 6.25055E-8 5.24618E-8 4.29945E-8 3.63846E-8 3.05325E-8 2.59498E-8 2.13433E-8 1.814E-8 1.51248E-8 1.27976E-8 1.06873E-8 9.69326E-9 8.28225E-9 6.99735E-9 5.8541E-9 4.95657E-9 4.16122E-9 3.59274E-9 2.98518E-9 2.56252E-9 2.17569E-9 1.85153E-9 1.56203E-9 1.33187E-9 1.13429E-9 9.75615E-10 8.17478E-10
6.72924E-5 5.62148E-5 4.62783E-5 3.83771E-5 3.17943E-5 2.65506E-5 2.18591E-5 1.78012E-5 1.49107E-5 1.23529E-5 1.0227E-5 8.35069E-6 6.91596E-6 5.82266E-6 4.75017E-6 3.9404E-6 3.24237E-6 2.73152E-6 2.23043E-6 1.83586E-6 1.53486E-6 1.2741E-6 1.0484E-6 8.7047E-7 7.169E-7 6.02492E-7 4.95876E-7 4.12677E-7 3.432E-7 2.85224E-7 2.37278E-7 1.94902E-7 1.63382E-7 1.36598E-7 1.12345E-7 9.37398E-8 7.83157E-8 6.62686E-8 5.42018E-8 4.53375E-8 3.80101E-8 3.19679E-8 2.65498E-8 2.22575E-8 1.88937E-8 1.58714E-8 1.32064E-8 1.11118E-8 9.26318E-9 7.93464E-9 7.05398E-9 6.00954E-9 5.08092E-9 4.2927E-9 3.59423E-9 3.04686E-9 2.58058E-9 2.20363E-9 1.83372E-9 1.57331E-9 1.33819E-9 1.14708E-9 9.55929E-10 8.06309E-10
7.23382E-5 6.04672E-5 4.89529E-5 4.10252E-5 3.39994E-5 2.82146E-5 2.29623E-5 1.90563E-5 1.60503E-5 1.3306E-5 1.08333E-5 8.92239E-6 7.3922E-6 6.22585E-6 5.04381E-6 4.20938E-6 3.48987E-6 2.89222E-6 2.38032E-6 1.95837E-6 1.63738E-6 1.35746E-6 1.1175E-6 9.28272E-7 7.69226E-7 6.39178E-7 5.22781E-7 4.37216E-7 3.64401E-7 3.02975E-7 2.48308E-7 2.06518E-7 1.74259E-7 1.43291E-7 1.18219E-7 9.86715E-8 8.26193E-8 6.88945E-8 5.69451E-8 4.7577E-8 4.01737E-8 3.3299E-8 2.78559E-8 2.3127E-8 1.96745E-8 1.63428E-8 1.35385E-8 1.15152E-8 9.67083E-9 8.13212E-9 6.7148E-9 6.14664E-9 5.20893E-9 4.35095E-9 3.66914E-9 3.10246E-9 2.6485E-9 2.21771E-9 1.83645E-9 1.5869E-9 1.34601E-9 1.12765E-9 9.5657E-10 8.12227E-10
7.74044E-5 6.31014E-5 5.23104E-5 4.41477E-5 3.6602E-5 2.9627E-5 2.4571E-5 2.03644E-5 1.7158E-5 1.38922E-5 1.15931E-5 9.59863E-6 7.95579E-6 6.49836E-6 5.38723E-6 4.49632E-6 3.73044E-6 3.06855E-6 2.54141E-6 2.10702E-6 1.75984E-6 1.41559E-6 1.19344E-6 9.90076E-7 8.20797E-7 6.70921E-7 5.57359E-7 4.69083E-7 3.89705E-7 3.14698E-7 2.63856E-7 2.19175E-7 1.85022E-7 1.5056E-7 1.25219E-7 1.05207E-7 8.76884E-8 7.21521E-8 6.0131E-8 5.01753E-8 4.23027E-8 3.45569E-8 2.92225E-8 2.44341E-8 2.04567E-8 1.68855E-8 1.41361E-8 1.19893E-8 1.00598E-8 8.34648E-9 7.01533E-9 5.96501E-9 5.01505E-9 4.43691E-9 3.77794E-9 3.18544E-9 2.68402E-9 2.24246E-9 1.89346E-9 1.61814E-9 1.36637E-9 1.14257E-9 9.66532E-10 8.19821E-10
8.26539E-5 6.7308E-5 5.58973E-5 4.7109E-5 3.84175E-5 3.18498E-5 2.63795E-5 2.18777E-5 1.79132E-5 1.48346E-5 1.23799E-5 1.02542E-5 8.43024E-6 6.98456E-6 5.79289E-6 4.82843E-6 3.94974E-6 3.26911E-6 2.70857E-6 2.24641E-6 1.83085E-6 1.51903E-6 1.27904E-6 1.06006E-6 8.6085E-7 7.13495E-7 5.91969E-7 4.98428E-7 4.03905E-7 3.35536E-7 2.80967E-7 2.33504E-7 1.91403E-7 1.59102E-7 1.32163E-7 1.1109E-7 9.14768E-8 7.62196E-8 6.34462E-8 5.28812E-8 4.33175E-8 3.61756E-8 3.05977E-8 2.55106E-8 2.10784E-8 1.76134E-8 1.47295E-8 1.24818E-8 1.01948E-8 8.62616E-9 7.22972E-9 6.13852E-9 5.0413E-9 4.23743E-9 3.59774E-9 3.25503E-9 2.70348E-9 2.27803E-9 1.91758E-9 1.63402E-9 1.34882E-9 1.1505E-9 9.70594E-10 8.1202E-10
8.59391E-5 7.17723E-5 5.91266E-5 4.99332E-5 4.04856E-5 3.37794E-5 2.79869E-5 2.31784E-5 1.90822E-5 1.58087E-5 1.31066E-5 1.07843E-5 8.79476E-6 7.4023E-6 6.1329E-6 5.07609E-6 4.13564E-6 3.4835E-6 2.86662E-6 2.37439E-6 1.93587E-6 1.60398E-6 1.35105E-6 1.10083E-6 9.06327E-7 7.56302E-7 6.23079E-7 5.17684E-7 4.255E-7 3.53008E-7 2.95198E-7 2.429E-7 2.01798E-7 1.67541E-7 1.38152E-7 1.1509E-7 9.44004E-8 7.94822E-8 6.62097E-8 5.51156E-8 4.52242E-8 3.77237E-8 3.15544E-8 2.61034E-8 2.17641E-8 1.81593E-8 1.51715E-8 1.26878E-8 1.04931E-8 8.86767E-9 7.36016E-9 6.13474E-9 5.13786E-9 4.30609E-9 3.65256E-9 3.02942E-9 2.54225E-9 2.2767E-9 1.91427E-9 1.60601E-9 1.35068E-9 1.1488E-9 9.66119E-10 8.06835E-10
9.16365E-5 7.65293E-5 6.35056E-5 5.23188E-5 4.31397E-5 3.59435E-5 2.98493E-5 2.41437E-5 2.03682E-5 1.6875E-5 1.40676E-5 1.13867E-5 9.36613E-6 7.88603E-6 6.53612E-6 5.32163E-6 4.41098E-6 3.71051E-6 3.07151E-6 2.48367E-6 2.05744E-6 1.70593E-6 1.43713E-6 1.16254E-6 9.616E-7 8.04113E-7 6.65629E-7 5.46867E-7 4.49916E-7 3.7291E-7 3.12502E-7 2.53338E-7 2.13098E-7 1.77004E-7 1.46921E-7 1.20206E-7 9.90256E-8 8.34164E-8 6.95202E-8 5.65023E-8 4.74517E-8 3.94647E-8 3.33099E-8 2.70647E-8 2.26106E-8 1.88163E-8 1.57778E-8 1.30258E-8 1.08719E-8 9.17393E-9 7.66018E-9 6.33473E-9 5.25389E-9 4.39071E-9 3.69829E-9 3.06104E-9 2.59671E-9 2.17514E-9 1.96243E-9 1.62745E-9 1.35257E-9 1.15706E-9 9.62365E-10 8.00243E-10
