app/enm/output/Aeshna_mixta/Aeshna_mixta.asc
ncols         365
nrows         372
xllcorner     10.224615574
yllcorner     43.742729801
cellsize      5.0E-4
NODATA_value  -9999
[rows 112 to 139 of 372, columns 128 to 191 of 365]
6.55646E-7 4.88569E-7 3.5005E-7 2.42367E-7 1.64785E-7 1.17241E-7 7.99114E-8 5.11E-8 3.45773E-8 2.25923E-8 1.49988E-8 9.04141E-9 5.46497E-9 3.45533E-9 2.08394E-9 1.1914E-9 6.91012E-10 4.10029E-10 2.2938E-10 1.20399E-10 6.25678E-11 3.27118E-11 1.76266E-11 8.33589E-12 3.93274E-12 1.92801E-12 8.91065E-13 3.98459E-13 1.63425E-13 6.91669E-14 2.93099E-14 1.16573E-14 4.32987E-15 1.66533E-15 5.55112E-16 2.22045E-16 1.11022E-16 0E0 0E0 0E0 0E0 0E0 0E0 0E0 0E0 0E0 0E0 0E0 0E0 0E0 0E0 0E0 0E0 0E0 0E0 0E0 0E0 0E0 0E0 0E0 0E0 0E0 0E0 0E0
7.85808E-7 5.86881E-7 4.04598E-7 2.90812E-7 2.03918E-7 1.41617E-7 9.296E-8 6.26979E-8 4.2607E-8 2.79519E-8 1.7651E-8 1.12086E-8 7.02773E-9 4.33434E-9 2.55494E-9 1.52063E-9 8.88267E-10 5.29303E-10 2.86039E-10 1.52682E-10 8.49784E-11 4.35554E-11 2.25031E-11 1.09667E-11 5.40268E-12 2.67697E-12 1.251E-12 5.51004E-13 2.43916E-13 1.01807E-13 4.35207E-14 1.56541E-14 6.66134E-15 2.55351E-15 8.88178E-16 3.33067E-16 1.11022E-16 0E0 0E0 0E0 0E0 0E0 0E0 0E0 0E0 0E0 0E0 0E0 0E0 0E0 0E0 0E0 0E0 0E0 0E0 0E0 0E0 0E0 0E0 0E0 0E0 0E0 0E0 0E0
9.51691E-7 7.00486E-7 4.98686E-7 3.59543E-7 2.53166E-7 1.7601E-7 1.18764E-7 8.04659E-8 5.3303E-8 3.5425E-8 2.24691E-8 1.43556E-8 9.04041E-9 5.77426E-9 3.30344E-9 2.0433E-9 1.16689E-9 7.0173E-10 3.70994E-10 2.05903E-10 1.15479E-10 6.15447E-11 3.10409E-11 1.58225E-11 7.63911E-12 3.81939E-12 1.75038E-12 8.06799E-13 3.62155E-13 1.58096E-13 6.69464E-14 2.54241E-14 1.06581E-14 4.10783E-15 1.55431E-15 5.55112E-16 2.22045E-16 1.11022E-16 0E0 0E0 0E0 0E0 0E0 0E0 0E0 0E0 0E0 0E0 0E0 0E0 0E0 0E0 0E0 0E0 0E0 0E0 0E0 0E0 0E0 0E0 0E0 0E0 0E0 0E0
1.19098E-6 8.61556E-7 6.22401E-7 4.42143E-7 3.12292E-7 2.14753E-7 1.47817E-7 1.00601E-7 6.88427E-8 4.33264E-8 2.91334E-8 1.83289E-8 1.15902E-8 7.00574E-9 4.29507E-9 2.66793E-9 1.5808E-9 8.90076E-10 5.08868E-10 2.7741E-10 1.57047E-10 8.16931E-11 4.29384E-11 2.2096E-11 1.11098E-11 5.45786E-12 2.46114E-12 1.18183E-12 5.37237E-13 2.37921E-13 9.50351E-14 3.9635E-14 1.73195E-14 6.88338E-15 2.33147E-15 8.88178E-16 3.33067E-16 1.11022E-16 0E0 0E0 0E0 0E0 0E0 0E0 0E0 0E0 0E0 0E0 0E0 0E0 0E0 0E0 0E0 0E0 0E0 0E0 0E0 0E0 0E0 0E0 0E0 0E0 0E0 0E0
1.39907E-6 1.05514E-6 7.6463E-7 5.5525E-7 3.77411E-7 2.74549E-7 1.84896E-7 1.26187E-7 8.24955E-8 5.48423E-8 3.7099E-8 2.3957E-8 1.47869E-8 9.31812E-9 5.58776E-9 3.49076E-9 2.01753E-9 1.18104E-9 6.79147E-10 3.83529E-10 2.12402E-10 1.09987E-10 5.93275E-11 3.08192E-11 1.56654E-11 7.3338E-12 3.54872E-12 1.78102E-12 8.20233E-13 3.20743E-13 1.43996E-13 6.08402E-14 2.70894E-14 9.65894E-15 3.77476E-15 1.44329E-15 5.55112E-16 2.22045E-16 1.11022E-16 0E0 0E0 0E0 0E0 0E0 0E0 0E0 0E0 0E0 0E0 0E0 0E0 0E0 0E0 0E0 0E0 0E0 0E0 0E0 0E0 0E0 0E0 0E0 0E0 0E0
1.68008E-6 1.27275E-6 9.26347E-7 6.47642E-7 4.6069E-7 3.33746E-7 2.32162E-7 1.54533E-7 1.02732E-7 6.87202E-8 4.66905E-8 2.94356E-8 1.83396E-8 1.18868E-8 7.37784E-9 4.50622E-9 2.5554E-9 1.56014E-9 9.03896E-10 5.14458E-10 2.75189E-10 1.50326E-10 8.42956E-11 4.42728E-11 2.02789E-11 1.04837E-11 5.11979E-12 2.60281E-12 1.10412E-12 5.006E-13 2.28817E-13 9.84768E-14 3.81917E-14 1.55431E-14 6.10623E-15 2.44249E-15 8.88178E-16 3.33067E-16 1.11022E-16 0E0 0E0 0E0 0E0 0E0 0E0 0E0 0E0 0E0 0E0 0E0 0E0 0E0 0E0 0E0 0E0 0E0 0E0 0E0 0E0 0E0 0E0 0E0 0E0 0E0
1.98238E-6 1.50897E-6 1.05416E-6 7.61869E-7 5.44544E-7 3.96204E-7 2.68836E-7 1.81973E-7 1.26244E-7 8.48328E-8 5.51829E-8 3.52152E-8 2.26423E-8 1.47441E-8 9.22314E-9 5.49551E-9 3.32082E-9 2.04343E-9 1.1654E-9 6.23123E-10 3.60843E-10 1.98987E-10 1.12638E-10 5.51713E-11 2.8577E-11 1.49645E-11 7.1757E-12 3.35976E-12 1.5874E-12 7.30305E-13 3.38618E-13 1.4333E-13 6.09512E-14 2.52021E-14 9.65894E-15 3.88578E-15 1.33227E-15 5.55112E-16 2.22045E-16 1.11022E-16 0E0 0E0 0E0 0E0 0E0 0E0 0E0 0E0 0E0 0E0 0E0 0E0 0E0 0E0 0E0 0E0 0E0 0E0 0E0 0E0 0E0 0E0 0E0 0E0
2.35621E-6 1.79807E-6 1.26798E-6 9.30292E-7 6.69209E-7 4.80913E-7 3.22297E-7 2.23326E-7 1.55599E-7 1.05244E-7 6.87139E-8 4.51094E-8 2.92378E-8 1.87555E-8 1.14699E-8 7.09993E-9 4.32559E-9 2.67734E-9 1.52312E-9 8.5348E-10 4.99958E-10 2.70909E-10 1.47823E-10 7.6675E-11 4.02328E-11 2.12967E-11 1.06726E-11 5.07172E-12 2.43117E-12 1.09623E-12 5.15588E-13 2.06613E-13 9.59233E-14 4.03011E-14 1.65423E-14 5.9952E-15 2.33147E-15 8.88178E-16 3.33067E-16 1.11022E-16 0E0 0E0 0E0 0E0 0E0 0E0 0E0 0E0 0E0 0E0 0E0 0E0 0E0 0E0 0E0 0E0 0E0 0E0 0E0 0E0 0E0 0E0 0E0 0E0
2.77539E-6 2.05062E-6 1.51071E-6 1.11357E-6 8.03213E-7 5.6514E-7 3.98531E-7 2.7044E-7 1.90868E-7 1.27267E-7 8.53287E-8 5.64651E-8 3.68387E-8 2.36746E-8 1.45508E-8 9.08409E-9 5.60545E-9 3.38607E-9 1.94788E-9 1.13653E-9 6.72074E-10 3.78228E-10 2.02441E-10 1.06425E-10 5.63772E-11 3.02196E-11 1.40744E-11 7.38409E-12 3.58646E-12 1.70164E-12 7.37188E-13 3.22631E-13 1.50435E-13 6.43929E-14 2.4758E-14 9.99201E-15 3.88578E-15 1.66533E-15 5.55112E-16 2.22045E-16 1.11022E-16 0E0 0E0 0E0 0E0 0E0 0E0 0E0 0E0 0E0 0E0 0E0 0E0 0E0 0E0 0E0 0E0 0E0 0E0 0E0 0E0 0E0 0E0 0E0
3.34436E-6 2.47883E-6 1.80847E-6 1.33707E-6 9.70612E-7 6.86117E-7 4.86106E-7 3.40508E-7 2.39875E-7 1.56276E-7 1.0655E-7 7.08527E-8 4.64895E-8 2.91871E-8 1.86331E-8 1.20557E-8 7.46071E-9 4.40689E-9 2.57431E-9 1.51392E-9 9.01944E-10 4.77123E-10 2.76974E-10 1.51582E-10 8.11951E-11 4.04676E-11 2.01443E-11 1.06855E-11 5.25602E-12 2.37244E-12 1.11033E-12 5.0715E-13 2.42251E-13 9.69225E-14 3.84137E-14 1.63203E-14 6.55032E-15 2.55351E-15 8.88178E-16 3.33067E-16 1.11022E-16 0E0 0E0 0E0 0E0 0E0 0E0 0E0 0E0 0E0 0E0 0E0 0E0 0E0 0E0 0E0 0E0 0E0 0E0 0E0 0E0 0E0 0E0 0E0
2.43715E-6 1.88224E-6 1.3971E-6 1.03967E-6 1.078E-6 7.99901E-7 5.69312E-7 4.00598E-7 2.7069E-7 1.86201E-7 1.30171E-7 8.70839E-8 5.48611E-8 3.57548E-8 2.29667E-8 1.49797E-8 9.06554E-9 5.56114E-9 3.36262E-9 1.99661E-9 1.13741E-9 6.2644E-10 3.67117E-10 2.03127E-10 1.10057E-10 5.57404E-11 2.89289E-11 1.55495E-11 7.48468E-12 3.33111E-12 1.63347E-12 7.58171E-13 3.67484E-13 1.46549E-13 6.30607E-14 2.73115E-14 1.06581E-14 4.10783E-15 1.55431E-15 5.55112E-16 2.22045E-16 1.11022E-16 0E0 0E0 0E0 0E0 0E0 0E0 0E0 0E0 0E0 0E0 0E0 0E0 0E0 0E0 0E0 0E0 0E0 0E0 0E0 0E0 0E0 0E0
2.82565E-6 2.19232E-6 1.63564E-6 1.17682E-6 8.60857E-7 9.65466E-7 6.91682E-7 4.68158E-7 3.27717E-7 2.26803E-7 1.59544E-7 1.04486E-7 6.80256E-8 4.5701E-8 2.87784E-8 1.84871E-8 1.13072E-8 7.19844E-9 4.39362E-9 2.63405E-9 1.49895E-9 8.66872E-10 4.99262E-10 2.78983E-10 1.41742E-10 7.85262E-11 4.12893E-11 2.2444E-11 1.04106E-11 5.13423E-12 2.48457E-12 1.16218E-12 5.1803E-13 2.32592E-13 1.01696E-13 4.4853E-14 1.80966E-14 7.32747E-15 2.77556E-15 9.99201E-16 3.33067E-16 1.11022E-16 0E0 0E0 0E0 0E0 0E0 0E0 0E0 0E0 0E0 0E0 0E0 0E0 0E0 0E0 0E0 0E0 0E0 0E0 0E0 0E0 0E0 0E0
3.29916E-6 2.50605E-6 1.85185E-6 1.37688E-6 1.01377E-6 7.5923E-7 7.99153E-7 5.61822E-7 4.01327E-7 2.72113E-7 1.89036E-7 1.25887E-7 8.41947E-8 5.6989E-8 3.72014E-8 2.33214E-8 1.47796E-8 9.23812E-9 5.71271E-9 3.24749E-9 1.99042E-9 1.16389E-9 6.95194E-10 3.65757E-10 2.02581E-10 1.10519E-10 5.87695E-11 2.97351E-11 1.52008E-11 7.62079E-12 3.85192E-12 1.78668E-12 8.37219E-13 3.71592E-13 1.63536E-13 7.10543E-14 2.78666E-14 1.24345E-14 4.996E-15 1.9984E-15 6.66134E-16 2.22045E-16 1.11022E-16 0E0 0E0 0E0 0E0 0E0 0E0 0E0 0E0 0E0 0E0 0E0 0E0 0E0 0E0 0E0 0E0 0E0 0E0 0E0 0E0 0E0
3.78438E-6 2.87899E-6 2.15338E-6 1.62564E-6 1.18553E-6 8.67274E-7 9.34187E-7 6.68807E-7 4.80836E-7 3.37106E-7 2.29342E-7 1.56921E-7 1.03831E-7 7.07493E-8 4.41345E-8 2.94634E-8 1.88173E-8 1.21911E-8 7.12924E-9 4.35745E-9 2.62954E-9 1.55559E-9 8.76268E-10 4.99993E-10 2.80572E-10 1.59243E-10 8.33141E-11 4.41528E-11 2.21363E-11 1.12585E-11 5.59508E-12 2.56084E-12 1.29441E-12 6.01408E-13 2.73115E-13 1.12688E-13 4.64073E-14 2.09832E-14 8.65974E-15 3.10862E-15 1.22125E-15 4.44089E-16 2.22045E-16 1.11022E-16 0E0 0E0 0E0 0E0 0E0 0E0 0E0 0E0 0E0 0E0 0E0 0E0 0E0 0E0 0E0 0E0 0E0 0E0 0E0 0E0
4.3696E-6 3.32263E-6 2.51528E-6 1.90435E-6 1.41594E-6 1.03208E-6 7.59995E-7 8.01572E-7 5.80053E-7 3.91014E-7 2.80255E-7 1.92602E-7 1.30897E-7 8.54182E-8 5.69402E-8 3.72937E-8 2.40107E-8 1.47849E-8 9.26071E-9 5.70407E-9 3.5679E-9 2.06383E-9 1.21474E-9 6.81398E-10 3.8606E-10 2.14859E-10 1.1216E-10 6.29431E-11 3.30647E-11 1.70387E-11 8.07054E-12 3.85691E-12 1.97165E-12 9.31255E-13 3.88911E-13 1.80522E-13 7.90479E-14 3.64153E-14 1.29896E-14 5.21805E-15 2.10942E-15 7.77156E-16 3.33067E-16 1.11022E-16 0E0 0E0 0E0 0E0 0E0 0E0 0E0 0E0 0E0 0E0 0E0 0E0 0E0 0E0 0E0 0E0 0E0 0E0 0E0 0E0
4.73627E-6 3.68749E-6 2.80893E-6 2.13383E-6 1.58315E-6 1.17114E-6 8.56374E-7 9.34997E-7 6.52919E-7 4.55317E-7 3.28373E-7 2.27497E-7 1.55539E-7 1.02185E-7 6.8292E-8 4.6332E-8 2.93101E-8 1.83507E-8 1.15824E-8 7.20318E-9 4.54835E-9 2.57229E-9 1.58095E-9 9.22561E-10 5.14852E-10 2.78113E-10 1.53462E-10 8.70665E-11 4.64263E-11 2.30284E-11 1.1762E-11 5.88329E-12 2.96907E-12 1.32494E-12 6.00853E-13 2.8344E-13 1.26565E-13 5.50671E-14 2.26485E-14 9.4369E-15 3.77476E-15 1.44329E-15 5.55112E-16 2.22045E-16 1.11022E-16 0E0 0E0 0E0 0E0 0E0 0E0 0E0 0E0 0E0 0E0 0E0 0E0 0E0 0E0 0E0 0E0 0E0 0E0 0E0
5.33779E-6 4.23218E-6 3.23474E-6 2.39101E-6 1.77306E-6 1.35469E-6 9.991E-7 7.28192E-7 7.70248E-7 5.49608E-7 3.99614E-7 2.71825E-7 1.80574E-7 1.25371E-7 8.43254E-8 5.76667E-8 3.58348E-8 2.37804E-8 1.51544E-8 9.27508E-9 5.58543E-9 3.39946E-9 2.11033E-9 1.24521E-9 6.95243E-10 3.96389E-10 2.21939E-10 1.24054E-10 6.36587E-11 3.26285E-11 1.74512E-11 8.85347E-12 4.40614E-12 2.07956E-12 9.89653E-13 4.5608E-13 2.0739E-13 8.92619E-14 3.86358E-14 1.63203E-14 6.99441E-15 2.44249E-15 1.11022E-15 3.33067E-16 1.11022E-16 0E0 0E0 0E0 0E0 0E0 0E0 0E0 0E0 0E0 0E0 0E0 0E0 0E0 0E0 0E0 0E0 0E0 0E0 0E0
5.983E-6 4.76666E-6 3.66871E-6 2.72039E-6 2.05587E-6 1.58065E-6 1.15725E-6 8.17585E-7 9.04412E-7 6.49353E-7 4.75974E-7 3.19784E-7 2.22305E-7 1.55363E-7 1.03635E-7 6.79655E-8 4.49021E-8 2.99878E-8 1.92981E-8 1.19286E-8 7.44122E-9 4.58286E-9 2.80235E-9 1.61394E-9 9.17968E-10 5.45642E-10 3.09533E-10 1.72477E-10 9.13664E-11 4.90922E-11 2.57194E-11 1.32641E-11 6.50202E-12 3.21365E-12 1.55731E-12 7.6128E-13 3.20521E-13 1.54876E-13 6.53921E-14 2.81997E-14 1.09912E-14 4.55191E-15 1.9984E-15 7.77156E-16 2.22045E-16 1.11022E-16 0E0 0E0 0E0 0E0 0E0 0E0 0E0 0E0 0E0 0E0 0E0 0E0 0E0 0E0 0E0 0E0 0E0 0E0
6.56984E-6 5.33972E-6 4.02061E-6 3.08406E-6 2.34228E-6 1.81259E-6 1.31561E-6 9.6191E-7 1.04384E-6 7.64823E-7 5.47483E-7 3.82139E-7 2.67305E-7 1.88356E-7 1.29044E-7 8.54785E-8 5.55075E-8 3.76179E-8 2.44884E-8 1.48171E-8 9.64579E-9 5.99706E-9 3.79513E-9 2.1525E-9 1.24345E-9 7.48562E-10 4.29501E-10 2.35188E-10 1.30377E-10 7.09754E-11 3.90686E-11 1.88758E-11 9.92528E-12 4.94305E-12 2.43439E-12 1.10412E-12 5.20473E-13 2.55573E-13 1.15463E-13 4.72955E-14 1.9762E-14 8.10463E-15 3.55271E-15 1.33227E-15 5.55112E-16 2.22045E-16 1.11022E-16 0E0 0E0 0E0 0E0 0E0 0E0 0E0 0E0 0E0 0E0 0E0 0E0 0E0 0E0 0E0 0E0 0E0
7.58202E-6 5.94199E-6 4.59447E-6 3.51867E-6 2.69038E-6 2.03666E-6 1.51361E-6 1.12527E-6 1.25931E-6 9.17826E-7 6.53566E-7 4.59029E-7 3.23188E-7 2.29215E-7 1.50966E-7 1.0571E-7 7.11146E-8 4.83325E-8 3.00392E-8 1.89996E-8 1.24633E-8 7.83829E-9 4.70821E-9 2.86921E-9 1.72337E-9 1.0493E-9 5.91906E-10 3.2855E-10 1.84212E-10 1.01604E-10 5.50334E-11 2.78233E-11 1.52223E-11 7.78699E-12 3.89888E-12 1.72906E-12 8.26894E-13 4.12781E-13 1.89515E-13 7.68274E-14 3.4639E-14 1.4766E-14 6.66134E-15 2.33147E-15 8.88178E-16 3.33067E-16 1.11022E-16 0E0 0E0 0E0 0E0 0E0 0E0 0E0 0E0 0E0 0E0 0E0 0E0 0E0 0E0 0E0 0E0 0E0
8.15853E-6 6.39232E-6 4.99279E-6 3.88748E-6 2.98654E-6 2.23474E-6 1.68562E-6 1.25917E-6 9.4256E-7 1.00019E-6 7.46998E-7 5.36474E-7 3.81522E-7 2.56152E-7 1.77943E-7 1.25805E-7 8.5294E-8 5.55587E-8 3.67532E-8 2.39891E-8 1.592E-8 9.58376E-9 5.99538E-9 3.69649E-9 2.24492E-9 1.34375E-9 7.62356E-10 4.58336E-10 2.60827E-10 1.41187E-10 7.41199E-11 3.98828E-11 2.21428E-11 1.14913E-11 5.36982E-12 2.75946E-12 1.3457E-12 6.53366E-13 2.77778E-13 1.26676E-13 5.82867E-14 2.54241E-14 1.04361E-14 4.32987E-15 1.77636E-15 6.66134E-16 2.22045E-16 1.11022E-16 0E0 0E0 0E0 0E0 0E0 0E0 0E0 0E0 0E0 0E0 0E0 0E0 0E0 0E0 0E0 0E0
8.69146E-6 7.04764E-6 5.53445E-6 4.32983E-6 3.23923E-6 2.54771E-6 1.93488E-6 1.45528E-6 1.04414E-6 1.15817E-6 8.70576E-7 6.30275E-7 4.38778E-7 3.10944E-7 2.17879E-7 1.55527E-7 1.01674E-7 6.86954E-8 4.58808E-8 3.02505E-8 1.9684E-8 1.23024E-8 8.0001E-9 4.86242E-9 2.99211E-9 1.7511E-9 1.04314E-9 6.33286E-10 3.65652E-10 1.9307E-10 1.10847E-10 5.89425E-11 3.29293E-11 1.60326E-11 8.26572E-12 4.31744E-12 2.14351E-12 1.00997E-12 4.80505E-13 2.17382E-13 1.00253E-13 4.31877E-14 1.87628E-14 7.99361E-15 3.44169E-15 1.33227E-15 4.44089E-16 2.22045E-16 1.11022E-16 0E0 0E0 0E0 0E0 0E0 0E0 0E0 0E0 0E0 0E0 0E0 0E0 0E0 0E0 0E0
9.55564E-6 7.79877E-6 6.00688E-6 4.77375E-6 3.61487E-6 2.85616E-6 2.18449E-6 1.65363E-6 1.20879E-6 1.35228E-6 9.97092E-7 7.36688E-7 5.10182E-7 3.69599E-7 2.61048E-7 1.8758E-7 1.23766E-7 8.60442E-8 5.65387E-8 3.796E-8 2.43537E-8 1.57667E-8 1.0357E-8 6.54225E-9 3.83521E-9 2.41539E-9 1.4181E-9 8.72303E-10 4.76039E-10 2.73431E-10 1.59035E-10 8.82565E-11 4.66726E-11 2.49823E-11 1.27723E-11 6.71008E-12 3.28382E-12 1.6247E-12 7.88369E-13 3.73923E-13 1.73861E-13 7.38298E-14 3.40838E-14 1.44329E-14 6.10623E-15 2.33147E-15 9.99201E-16 4.44089E-16 1.11022E-16 0E0 0E0 0E0 0E0 0E0 0E0 0E0 0E0 0E0 0E0 0E0 0E0 0E0 0E0 0E0
1.03717E-5 8.49277E-6 6.73738E-6 5.17234E-6 4.04152E-6 3.13745E-6 2.44779E-6 1.80467E-6 1.37352E-6 1.54691E-6 1.17974E-6 8.33961E-7 6.068E-7 4.31136E-7 3.10758E-7 2.15548E-7 1.49997E-7 1.0517E-7 7.16371E-8 4.71998E-8 3.13273E-8 2.01139E-8 1.33352E-8 8.28118E-9 5.05525E-9 3.22466E-9 1.96794E-9 1.18368E-9 6.80992E-10 3.8475E-10 2.27031E-10 1.27907E-10 6.86365E-11 3.73499E-11 1.99317E-11 1.07732E-11 5.09248E-12 2.5977E-12 1.28364E-12 6.20837E-13 2.76001E-13 1.27676E-13 6.18394E-14 2.74225E-14 1.11022E-14 4.44089E-15 1.77636E-15 7.77156E-16 3.33067E-16 1.11022E-16 0E0 0E0 0E0 0E0 0E0 0E0 0E0 0E0 0E0 0E0 0E0 0E0 0E0 0E0
1.13679E-5 9.3707E-6 7.24765E-6 5.75973E-6 4.52228E-6 3.62231E-6 2.71189E-6 2.10946E-6 1.57407E-6 1.78731E-6 1.31995E-6 9.76492E-7 7.15258E-7 5.24961E-7 3.72025E-7 2.66854E-7 1.82492E-7 1.28978E-7 8.69472E-8 5.7286E-8 3.94974E-8 2.61281E-8 1.70911E-8 1.0729E-8 6.64065E-9 4.28432E-9 2.64556E-9 1.56207E-9 9.36275E-10 5.53126E-10 3.31235E-10 1.75172E-10 9.96041E-11 5.49168E-11 2.97926E-11 1.50826E-11 7.8646E-12 4.23983E-12 2.13296E-12 9.47353E-13 4.55858E-13 2.14828E-13 1.05804E-13 4.4631E-14 1.96509E-14 8.54872E-15 3.55271E-15 1.44329E-15 5.55112E-16 2.22045E-16 1.11022E-16 0E0 0E0 0E0 0E0 0E0 0E0 0E0 0E0 0E0 0E0 0E0 0E0 0E0
1.19992E-5 9.45186E-6 7.67847E-6 6.1312E-6 4.83943E-6 3.79446E-6 2.93532E-6 2.26336E-6 1.7461E-6 1.94677E-6 1.46928E-6 1.09412E-6 8.08062E-7 5.97112E-7 4.15672E-7 3.05816E-7 2.16799E-7 1.50514E-7 1.00625E-7 6.8893E-8 4.79459E-8 3.20829E-8 2.0584E-8 1.34125E-8 8.62453E-9 5.48699E-9 3.23772E-9 2.05681E-9 1.24902E-9 7.46078E-10 4.23821E-10 2.44955E-10 1.4535E-10 7.92297E-11 4.14458E-11 2.23636E-11 1.18537E-11 6.49403E-12 3.14471E-12 1.52889E-12 7.74159E-13 3.62044E-13 1.67089E-13 7.4496E-14 3.4639E-14 1.53211E-14 6.55032E-15 2.66454E-15 1.11022E-15 4.44089E-16 2.22045E-16 1.11022E-16 0E0 0E0 0E0 0E0 0E0 0E0 0E0 0E0 0E0 0E0 0E0 0E0
1.27928E-5 1.03556E-5 8.34325E-6 6.69789E-6 5.18909E-6 4.14614E-6 3.24038E-6 2.51575E-6 1.95009E-6 2.16791E-6 1.68531E-6 1.26583E-6 9.1778E-7 6.66562E-7 4.8666E-7 3.61077E-7 2.58031E-7 1.77564E-7 1.24376E-7 8.59901E-8 5.89877E-8 3.89979E-8 2.59964E-8 1.71354E-8 1.11471E-8 7.17042E-9 4.40638E-9 2.83675E-9 1.69873E-9 1.02987E-9 5.93477E-10 3.48222E-10 2.08995E-10 1.19069E-10 6.19472E-11 3.50923E-11 1.82312E-11 1.01363E-11 4.862E-12 2.4778E-12 1.27964E-12 6.26943E-13 2.92544E-13 1.3789E-13 6.21725E-14 2.79776E-14 1.11022E-14 5.21805E-15 2.22045E-15 8.88178E-16 3.33067E-16 1.11022E-16 0E0 0E0 0E0 0E0 0E0 0E0 0E0 0E0 0E0 0E0 0E0 0E0
1.32389E-5 1.10587E-5 8.94143E-6 7.21589E-6 5.60351E-6 4.55314E-6 3.58877E-6 2.7808E-6 3.16062E-6 2.42981E-6 1.90139E-6 1.43774E-6 1.04969E-6 7.79164E-7 5.73578E-7 4.24064E-7 2.97214E-7 2.12378E-7 1.5004E-7 1.04744E-7 7.2423E-8 4.8411E-8 3.33866E-8 2.17872E-8 1.43376E-8 9.07781E-9 5.80802E-9 3.77697E-9 2.35784E-9 1.36179E-9 8.49053E-10 4.91012E-10 2.98503E-10 1.61059E-10 9.14653E-11 5.25774E-11 2.88972E-11 1.51014E-11 8.00582E-12 3.98448E-12 2.09466E-12 1.01663E-12 4.98268E-13 2.39475E-13 1.16462E-13 4.86278E-14 2.19824E-14 9.76996E-15 4.21885E-15 1.66533E-15 6.66134E-16 3.33067E-16 1.11022E-16 0E0 0E0 0E0 0E0 0E0 0E0 0E0 0E0 0E0 0E0 0E0
