app/enm/output/Aeshna_mixta/Aeshna_mixta.asc
ncols         365
nrows         372
xllcorner     10.224615574
yllcorner     43.742729801
cellsize      5.0E-4
NODATA_value  -9999
[rows 168 to 195 of 372, columns 128 to 191 of 365]
6.65255E-6 6.10662E-6 5.51361E-6 4.96031E-6 4.44035E-6 4.08766E-6 3.70578E-6 3.29587E-6 3.00666E-6 2.72548E-6 2.51147E-6 3.41745E-6 3.02355E-6 2.72513E-6 2.4546E-6 2.20293E-6 1.99114E-6 1.76753E-6 1.57313E-6 1.39458E-6 1.24083E-6 1.09209E-6 9.52163E-7 8.13155E-7 7.24727E-7 6.25769E-7 5.38052E-7 4.58442E-7 3.91574E-7 3.2267E-7 2.78362E-7 2.26973E-7 1.91446E-7 1.53858E-7 1.25981E-7 1.05331E-7 8.5224E-8 6.65721E-8 5.31381E-8 4.09994E-8 3.33995E-8 2.52162E-8 1.96026E-8 1.50678E-8 1.14655E-8 8.59768E-9 6.43792E-9 4.70102E-9 3.45824E-9 2.49538E-9 1.80129E-9 1.30611E-9 9.26899E-10 6.23231E-10 4.46136E-10 2.99159E-10 2.05526E-10 1.31961E-10 8.79087E-11 5.96813E-11 3.89599E-11 2.43815E-11 1.55517E-11 9.33831E-12
5.95583E-6 5.47029E-6 4.86177E-6 4.44989E-6 4.04024E-6 3.72981E-6 3.39119E-6 3.02906E-6 2.75518E-6 2.50568E-6 2.27524E-6 3.13736E-6 2.86235E-6 2.57798E-6 2.33294E-6 2.10953E-6 1.91204E-6 1.70801E-6 1.50006E-6 1.37251E-6 1.23117E-6 1.09177E-6 9.576E-7 8.43401E-7 7.26445E-7 6.47726E-7 5.49062E-7 4.83206E-7 4.04483E-7 3.4518E-7 3.00195E-7 2.53309E-7 2.06892E-7 1.72346E-7 1.393E-7 1.19194E-7 9.50255E-8 7.70629E-8 6.21115E-8 4.97105E-8 3.9386E-8 3.10615E-8 2.3808E-8 1.86545E-8 1.43046E-8 1.09218E-8 8.28366E-9 6.27563E-9 4.51626E-9 3.43579E-9 2.45178E-9 1.80009E-9 1.24428E-9 8.87314E-10 6.442E-10 4.50852E-10 3.03047E-10 2.07828E-10 1.35847E-10 9.38817E-11 6.04656E-11 3.97433E-11 2.58449E-11 1.65998E-11
5.49402E-6 5.05102E-6 4.49986E-6 4.08516E-6 3.81747E-6 3.47234E-6 3.11371E-6 2.85725E-6 2.58893E-6 2.36569E-6 2.16072E-6 1.98536E-6 2.79572E-6 2.48179E-6 2.26042E-6 2.06731E-6 1.87304E-6 1.68445E-6 1.52086E-6 1.34872E-6 1.26691E-6 1.10603E-6 9.77727E-7 8.54458E-7 7.53455E-7 6.76706E-7 5.9244E-7 5.03665E-7 4.43842E-7 3.73064E-7 3.26718E-7 2.71246E-7 2.29454E-7 1.92676E-7 1.60946E-7 1.33902E-7 1.11957E-7 8.93051E-8 7.27795E-8 5.88075E-8 4.71215E-8 3.75734E-8 2.97717E-8 2.335E-8 1.8321E-8 1.38114E-8 1.05925E-8 8.05909E-9 5.91365E-9 4.54846E-9 3.38023E-9 2.48813E-9 1.71433E-9 1.23824E-9 9.1328E-10 6.28825E-10 4.41522E-10 3.07727E-10 2.12058E-10 1.44573E-10 9.20538E-11 6.26432E-11 4.1401E-11 2.7064E-11
4.83599E-6 4.4404E-6 3.98062E-6 3.60549E-6 3.28108E-6 3.04438E-6 2.7052E-6 2.54016E-6 2.31258E-6 2.11849E-6 1.95704E-6 1.79468E-6 2.47447E-6 2.25093E-6 1.99532E-6 1.90993E-6 1.74136E-6 1.57318E-6 1.41301E-6 1.28018E-6 1.18091E-6 1.06252E-6 9.12375E-7 8.33882E-7 7.41951E-7 6.72291E-7 5.795E-7 5.07836E-7 4.43059E-7 3.84706E-7 3.2427E-7 2.84896E-7 2.41833E-7 2.0509E-7 1.72962E-7 1.45555E-7 1.21207E-7 1.00084E-7 8.03244E-8 6.47736E-8 5.39024E-8 4.34594E-8 3.47509E-8 2.6861E-8 2.17583E-8 1.70393E-8 1.29199E-8 9.73089E-9 7.43755E-9 5.80138E-9 4.36641E-9 3.16349E-9 2.34298E-9 1.71694E-9 1.25359E-9 8.62336E-10 6.22541E-10 4.40055E-10 3.08164E-10 2.1023E-10 1.44296E-10 9.99669E-11 6.5578E-11 4.07939E-11
4.25499E-6 3.80382E-6 3.54377E-6 3.2132E-6 2.9325E-6 2.69433E-6 2.46658E-6 2.26479E-6 2.06884E-6 1.84957E-6 1.77885E-6 1.63882E-6 1.50943E-6 2.0565E-6 1.89105E-6 1.7728E-6 1.62771E-6 1.43537E-6 1.34612E-6 1.22981E-6 1.14144E-6 1.01403E-6 9.1689E-7 8.26408E-7 7.41325E-7 6.47184E-7 5.92802E-7 5.20769E-7 4.58362E-7 4.01009E-7 3.51544E-7 3.04827E-7 2.60935E-7 2.18208E-7 1.84977E-7 1.60648E-7 1.35132E-7 1.12443E-7 9.12798E-8 7.53006E-8 6.34573E-8 5.03735E-8 4.01209E-8 3.2223E-8 2.64278E-8 2.09208E-8 1.59554E-8 1.24943E-8 9.6868E-9 7.45804E-9 5.51554E-9 4.19246E-9 3.14487E-9 2.34134E-9 1.70904E-9 1.24859E-9 9.16104E-10 6.36704E-10 4.46973E-10 3.14608E-10 2.19388E-10 1.54199E-10 1.03795E-10 6.82467E-11
3.76968E-6 3.41614E-6 3.10049E-6 2.81402E-6 2.53963E-6 2.39212E-6 2.19648E-6 2.02338E-6 1.86351E-6 1.69367E-6 1.59247E-6 1.47267E-6 1.37537E-6 1.88412E-6 1.74089E-6 1.64014E-6 1.51622E-6 1.37428E-6 1.26547E-6 1.16399E-6 1.07285E-6 9.89292E-7 8.9254E-7 8.11332E-7 7.33765E-7 6.67212E-7 5.97593E-7 5.29169E-7 4.69589E-7 4.08345E-7 3.67345E-7 3.20686E-7 2.7687E-7 2.3498E-7 2.02137E-7 1.76979E-7 1.48933E-7 1.2256E-7 1.02757E-7 8.5704E-8 7.29274E-8 5.84294E-8 4.77692E-8 3.87968E-8 3.16934E-8 2.47155E-8 1.96251E-8 1.55334E-8 1.21798E-8 9.47167E-9 7.28701E-9 5.61656E-9 4.16661E-9 3.11929E-9 2.33391E-9 1.72935E-9 1.28283E-9 9.25143E-10 6.49967E-10 4.66945E-10 3.28092E-10 2.30368E-10 1.55658E-10 1.07283E-10
2.74891E-6 2.52423E-6 2.73194E-6 2.47782E-6 2.24162E-6 2.08855E-6 1.92057E-6 1.79065E-6 1.6311E-6 1.5088E-6 1.42256E-6 1.32219E-6 1.21998E-6 1.12672E-6 1.54858E-6 1.50575E-6 1.38845E-6 1.27808E-6 1.18477E-6 1.0977E-6 1.02434E-6 9.4513E-7 8.42028E-7 7.9039E-7 7.11631E-7 6.60673E-7 5.97734E-7 5.3335E-7 4.71675E-7 4.20118E-7 3.7235E-7 3.35335E-7 2.87007E-7 2.49966E-7 2.16827E-7 1.91703E-7 1.60273E-7 1.36658E-7 1.1287E-7 9.64913E-8 8.06882E-8 6.73836E-8 5.54974E-8 4.55759E-8 3.71839E-8 3.01827E-8 2.36621E-8 1.90654E-8 1.51358E-8 1.1904E-8 9.30137E-9 7.23753E-9 5.57834E-9 4.12508E-9 3.13874E-9 2.35595E-9 1.77254E-9 1.26203E-9 9.25683E-10 6.92557E-10 4.98805E-10 3.46178E-10 2.38785E-10 1.65594E-10
2.44337E-6 2.26924E-6 2.0602E-6 2.20791E-6 2.01799E-6 1.88209E-6 1.73264E-6 1.57652E-6 1.46342E-6 1.3743E-6 1.29979E-6 1.19263E-6 1.1226E-6 1.04213E-6 1.46712E-6 1.38585E-6 1.29698E-6 1.2097E-6 1.12971E-6 1.06478E-6 9.90442E-7 9.20386E-7 8.43892E-7 7.86872E-7 7.0924E-7 6.65197E-7 6.06493E-7 5.503E-7 4.86703E-7 4.36852E-7 3.99993E-7 3.47253E-7 3.07069E-7 2.69307E-7 2.35105E-7 2.04416E-7 1.77862E-7 1.52088E-7 1.29995E-7 1.10329E-7 9.37617E-8 7.77454E-8 6.46324E-8 5.35751E-8 4.42565E-8 3.61977E-8 2.94331E-8 2.37266E-8 1.85225E-8 1.48867E-8 1.17629E-8 9.25114E-9 6.99355E-9 5.40645E-9 4.26735E-9 3.24873E-9 2.38546E-9 1.73663E-9 1.29003E-9 9.79035E-10 6.94653E-10 5.02703E-10 3.61061E-10 2.57025E-10
2.10147E-6 1.92464E-6 1.72129E-6 1.54363E-6 1.73177E-6 1.61263E-6 1.4643E-6 1.36291E-6 1.25774E-6 1.17266E-6 1.09477E-6 1.01506E-6 9.79945E-7 9.12313E-7 1.29109E-6 1.22533E-6 1.15294E-6 1.07439E-6 1.01067E-6 9.23559E-7 9.05475E-7 8.47289E-7 7.91277E-7 7.22331E-7 6.70024E-7 6.31189E-7 5.8164E-7 5.10097E-7 4.75832E-7 4.31158E-7 3.97633E-7 3.5202E-7 3.11338E-7 2.7636E-7 2.43801E-7 2.14669E-7 1.86996E-7 1.60888E-7 1.38793E-7 1.16848E-7 1.02207E-7 8.66206E-8 7.25642E-8 5.87223E-8 5.02066E-8 4.15246E-8 3.41137E-8 2.7098E-8 2.1941E-8 1.81885E-8 1.45508E-8 1.10228E-8 8.6939E-9 6.80595E-9 5.43938E-9 4.07537E-9 3.12189E-9 2.37057E-9 1.74344E-9 1.29709E-9 9.52864E-10 7.06519E-10 5.15664E-10 3.72273E-10
1.69713E-6 1.64762E-6 1.49258E-6 1.35718E-6 1.24047E-6 1.35855E-6 1.27464E-6 1.18162E-6 1.09363E-6 1.0192E-6 9.61011E-7 9.03029E-7 8.51541E-7 7.95741E-7 7.55396E-7 1.09325E-6 1.03547E-6 9.70622E-7 9.13049E-7 8.6412E-7 8.31738E-7 7.8445E-7 7.29678E-7 6.8424E-7 6.40312E-7 6.09421E-7 5.60583E-7 5.1192E-7 4.71289E-7 4.21663E-7 3.97009E-7 3.59326E-7 3.20164E-7 2.86717E-7 2.57681E-7 2.28131E-7 2.00717E-7 1.7015E-7 1.52052E-7 1.28139E-7 1.13096E-7 9.67778E-8 8.23917E-8 6.78054E-8 5.86072E-8 4.77869E-8 4.00969E-8 3.21927E-8 2.64026E-8 2.20805E-8 1.73957E-8 1.39799E-8 1.11663E-8 8.62872E-9 6.82255E-9 5.3059E-9 4.13025E-9 3.18062E-9 2.42728E-9 1.83159E-9 1.37638E-9 1.00725E-9 7.41966E-10 5.23262E-10
1.43147E-6 1.32161E-6 1.28637E-6 1.16842E-6 1.06689E-6 9.82839E-7 1.08127E-6 1.00185E-6 9.14474E-7 8.73018E-7 8.32033E-7 7.84482E-7 7.40699E-7 6.91158E-7 6.56498E-7 9.55054E-7 8.94238E-7 8.63449E-7 8.22896E-7 7.8448E-7 7.59177E-7 7.0979E-7 6.74385E-7 6.38641E-7 5.91144E-7 5.69919E-7 5.40849E-7 4.98408E-7 4.63721E-7 4.28079E-7 3.98396E-7 3.64197E-7 3.20015E-7 2.98665E-7 2.61591E-7 2.39202E-7 2.12563E-7 1.87719E-7 1.60688E-7 1.40469E-7 1.22105E-7 1.07255E-7 8.97135E-8 7.65479E-8 6.67638E-8 5.63081E-8 4.62423E-8 3.83744E-8 3.10311E-8 2.65483E-8 2.11735E-8 1.71722E-8 1.38618E-8 1.11251E-8 8.85999E-9 7.00405E-9 5.37374E-9 4.19672E-9 3.1453E-9 2.48617E-9 1.89524E-9 1.44137E-9 1.04425E-9 7.77381E-10
1.2842E-6 1.15224E-6 1.03968E-6 1.02892E-6 9.27657E-7 8.63868E-7 9.49191E-7 8.81686E-7 8.10709E-7 7.5858E-7 7.23687E-7 6.93796E-7 6.48779E-7 6.1649E-7 5.8876E-7 8.59193E-7 8.10418E-7 7.77106E-7 7.46448E-7 7.23945E-7 6.94826E-7 6.74355E-7 6.37077E-7 6.09228E-7 5.80439E-7 5.5764E-7 5.28192E-7 4.9359E-7 4.62651E-7 4.27745E-7 4.05322E-7 3.73558E-7 3.38759E-7 3.05521E-7 2.76525E-7 2.54494E-7 2.27695E-7 1.9761E-7 1.75095E-7 1.53982E-7 1.38447E-7 1.1854E-7 1.01892E-7 8.69115E-8 7.64683E-8 6.37974E-8 5.39345E-8 4.51643E-8 3.77755E-8 3.15597E-8 2.60697E-8 2.0989E-8 1.71267E-8 1.38911E-8 1.11864E-8 8.93429E-9 7.10963E-9 5.4459E-9 4.26665E-9 3.32394E-9 2.5617E-9 1.90693E-9 1.44766E-9 1.09081E-9
1.09211E-6 9.88917E-7 8.89491E-7 8.04634E-7 7.78603E-7 7.44004E-7 6.76146E-7 7.47537E-7 6.86928E-7 6.44424E-7 6.15377E-7 5.82753E-7 5.50553E-7 5.37517E-7 5.06265E-7 7.325E-7 7.12695E-7 6.80367E-7 6.56891E-7 6.35194E-7 6.22048E-7 6.19335E-7 5.79159E-7 5.58283E-7 5.34252E-7 5.22507E-7 4.99109E-7 4.691E-7 4.41551E-7 4.26665E-7 3.99619E-7 3.7223E-7 3.36736E-7 3.10001E-7 2.83144E-7 2.63328E-7 2.32555E-7 2.12906E-7 1.85591E-7 1.64694E-7 1.4561E-7 1.29136E-7 1.11791E-7 9.71331E-8 8.46519E-8 7.38137E-8 6.15602E-8 5.19121E-8 4.41866E-8 3.70591E-8 3.09431E-8 2.55912E-8 2.11809E-8 1.65828E-8 1.38795E-8 1.1228E-8 9.01414E-9 6.9904E-9 5.54608E-9 4.49514E-9 3.51354E-9 2.5784E-9 1.98504E-9 1.51774E-9
9.25037E-7 8.34812E-7 7.48319E-7 6.66185E-7 6.0498E-7 6.02093E-7 5.53933E-7 5.01549E-7 5.71255E-7 5.3526E-7 5.11136E-7 4.81696E-7 4.58928E-7 4.35867E-7 4.18828E-7 6.04775E-7 6.0341E-7 5.78938E-7 5.62052E-7 5.45265E-7 5.39111E-7 5.26243E-7 5.05356E-7 4.81462E-7 4.80624E-7 4.72883E-7 4.57194E-7 4.31082E-7 4.12813E-7 3.93389E-7 3.80129E-7 3.42636E-7 3.27893E-7 3.04737E-7 2.80908E-7 2.57667E-7 2.3741E-7 2.12494E-7 1.91563E-7 1.67475E-7 1.53528E-7 1.35982E-7 1.18573E-7 1.04096E-7 9.15565E-8 7.94502E-8 6.86153E-8 5.69805E-8 4.82555E-8 4.2029E-8 3.54679E-8 2.97488E-8 2.40776E-8 1.9951E-8 1.6902E-8 1.34829E-8 1.07242E-8 8.64861E-9 6.93618E-9 5.68082E-9 4.36922E-9 3.43895E-9 2.68122E-9 2.02711E-9
7.82645E-7 7.02599E-7 6.10467E-7 5.63679E-7 5.10214E-7 4.7041E-7 4.58958E-7 4.25449E-7 3.94068E-7 4.40245E-7 4.11616E-7 4.02964E-7 3.84906E-7 3.6644E-7 3.56256E-7 3.45303E-7 5.05494E-7 4.87638E-7 4.74984E-7 4.7229E-7 4.70441E-7 4.61899E-7 4.54171E-7 4.38733E-7 4.30361E-7 4.28636E-7 4.10305E-7 4.02924E-7 3.9017E-7 3.75936E-7 3.59649E-7 3.474E-7 3.23979E-7 3.03925E-7 2.76932E-7 2.65664E-7 2.43932E-7 2.19722E-7 1.99551E-7 1.77962E-7 1.64089E-7 1.46647E-7 1.2571E-7 1.1137E-7 1.00613E-7 8.80839E-8 7.66141E-8 6.45488E-8 5.56187E-8 4.89718E-8 4.06812E-8 3.38903E-8 2.85458E-8 2.38679E-8 2.04374E-8 1.65044E-8 1.35109E-8 1.10368E-8 8.74176E-9 7.08236E-9 5.66626E-9 4.50717E-9 3.55874E-9 2.78903E-9
6.71845E-7 5.91723E-7 5.23293E-7 4.68564E-7 4.22007E-7 3.78354E-7 3.56505E-7 3.53841E-7 3.27719E-7 3.06423E-7 3.46094E-7 3.28954E-7 3.14375E-7 2.95474E-7 2.93395E-7 2.89158E-7 4.24418E-7 4.1638E-7 4.03465E-7 3.97867E-7 3.98906E-7 3.88595E-7 3.91043E-7 3.87041E-7 3.82889E-7 3.85239E-7 3.79741E-7 3.68289E-7 3.60976E-7 3.45613E-7 3.49078E-7 3.36421E-7 3.1716E-7 3.01043E-7 2.81218E-7 2.6897E-7 2.49183E-7 2.20884E-7 2.04347E-7 1.86022E-7 1.727E-7 1.55394E-7 1.35706E-7 1.21015E-7 1.1025E-7 9.65189E-8 8.25456E-8 7.20816E-8 6.26622E-8 5.56447E-8 4.65818E-8 3.98279E-8 3.38513E-8 2.82096E-8 2.37329E-8 1.99239E-8 1.64588E-8 1.35867E-8 1.11933E-8 9.13417E-9 7.22026E-9 5.81446E-9 4.64923E-9 3.58566E-9
5.90673E-7 5.15646E-7 4.55128E-7 4.06046E-7 3.63857E-7 3.29015E-7 2.99687E-7 3.05746E-7 2.78776E-7 2.58193E-7 2.93986E-7 2.78938E-7 2.66745E-7 2.5355E-7 2.45618E-7 2.50083E-7 3.63728E-7 3.529E-7 3.48966E-7 3.45821E-7 3.48468E-7 3.47681E-7 3.41939E-7 3.46351E-7 3.46136E-7 3.51076E-7 3.50286E-7 3.43062E-7 3.40505E-7 3.42167E-7 3.36239E-7 3.30506E-7 3.14901E-7 3.07476E-7 2.86394E-7 2.76194E-7 2.58221E-7 2.33826E-7 2.15516E-7 1.96873E-7 1.84052E-7 1.62773E-7 1.46615E-7 1.31599E-7 1.20918E-7 1.04667E-7 9.37132E-8 8.08723E-8 7.07992E-8 6.17078E-8 5.39985E-8 4.61179E-8 3.96165E-8 3.3772E-8 2.88765E-8 2.39943E-8 1.99677E-8 1.66626E-8 1.34859E-8 1.14049E-8 9.33914E-9 7.57987E-9 5.96373E-9 4.67669E-9
4.92412E-7 4.33201E-7 3.85733E-7 3.41758E-7 3.00469E-7 2.73472E-7 2.48252E-7 2.27472E-7 2.23077E-7 2.07874E-7 2.01597E-7 2.27971E-7 2.148E-7 2.06916E-7 2.00833E-7 1.98695E-7 2.89785E-7 2.86254E-7 2.89145E-7 2.87821E-7 2.87651E-7 2.93173E-7 2.90269E-7 2.91939E-7 2.94681E-7 3.02054E-7 3.0858E-7 3.05619E-7 3.11857E-7 3.07529E-7 3.12121E-7 3.09831E-7 3.04793E-7 2.91987E-7 2.82076E-7 2.7502E-7 2.59764E-7 2.37138E-7 2.20186E-7 2.0327E-7 1.9163E-7 1.72785E-7 1.54298E-7 1.39414E-7 1.25598E-7 1.14133E-7 1.0166E-7 8.90949E-8 7.87937E-8 7.01153E-8 6.06724E-8 5.225E-8 4.52205E-8 3.821E-8 3.36647E-8 2.86809E-8 2.41277E-8 1.98865E-8 1.6394E-8 1.40148E-8 1.16018E-8 9.2664E-9 7.57287E-9 6.15225E-9
4.18932E-7 3.65764E-7 3.18177E-7 2.79452E-7 2.41583E-7 2.24671E-7 2.02805E-7 1.82246E-7 1.67601E-7 1.67312E-7 1.58699E-7 1.482E-7 1.40902E-7 1.65598E-7 1.60435E-7 1.56895E-7 1.56163E-7 2.30243E-7 2.29134E-7 2.29384E-7 2.30625E-7 2.40038E-7 2.39108E-7 2.42447E-7 2.46581E-7 2.54702E-7 2.59355E-7 2.59303E-7 2.60087E-7 2.71124E-7 2.78467E-7 2.8088E-7 2.76189E-7 2.73778E-7 2.68123E-7 2.65007E-7 2.4554E-7 2.33412E-7 2.18251E-7 2.02796E-7 1.90339E-7 1.7492E-7 1.57694E-7 1.43643E-7 1.29177E-7 1.1875E-7 1.06703E-7 9.42949E-8 8.50077E-8 7.53772E-8 6.64454E-8 5.77491E-8 4.84765E-8 4.26493E-8 3.79019E-8 3.25731E-8 2.70659E-8 2.30396E-8 1.94631E-8 1.68485E-8 1.34752E-8 1.11897E-8 9.24241E-9 7.58032E-9
3.62267E-7 3.13451E-7 2.70657E-7 2.32866E-7 2.04487E-7 1.83353E-7 1.6436E-7 1.49564E-7 1.3674E-7 1.26194E-7 1.28279E-7 1.2018E-7 1.14669E-7 1.0929E-7 1.26347E-7 1.27363E-7 1.25706E-7 1.23295E-7 1.85342E-7 1.86277E-7 1.90777E-7 1.93252E-7 1.9375E-7 2.02034E-7 2.06554E-7 2.14672E-7 2.20441E-7 2.23021E-7 2.29258E-7 2.3537E-7 2.45161E-7 2.49814E-7 2.53936E-7 2.57048E-7 2.57312E-7 2.58219E-7 2.49818E-7 2.33643E-7 2.15045E-7 2.08982E-7 1.94234E-7 1.79525E-7 1.62822E-7 1.51558E-7 1.3847E-7 1.25993E-7 1.11542E-7 1.02358E-7 8.93213E-8 8.21116E-8 7.3047E-8 6.46999E-8 5.544E-8 4.86366E-8 4.2599E-8 3.73929E-8 3.1411E-8 2.69787E-8 2.30468E-8 1.9571E-8 1.66394E-8 1.388E-8 1.13193E-8 9.44875E-9
3.10334E-7 2.63373E-7 2.26654E-7 1.97053E-7 1.71454E-7 1.52606E-7 1.33507E-7 1.20068E-7 1.09182E-7 9.91186E-8 9.5174E-8 9.62219E-8 9.15779E-8 8.71112E-8 8.41479E-8 9.94035E-8 9.82517E-8 9.53589E-8 9.8752E-8 1.49749E-7 1.53832E-7 1.56608E-7 1.58038E-7 1.62319E-7 1.67109E-7 1.72668E-7 1.81707E-7 1.87925E-7 1.94796E-7 2.01733E-7 2.09078E-7 2.20555E-7 2.24177E-7 2.27544E-7 2.39898E-7 2.47997E-7 1.63596E-7 1.54474E-7 1.46282E-7 1.36226E-7 1.3055E-7 1.1858E-7 1.12291E-7 1.00968E-7 9.52334E-8 8.72311E-8 1.19947E-7 1.06015E-7 9.59054E-8 8.69661E-8 7.92548E-8 6.87997E-8 6.11544E-8 5.41257E-8 4.89845E-8 4.22105E-8 3.63522E-8 3.08483E-8 2.68649E-8 2.32254E-8 1.98013E-8 1.66683E-8 1.40477E-8 1.15307E-8
2.7755E-7 2.33576E-7 1.96001E-7 1.69129E-7 1.48066E-7 1.29064E-7 1.13366E-7 1.01183E-7 9.13433E-8 8.33562E-8 7.70326E-8 7.21288E-8 6.97377E-8 7.19049E-8 6.87299E-8 6.80715E-8 6.7238E-8 7.98786E-8 7.90881E-8 8.00643E-8 8.41875E-8 1.27905E-7 1.31407E-7 1.35553E-7 1.40253E-7 1.45662E-7 1.54361E-7 1.57726E-7 1.67326E-7 1.16161E-7 1.23572E-7 1.29133E-7 1.32145E-7 1.37664E-7 1.44165E-7 1.52406E-7 1.59883E-7 1.5652E-7 1.46678E-7 1.15759E-7 1.11496E-7 1.04157E-7 9.45403E-8 8.77467E-8 9.93349E-8 9.16118E-8 8.33479E-8 7.51023E-8 1.03003E-7 9.60856E-8 8.5687E-8 7.61395E-8 6.76937E-8 6.03904E-8 5.42015E-8 4.78769E-8 4.1563E-8 3.63735E-8 3.19806E-8 2.79112E-8 2.34714E-8 1.99106E-8 1.70616E-8 1.40342E-8
2.44258E-7 2.01216E-7 1.68991E-7 1.44253E-7 1.23235E-7 1.05517E-7 9.21381E-8 8.27619E-8 7.42465E-8 6.63352E-8 6.15747E-8 5.7311E-8 5.39269E-8 5.08461E-8 5.28017E-8 5.33904E-8 5.26929E-8 5.19107E-8 5.21916E-8 6.30047E-8 6.50623E-8 6.71198E-8 6.80806E-8 7.20105E-8 7.49257E-8 7.96544E-8 8.3463E-8 8.57549E-8 8.98937E-8 9.50612E-8 1.04332E-7 1.08342E-7 9.35214E-8 9.86869E-8 1.03311E-7 1.09575E-7 1.14121E-7 1.15162E-7 1.17146E-7 1.1069E-7 1.07963E-7 9.92909E-8 9.33939E-8 8.74498E-8 8.38986E-8 7.60824E-8 8.71773E-8 7.74227E-8 7.11337E-8 9.80932E-8 9.07914E-8 8.11573E-8 7.33799E-8 6.6996E-8 6.08194E-8 5.29723E-8 4.63517E-8 4.1366E-8 3.53517E-8 3.16991E-8 2.7539E-8 2.37909E-8 1.96216E-8 1.67647E-8
2.05598E-7 1.74821E-7 1.45227E-7 1.23001E-7 1.01704E-7 8.78461E-8 7.57219E-8 6.62264E-8 5.73074E-8 5.2918E-8 4.86495E-8 4.49154E-8 4.15133E-8 3.93767E-8 3.79087E-8 3.73529E-8 3.91758E-8 3.99087E-8 4.01614E-8 4.07872E-8 4.24549E-8 4.37155E-8 4.45167E-8 5.52599E-8 5.8249E-8 6.31303E-8 5.57287E-8 5.75686E-8 6.20132E-8 6.4575E-8 6.92006E-8 7.31806E-8 7.64148E-8 8.17545E-8 8.58885E-8 9.15075E-8 9.39478E-8 9.69938E-8 9.85881E-8 9.78062E-8 9.39858E-8 9.4413E-8 8.8251E-8 8.36366E-8 7.8954E-8 7.55736E-8 7.06553E-8 7.70459E-8 7.0106E-8 6.70321E-8 9.28751E-8 8.357E-8 7.61845E-8 6.83428E-8 6.33999E-8 5.70073E-8 4.92086E-8 4.3736E-8 3.87209E-8 3.5113E-8 3.07384E-8 2.60774E-8 2.26242E-8 1.95068E-8
1.86301E-7 1.53503E-7 1.26067E-7 1.0224E-7 8.7167E-8 7.43164E-8 6.33454E-8 5.40836E-8 4.72902E-8 4.1883E-8 3.81372E-8 3.40709E-8 3.27669E-8 3.07404E-8 2.94546E-8 2.85957E-8 2.84437E-8 3.01064E-8 3.03082E-8 3.05271E-8 3.29557E-8 3.40578E-8 3.48161E-8 3.71055E-8 3.84585E-8 4.11773E-8 4.35394E-8 4.56405E-8 4.93143E-8 5.24242E-8 5.64342E-8 6.00542E-8 6.27688E-8 6.65567E-8 7.03875E-8 6.92429E-8 7.4955E-8 7.63824E-8 7.8565E-8 8.57898E-8 8.73398E-8 8.59627E-8 8.20086E-8 7.79201E-8 7.77166E-8 7.39306E-8 6.99242E-8 7.69182E-8 7.14954E-8 6.85259E-8 6.35746E-8 8.53082E-8 7.90255E-8 7.22558E-8 6.75968E-8 6.13025E-8 5.3882E-8 4.83851E-8 4.32745E-8 3.87086E-8 3.41038E-8 2.96328E-8 2.59562E-8 2.26074E-8
1.68797E-7 1.37787E-7 1.10729E-7 9.06268E-8 7.45933E-8 6.26847E-8 5.15832E-8 4.46499E-8 3.88675E-8 3.39788E-8 3.01915E-8 2.73045E-8 2.50977E-8 2.34005E-8 2.20286E-8 2.22077E-8 2.18077E-8 2.14698E-8 2.16244E-8 2.20835E-8 2.47688E-8 2.57027E-8 2.60951E-8 2.85513E-8 3.01458E-8 3.2393E-8 3.44214E-8 3.62399E-8 3.86946E-8 3.84801E-8 4.12725E-8 4.58303E-8 4.78417E-8 5.0936E-8 5.41918E-8 5.86805E-8 6.19073E-8 6.34663E-8 6.52777E-8 7.03605E-8 7.13235E-8 7.6947E-8 7.46989E-8 7.30661E-8 7.28355E-8 7.03547E-8 6.63372E-8 6.28678E-8 7.09207E-8 6.85659E-8 6.44022E-8 8.80673E-8 8.17774E-8 7.56217E-8 6.99719E-8 6.33924E-8 5.76623E-8 5.23228E-8 4.71218E-8 4.23373E-8 3.82766E-8 3.28891E-8 2.93933E-8 2.58144E-8
1.59186E-7 1.27529E-7 9.97909E-8 8.21516E-8 6.68778E-8 5.55619E-8 4.50389E-8 3.78931E-8 3.33499E-8 2.85529E-8 2.49545E-8 2.23194E-8 2.03527E-8 1.87928E-8 1.76362E-8 1.71673E-8 1.74256E-8 1.69355E-8 1.70861E-8 1.74319E-8 1.82173E-8 1.89761E-8 1.96555E-8 2.07375E-8 2.25417E-8 2.43081E-8 2.56696E-8 2.74791E-8 2.95389E-8 3.17577E-8 3.40956E-8 3.75612E-8 4.01244E-8 4.29938E-8 4.69945E-8 5.00103E-8 5.30384E-8 5.46999E-8 5.86531E-8 5.97746E-8 6.34966E-8 6.45715E-8 6.50277E-8 6.81102E-8 6.88119E-8 6.73717E-8 6.38604E-8 6.15512E-8 7.05713E-8 6.89937E-8 6.36394E-8 6.00055E-8 8.46011E-8 7.8996E-8 7.33174E-8 6.8775E-8 6.19166E-8 5.65833E-8 5.14175E-8 4.71713E-8 4.25097E-8 3.7515E-8 3.34743E-8 2.91953E-8
1.44637E-7 1.1229E-7 8.8539E-8 7.32848E-8 5.89821E-8 4.71178E-8 3.85722E-8 3.18735E-8 2.6992E-8 2.27195E-8 1.94463E-8 1.76368E-8 1.58495E-8 1.43498E-8 1.34259E-8 1.29885E-8 1.26585E-8 1.23812E-8 1.2361E-8 1.30775E-8 1.36906E-8 1.41319E-8 1.48778E-8 1.57857E-8 1.68462E-8 1.8046E-8 1.96806E-8 2.14324E-8 2.31515E-8 2.50175E-8 2.7743E-8 2.9989E-8 3.16557E-8 3.40886E-8 3.66279E-8 4.10278E-8 4.37486E-8 4.53895E-8 4.82341E-8 5.05154E-8 5.34765E-8 5.50064E-8 5.43621E-8 6.03393E-8 6.16733E-8 6.12183E-8 6.00758E-8 5.73695E-8 6.6388E-8 6.55592E-8 6.1446E-8 5.8475E-8 8.32923E-8 7.84381E-8 7.47751E-8 6.96417E-8 6.34462E-8 5.85538E-8 5.21603E-8 4.95717E-8 4.49931E-8 4.01219E-8 3.55736E-8 3.17748E-8
