app/data/climate/rcp85/2050/Precipitation.asc
ncols        365
nrows        372
xllcorner    10.224615574000
yllcorner    43.742729801000
cellsize     0.000500000000
NODATA_value  -9999
[rows 154 to 175 of 372, columns 51 to 101 of 365]
828.077117481772 828.145769322206 828.222272471015 828.306438496798 828.398518641424 828.498575715359 828.606421287202 828.722306598822 828.846294460685 829.029763834799 829.153186402459 829.301858777854 829.458822134894 829.644929548622 829.797056499702 829.978453128406 830.168266359687 830.429557902418 830.637083685394 830.825640707336 831.048617865195 831.309532545123 831.549971012809 831.798763272606 832.023059450272 832.363303750025 832.637157386156 832.91911357253 833.209109498681 833.507207975074 833.813471812179 834.127775389059 834.449993084782 834.828049285671 835.167037376083 835.513939585338 835.868755913436 836.231549170842 836.649113155475 836.980815231715 837.367099603781 837.761360905156 838.268932289003 838.680466468804 839.047028354231 839.473134562376 839.961988427056 840.40467659849 840.798435416129 841.255507184506 841.840335442767
827.702955529838 827.768404036455 827.841578230513 827.954197397848 828.054380092717 828.13917422317 828.243439598395 828.355493471527 828.491038459319 828.619862727141 828.739139803979 828.917584340733 829.089433778452 829.250731057714 829.398398465637 829.574644636046 829.782735713226 829.976191951593 830.177939171606 830.360906061984 830.644306889099 830.870613001709 831.105021664563 831.347470067193 831.597958209599 831.856486091781 832.122990903273 832.397535454541 832.723773020152 833.014899534709 833.313877357641 833.620832109882 833.935763791433 834.299436395377 834.589118269193 834.927541065403 835.323058576118 835.722721577655 836.086331371132 836.410810243667 836.78899206549 837.22357768668 837.618027419456 838.02026565014 838.433872575352 838.903946110399 839.330115129011 839.76388421413 840.149540481526 840.654348204825 841.110917489466
827.362962471953 827.425710128489 827.495932230598 827.583678453 827.669728792794 827.751256778963 827.884100916673 828.006518516861 828.123534416887 828.248276004354 828.363972884573 828.521313104414 828.669608617007 828.825692627508 829.004325595663 829.197844644498 829.377985063861 829.566353654402 829.762447932384 829.966519139675 830.178567276276 830.398529531718 830.626405906004 830.902269477079 831.146602193719 831.398723408267 831.658758741657 831.926645383423 832.237431574151 832.48597259208 832.777413158972 833.121551707679 833.468202675066 833.784578997358 834.067791393072 834.398614122774 834.780124899348 835.127341160938 835.482157489035 835.849598721 836.266283359095 836.644904854186 837.031126415784 837.42494804389 837.826306928036 838.23526587869 838.651824895851 839.132827452156 839.565277517468 840.005264838821 840.452915037148
827.056384582514 827.116682630836 827.184329503798 827.268998013318 827.352284692563 827.431111828651 827.528216810637 827.64655173047 827.792837308119 827.9139358885 828.042760156322 828.179435732519 828.323711375224 828.47571270537 828.635502533425 828.803080859387 829.014563701785 829.198033075899 829.389416568856 829.588651370188 829.795611858961 830.010360845643 830.2329611407 830.492745232222 830.741788733887 830.988194195938 831.242513776831 831.53778578221 831.808498894991 832.051701023225 832.336860543416 832.666866737048 833.013580514902 833.323298927691 833.600669949974 833.96578719466 834.298494238372 834.638675727658 834.986520093918 835.341964526685 835.704946215493 836.126781311882 836.505591238374 836.891812799973 837.285508807145 837.686742070357 838.095386968675 838.511694743968 838.935225722966 839.424142398114 839.863564425263
826.691581390163 826.748990157004 826.853067100827 826.92592724255 827.006073398445 827.082199684452 827.188349373686 827.290416382565 827.400020647485 827.517099357977 827.641652514043 827.807346525996 827.947351056945 828.095018464868 828.250223128831 828.413153480236 828.583683898147 828.761814382567 828.97128729002 829.178059347392 829.37968094647 829.588965422523 829.833612191498 830.05903895757 830.262733302059 830.502606475542 830.781610569967 831.079080941691 831.343387386837 831.58074814164 831.894612045252 832.181655879453 832.476174159228 832.77829250551 833.087885297366 833.451369469909 833.776664878515 834.109371922228 834.449679032447 834.797272156839 835.152402537272 835.514881742343 835.884835392988 836.361880889872 836.699675581412 837.092429431579 837.492783348253 837.951865051574 838.315349224118 838.73774961471 839.167436019474
826.360193366258 826.422564159991 826.485374626994 826.555345487235 826.632225498846 826.747545516263 826.839123177152 826.93786123128 827.043948110047 827.157321002987 827.278042720566 827.406301694185 827.541783871509 827.71884657799 827.869591698796 828.027936886109 828.193756518996 828.367113407923 828.571121804747 828.736250522497 828.932344800478 829.135662282166 829.411588663708 829.631488108684 829.830094805346 830.064126605397 830.336284358919 830.586270017589 830.843667311365 831.075061071803 831.423345111332 831.703731036031 831.99146578537 832.286737790748 832.589358620767 832.899328275424 833.216835186122 833.541502490058 833.963337586447 834.26124763144 834.608777945365 834.963405842061 835.371234204309 835.741501907288 836.071319669519 836.455217243838 836.94928437728 837.349449862553 837.705396779057 838.119192135669 838.59315991967
826.037787239134 826.09130175702 826.151536994876 826.218744194568 826.292797735164 826.373886048064 826.462071943736 826.557418232646 826.691581390163 826.815569252026 826.918515607443 827.042817521641 827.174405450012 827.33118037565 827.459502159736 827.61301094109 827.80872835627 827.999044071288 828.176043967301 828.336901573294 828.527782582515 828.751325034577 828.957908660548 829.171903921626 829.403548923931 829.660883407241 829.897490436439 830.141509100744 830.392813779221 830.651404471871 830.917406799626 831.190632331087 831.471395118589 831.802845952961 832.098620442076 832.401806566297 832.712027462823 833.029597183987 833.395593775211 833.686406237433 834.025645569713 834.464816354995 834.819946735427 835.182237509098 835.505271740892 835.928551478022 836.312386241874 836.703444209432 837.051477007093 837.561812051489 837.975104924365
825.711675294457 825.79270079689 825.8507376684 825.915558070347 825.996520762313 826.065675086483 826.151097321606 826.243491518567 826.355796633568 826.463139721675 826.594978891913 826.71595185136 826.8605415464 826.996777449329 827.121833089131 827.271573242465 827.448573138478 827.613764666694 827.821227639204 827.978379427644 828.188606060702 828.383067266541 828.585002917955 828.794098962606 829.010543831897 829.234149094426 829.504045671135 829.742851066679 829.988691234527 830.241817416547 830.502166802273 830.769865012637 831.044597995306 831.362293337405 831.659261225393 831.956166302914 832.26029458414 832.610902610948 832.929979783321 833.215139303513 833.547783536758 833.930299280804 834.326758948524 834.682140570824 834.998768134984 835.414008132337 835.790556882017 836.174203214469 836.515640913095 836.962600196285 837.422184383342
825.388327010328 825.43731917459 825.492780816953 825.563191350463 825.66299718253 825.729576277552 825.812109231194 825.913171272601 826.010339065054 826.11435319841 826.211018507127 826.343234540167 826.500700380943 826.633042034917 826.754643099034 826.918892470245 827.072526872534 827.233196047126 827.401025614957 827.575952765559 827.758103119866 827.983404265004 828.180126647656 828.38413504448 828.595303834543 828.813570207377 829.038808542048 829.271395701358 829.541417899002 829.797747414839 830.052192616667 830.313672590798 830.616230610349 830.892722286094 831.140446767952 831.430128641768 831.764343136688 832.113757764623 832.42605140656 832.704929880051 833.071491765478 833.404701292926 833.744819971745 834.091973422868 834.446036025361 834.85719334236 835.225890783665 835.60149737634 835.984013120385 836.373563636735 836.769960493988
825.067805197214 825.114598995131 825.174897043453 825.235509144111 825.302653533336 825.366720209679 825.456664798427 825.574434424056 825.668336072225 825.769209682231 825.876866822673 825.991370304019 826.112845747202 826.241041910354 826.376272845811 826.551639669682 826.701065770681 826.857589454451 827.021022289592 827.191489897036 827.368929466318 827.553466618372 827.744975732263 828.005325117988 828.18590521062 828.398958314693 828.618983380603 828.874873223171 829.109847180228 829.321078780757 829.568991694016 829.856349580553 830.160226619911 830.430437248956 830.672697220184 830.991837203024 831.282838096647 831.580873762574 831.885692958937 832.197421306671 832.561910446687 832.88789677043 833.22085505601 833.560659682494 833.907247839414 834.260745147704 834.620900365496 834.987964734659 835.4133172172 835.79470237284 836.182933869382
824.72109141936 824.765624040465 824.852616537263 824.910841840175 824.975599431654 825.037404931185 825.124397427983 825.208563453767 825.299450199519 825.39686923384 825.532225790231 825.643337506358 825.761358373856 825.886037150856 826.017499458292 826.155808106632 826.301025906342 826.453152857422 826.666143151027 826.811989055407 826.984969081532 827.164858259027 827.375524565354 827.570111392128 827.745980699735 827.953569293178 828.232510577136 828.455110872193 828.684494697686 828.890952702724 829.164052613251 829.414163892855 829.670995892428 829.934737043372 830.205324535219 830.524590138992 830.809247175448 831.100813363274 831.399037460602 831.704045088366 832.015773436099 832.334285314269 832.659580722875 833.080536472726 833.377755602582 833.723715654832 834.076522047985 834.481335507817 834.802045752332 835.174825873992 835.554515147022
824.406096927342 824.454460986934 824.504144066333 824.560045381965 824.651434611454 824.720149262355 824.79527058089 824.876798567059 824.964858841797 825.059325784169 825.16051344651 825.268170586952 825.382485636897 825.53517788218 825.663122803464 825.79772563425 825.939111995473 826.087219076665 826.261832174932 826.40353258849 826.571927450523 826.781651599845 826.98710463741 827.176980679159 827.348767306411 827.577083353965 827.787247176555 828.004257340049 828.227988223512 828.496691401349 828.73430339802 828.97882454606 829.229940793136 829.487840570649 829.752398257663 830.023676664647 830.301612981134 830.62879270375 830.957479877574 831.219022662173 831.524093100404 831.835884258604 832.194532025189 832.520204296597 832.81076551695 833.196358973879 833.585344196026 833.938087778712 834.252265734659 834.617382979344 835.036014741916
824.126715970115 824.168484930672 824.216346506528 824.270237887216 824.330347504137 824.396738167759 824.498930797572 824.578071985995 824.66368265252 824.767508354475 824.854061178004 824.958891847432 825.070380426361 825.203538616406 825.344422493893 825.475821990862 825.613816586867 825.777060990607 825.928999510286 826.06762221096 826.232185634507 826.425265010073 826.638569356013 826.824362717407 826.992380716638 827.2159231687 827.421690258601 827.634115258003 827.853198166908 828.078876174848 828.311274902757 828.589022787843 828.835051387092 829.087675085376 829.347019503629 829.612959020918 829.885430826775 830.199860024589 830.486212943654 830.78531638752 831.084419831386 831.428872432428 831.742045420903 832.061562266544 832.346533355335 832.720192823533 833.059243724413 833.452876921117 833.761087882699 834.164582322723 834.530264861612
823.788293173905 823.856316909669 823.902356981982 823.954238427726 824.019875365744 824.076279165112 824.146626888155 824.223130036964 824.316529201397 824.436308761971 824.520286356353 824.622164933831 824.744519723552 824.860090982837 824.966491913939 825.094122782888 825.245496008364 825.419229760093 825.567525272686 825.702630587208 825.883775974044 826.051605541875 826.226030208741 826.407049974642 826.594664839578 826.824048665072 827.024979349013 827.23269356339 827.446814445402 827.667467615982 827.894715885597 828.128370822846 828.368558048664 828.646619986084 828.908099960216 829.16826091454 829.434891346966 829.742599824811 830.022922939043 830.27359951285 830.565982236747 830.902583529414 831.252626262019 831.565548008625 831.844614913518 832.210548694274 832.542690443784 832.881113239993 833.22587989337 833.576990403914 833.983688177756
823.480710316994 823.518773459998 823.562866407833 823.647660538287 823.70437838999 823.758772254414 823.826795990178 823.910710774093 823.991547845126 824.078854394259 824.160256759494 824.271808148891 824.408169672753 824.520600408688 824.624174868775 824.764493452059 824.896018569962 825.0339503555 825.178225998204 825.328845498076 825.518909971226 825.682845290103 825.853187276614 826.029998741226 826.213279683939 826.402841673353 826.598935951335 826.801499707418 827.073154977204 827.262340103815 827.484500725603 827.713130825492 827.978065375309 828.220199725604 828.437398320499 828.691529469991 829.025053049774 829.293128122941 829.567547053275 829.812884737387 830.135542106379 830.428929797748 830.728598535817 831.034548320586 831.391186152226 831.710200514132 832.035495922738 832.367072378045 832.704867069584 833.048879997357 833.399048350896
823.175577068296 823.212132760091 823.260119956881 823.308798068808 823.363317554166 823.415764294113 823.518773459998 823.591382359853 823.669958254073 823.754689574059 823.845450698878 823.942241628529 824.04531360488 824.15447819653 824.300575342778 824.422553269697 824.550749432849 824.685289453168 824.826047709721 824.973087012974 825.126470173394 825.286134380515 825.452268065736 825.680207250489 825.837107797061 826.022587106119 826.214159030477 826.437513051138 826.642589225901 826.827189188422 827.044262162382 827.332687826858 827.563516293092 827.800500185093 828.013113615896 828.293436730129 828.54926376223 828.811371841032 829.079698156066 829.395006700419 829.676146350722 829.963567047726 830.257143170496 830.556811908565 830.862761693334 831.174678472469 831.492876298303 831.862515896613 832.19346424725 832.530630834119 832.873827225821
822.845570874665 822.907941668398 822.953918930244 823.000838349095 823.05353633091 823.104412809182 823.1763307939 823.246490085542 823.322679182016 823.433602466742 823.521913983348 823.616129683851 823.716375189187 823.82277612029 823.935395287625 824.053918638859 824.17878584726 824.340711231193 824.495727463755 824.621662450095 824.771528224363 824.927549424397 825.110516314776 825.279664902413 825.432796820966 825.647545807647 825.858840218644 826.053364234951 826.254043677024 826.43474939059 826.673994459403 826.893265799708 827.118755376247 827.350400378553 827.625761465892 827.870219803466 828.120770756339 828.377414324511 828.640276128917 828.909167738154 829.184151962692 829.465291612995 829.794041597286 830.124801516521 830.387412079059 830.693299053361 831.005090211562 831.363047063009 831.64676194246 831.97657970469 832.358530154532
822.572659395538 822.610722538542 822.677804117301 822.723341705878 822.774343805084 822.831187277721 822.893558071454 822.961833049086 823.035823779215 823.115844314176 823.201643412102 823.322679182016 823.420537889606 823.524489212495 823.634344719282 823.750230030902 823.872270768288 824.000341310506 824.151714535982 824.306039853407 824.452702293858 824.624991404846 824.784655611967 824.950349623919 825.100529450522 825.300329546057 825.484489835309 825.708911633909 825.905696827028 826.108574635446 826.31760786963 826.532670908647 826.753826562963 826.981137643045 827.214478527959 827.49147268744 827.737312855288 827.989371259369 828.27999529019 828.511326240161 828.78122281687 829.057274819347 829.374844540511 829.663458636388 829.962938943056 830.263235785795 830.608065249639 830.921049806713 831.199614227869 831.523527806201 831.894926097587
822.278455168099 822.311179421407 822.349368185344 822.392958649444 822.442202055574 822.524735009216 822.585221488939 822.651486531627 822.723404516345 822.811276359681 822.884701795607 822.974018279685 823.069176137193 823.212635243827 823.306725323397 823.419784164002 823.538998430372 823.679945118326 823.81165866763 823.932003522407 824.074897334838 824.242978144537 824.43065581994 824.592832445741 824.739620507126 824.935149490905 825.115352720735 825.301585755397 825.493848594892 825.692015618285 825.931197876631 826.141864182957 826.358434673182 826.609488109791 826.809853499529 827.044324972849 827.284826251002 827.562574136087 827.854014702979 828.080760488858 828.345443796807 828.65026299317 828.927257152651 829.210343927432 829.462716383848 829.793790355418 830.136735505252 830.443501826092 830.716664547086 831.074432967133 831.398597787333
821.98255505805 822.013897481084 822.050578793814 822.092787427639 822.146741618794 822.193472606244 822.252011961491 822.3161414483 822.423044863138 822.49929677008 822.570837891995 822.657767578327 822.762535437287 822.861713164684 822.953416446508 823.063523195163 823.224255180223 823.347175264147 823.475811100568 823.59332948433 823.750983756506 823.897520576023 824.049835958504 824.208055524883 824.372304896095 824.574931462645 824.751366064455 824.933704850164 825.121885009303 825.316094973275 825.516146310678 825.722164642446 825.934087158113 826.215038377015 826.411383896865 826.641333016561 826.907084102449 827.149344073678 827.397508228805 827.619480419192 827.911235038418 828.215991424315 828.487772315035 828.765268958252 829.0486069749 829.337660744046 829.632430265689 829.932789918895 830.238928135065 830.59399570503 830.91187947853
821.662347297271 821.692307890031 821.727544562019 821.800404703742 821.847135691192 821.892422037901 821.949265510538 822.019738854515 822.088265074015 822.162381425078 822.231849801583 822.355649232045 822.446787219665 822.543640959783 822.633083064795 822.754495697511 822.86849669512 822.988339066161 823.113834379232 823.275508521297 823.412937823098 823.556145687864 823.705257736528 823.86027396909 824.020880333216 824.187516502173 824.359994044562 824.570911592757 824.778814238535 824.94551321796 825.141670306409 825.343605957822 825.577574947406 825.791821450352 825.983958668913 826.20907138265 826.505285545034 826.742960352171 826.986288101339 827.204051990437 827.490279288567 827.750942726628 828.017070675318 828.288914376505 828.606170045334 828.889822114318 829.179001504397 829.473833836507 829.774193489713 830.080143274483 830.391683190815
821.370969540846 821.399736734733 821.438302361473 821.478124197552 821.52322211286 821.594009509172 821.656443113373 821.7176833187 821.784388034657 821.856494450776 821.934128187991 822.017289246302 822.106103246644 822.200318947147 822.328954783569 822.434790420468 822.546090567996 822.663294899423 822.785963741479 822.914536767433 823.048699924951 823.188641645432 823.365076247242 823.53610914889 823.674166555362 823.837285338167 824.006308304871 824.203030687523 824.384238884825 824.547357667631 824.772533191835 824.995635970628 825.19989560932 825.410059431911 825.598616453852 825.847220282248 826.074342930929 826.307118521641 826.581977125244 826.826372652351 827.076483931955 827.332185343122 827.593351264919 827.860232939212 828.132641934602 828.410452630154 828.733989345684 829.023357167165 829.318315120209 829.618611962948 829.924436126783
