app/data/climate/rcp85/2050/Precipitation.asc
ncols        365
nrows        372
xllcorner    10.224615574000
yllcorner    43.742729801000
cellsize     0.000500000000
NODATA_value  -9999
[rows 286 to 307 of 372, columns 255 to 305 of 365]
848.615009603193 849.15631020782 849.767707293623 850.313341820474 850.919148774713 851.400276951953 852.021095607806 852.574958305834 853.130893749273 853.688462264855 854.24804071538 854.809440669449 855.433588280053 855.998819672609 856.63684839642 857.134621347415 857.705191629666 858.277332173592 858.922960963911 859.426512477871 860.067053620362 860.645789263324 861.298955309683 861.880894286461 862.391417762258 862.976246020518 863.635818734512 864.289361643673 864.878712255558 865.395516778055 866.06155897015 866.654803830988 867.249304901167 867.845062180686 868.509973784375 869.108369103508 869.70783220058 870.308363075592 870.985334288945 871.512753780365 872.116362368259 872.721164355027 873.473068455514 874.080005998159 874.611696601336 875.220455647524 875.906094705324 876.516486823654 877.127632667589 877.811952705581 878.424982863526
847.991615718192 848.596731757295 849.136587721182 849.678579240946 850.222706316589 850.768843327176 851.316801841306 851.925623697962 852.477790513381 853.031904453277 853.587902707184 854.1457852751 854.705363725626 855.33704859227 855.961573065676 856.456393924722 857.023321199887 857.663045806308 858.233427657158 858.733964268701 859.307423832434 859.954434453027 860.594975595519 861.173522807079 861.680968569992 862.33501396289 862.918020717607 863.502220871198 864.087991286463 864.740906090954 865.329565787702 865.919418883323 866.510528188284 867.177072864115 867.696452615758 868.291204927805 868.887150638725 869.627246371416 870.225767311483 870.750297521421 871.350765585966 872.027359936517 872.630026367406 873.233446523899 873.832784000037 874.514089135614 875.120524194523 875.727775789504 876.335843920555 876.944791398145 877.554366980404
847.438192693433 848.02917637746 848.565829007529 849.104680003944 849.645540935303 850.188286180672 850.733104171452 851.279869286709 851.887434934024 852.507374243339 852.991014839259 853.545568452424 854.102006379599 854.730048239158 855.290191983886 855.781935130049 856.477246999767 857.042918065592 857.610159393092 858.10786953362 858.74947845405 859.321556187509 859.895141372176 860.534049442526 861.110900771477 861.689259551637 862.268937351603 862.850185413244 863.432752494693 864.016638595948 864.601780906544 865.254632900568 865.91634117044 866.505817403258 867.022621925755 867.614359335386 868.281280874019 868.875467891863 869.539123286212 870.061078267003 870.733401505798 871.332048066799 871.931699595272 872.532230470283 873.133829123233 873.736307122721 874.41045186506 875.014939799492 875.620244269995 876.226239655636 876.833114387814
846.821017044666 847.351828301305 847.884775113821 848.476638144386 849.081188889285 849.553272359276 850.094572963904 850.637695072075 851.251164903289 851.798432502282 852.278806953917 852.889010640847 853.511148316507 854.066078792474 854.622767961517 855.111244963396 855.741233947431 856.303010764302 856.866483463782 857.493708787269 858.060698872901 858.629259220207 859.199389829189 859.771027889379 860.344173400778 860.918826363384 861.559179074474 862.136909749964 862.788631155582 863.296579402231 863.878581189477 864.461650754661 865.119213533711 865.771688664933 866.285478285014 866.947626228154 867.537290892374 868.128148955467 868.720074796499 869.313131225936 869.907381054247 870.571413311398 871.167861506054 871.765251857715 872.363772797782 872.963047463453 873.56326428613 874.164360455344 874.912747169679 875.440417902967 876.044340543196
846.207107540184 846.73440141067 847.263830837034 847.861974914299 848.395612641953 848.864304346726 849.459433521575 850.066685116555 850.608613825853 851.152364038694 851.629660777446 852.245580216873 852.794794940343 853.345831167356 853.958861325301 854.513854611735 855.070480970311 855.628866021964 856.188821335291 856.750472531228 857.313819609774 857.940919312327 858.507658156091 859.147005899709 859.645595386775 860.216856584163 860.789562422292 861.435379644012 862.011100384558 862.580854130738 863.159338531831 863.811750852586 864.392998914228 864.975565995676 865.486277902873 866.144280355192 866.797572022485 867.385163941294 867.973886448509 868.563802354596 869.154786038623 869.746837500589 870.339768309093 871.077226002169 871.598176015488 872.194372968276 872.791574888537 873.464526232002 874.063549655805 874.588393918078 875.188924793089
845.541065348089 846.120240664319 846.712166505351 847.240402532842 847.770648495278 848.236325297634 848.837233035447 849.373445992248 849.969517324102 850.509812961258 851.051992912424 851.596119988066 852.141942946318 852.689587408114 853.239053373452 853.790215221399 854.403559431678 854.958552718113 855.584710263661 856.073250076007 856.6330797684 857.194542532936 857.827923282189 858.392715001476 858.951100053128 859.518906674831 860.159447817323 860.730394962376 861.302723937703 861.80464237952 862.451527379179 863.093073489143 863.671118216967 864.250230722731 864.830850679702 865.412538414613 865.995482358863 -9999 867.305394648201 867.818807405479 -9999 -9999 -9999 870.25013777268 870.768198504517 871.361066502554 872.098712627032 872.69384180188 873.289850323268 873.812119356394 874.484505405656
844.933688132174 845.453884419889 846.041601959632 846.622096295669 847.149076113821 847.677940245982 848.20875150262 848.74163550467 849.276215389328 849.812805208931 850.35134215301 850.950114334946 851.492545527979 852.036861035023 852.651335833709 853.130642507405 853.68017128321 854.231395941625 854.853470806818 855.399796248806 855.956234175981 856.584213225072 857.143980106999 857.705380061067 858.197814122367 858.832639512362 859.461686339392 860.029367340161 860.598367360737 861.168749211587 861.740638513645 862.313595593642 -9999 -9999 -9999 -9999 -9999 -9999 -9999 -9999 -9999 -9999 -9999 -9999 -9999 -9999 -9999 -9999 872.520736154822 873.11460912033 873.709424242844
844.38434778777 844.966223954082 845.485666516193 846.007244634182 846.530644255714 847.112583232492 847.640316776247 848.169934634013 848.701562426722 849.301967680799 849.770470954171 850.307751688911 850.846791116726 851.514403570496 852.057525678667 852.534194312749 853.080645375671 853.697506972103 854.24741261071 854.730048239158 855.344208985508 855.968670648447 856.525548248892 857.083933300544 857.643700182471 858.205100136539 858.767881920882 859.3322339669 859.961532035798 860.528961794699 -9999 -9999 -9999 -9999 -9999 -9999 -9999 -9999 -9999 -9999 -9999 -9999 -9999 -9999 -9999 -9999 -9999 -9999 -9999 -9999 873.00858505203
843.847067053031 844.360982294045 844.877158711872 845.395345064643 845.915415731424 846.437621954083 846.961712490752 847.487750151898 848.138906263313 848.669277846683 849.134954649039 849.668843618561 850.271572859917 850.809356078393 851.348835179478 851.881593560593 852.492613783594 853.037620205774 853.584322510564 854.06406885753 854.682626336571 855.234353478721 855.787336830211 856.403758753374 856.96038511195 857.518518921735 858.078034561793 858.63905765306 -9999 -9999 -9999 -9999 -9999 -9999 -9999 -9999 -9999 -9999 -9999 -9999 -9999 -9999 -9999 -9999 -9999 -9999 -9999 -9999 -9999 -9999 -9999
843.194026627605 843.704424482468 844.216957893208 844.786648828921 845.368148132431 845.822330619326 846.343029390777 846.931123793322 847.456093676529 847.982885063279 848.502641677725 849.099655166584 849.632287926765 850.166679380023 850.702829526356 851.2408639867 851.780531519186 852.321894934281 852.924875417505 853.469881839686 854.016521334009 854.564793900474 855.114762349548 855.66623824983 856.219284411787 856.83570633495 857.391893020258 -9999 -9999 -9999 -9999 -9999 -9999 -9999 -9999 -9999 -9999 -9999 -9999 -9999 -9999 -9999 -9999 -9999 -9999 -9999 -9999 -9999 -9999 -9999 -9999
842.59839496902 843.105589490066 843.614793946055 844.190075013331 844.703613391544 845.210116997452 845.727549624619 846.312063830545 846.833579138067 847.357104380533 847.882451126542 848.409619376094 848.938671939657 849.527457257338 850.060404069855 850.594983954513 851.131448153182 851.669545423992 852.209401387879 852.750827613441 853.354059338533 853.899065760714 854.445768065504 855.062566851469 855.543695028708 -9999 -9999 -9999 -9999 -9999 -9999 -9999 -9999 -9999 -9999 -9999 -9999 -9999 -9999 -9999 -9999 -9999 -9999 -9999 -9999 -9999 -9999 -9999 -9999 -9999 -9999
842.005715402385 842.509643779146 843.079083472991 843.587345771975 844.097555195437 844.545645067033 845.123941036725 845.640180265019 846.214267933422 846.734464221137 847.256670443796 847.780572549064 848.306296157875 848.833904080696 849.429535739281 849.952621308478 850.485693741929 851.020650489389 851.624384698218 852.095526011204 852.635256354156 853.176871011119 853.787954044587 854.393446946491 -9999 -9999 -9999 -9999 -9999 -9999 -9999 -9999 -9999 -9999 -9999 -9999 -9999 -9999 -9999 -9999 -9999 -9999 -9999 -9999 -9999 -9999 -9999 -9999 -9999 -9999 -9999
841.416050738165 841.979460627177 842.536652279957 843.041899676525 843.549282628972 844.058549895428 844.569827096829 845.082988612239 845.59803444166 846.171242763525 846.690434083768 847.211446907554 847.734218424416 848.32463681424 848.851239769589 849.313461996261 849.843456716828 850.500202959806 851.034091929328 851.502532392233 852.039499074637 852.645682891679 853.186041339301 -9999 -9999 -9999 -9999 -9999 -9999 -9999 -9999 -9999 -9999 -9999 -9999 -9999 -9999 -9999 -9999 -9999 -9999 -9999 -9999 -9999 -9999 -9999 -9999 -9999 -9999 -9999 -9999
840.891206475892 841.388979426887 841.888950744227 842.390680754643 842.949002995829 843.455066928468 843.963140796051 844.473036167178 844.985067094182 845.563174632474 846.01440502742 846.532088896455 847.108123689335 847.694836261605 848.218298693605 848.677694449261 849.270436826364 849.799112527124 850.329484110493 850.794972481449 851.454419574509 851.990004426639 -9999 -9999 -9999 -9999 -9999 -9999 -9999 -9999 -9999 -9999 -9999 -9999 -9999 -9999 -9999 -9999 -9999 -9999 -9999 -9999 -9999 -9999 -9999 -9999 -9999 -9999 -9999 -9999 -9999
840.306692269966 840.801387508078 841.298155491601 841.796744978667 842.36015486768 842.8002049995 843.304761480931 843.866287055933 844.438678841727 844.949516369859 845.398108725191 845.912463639475 846.493272027847 847.011395570151 847.58849814097 848.045255857013 848.634355227029 849.159953214906 849.687121464459 850.21598559662 850.746608421857 -9999 -9999 -9999 -9999 -9999 -9999 -9999 -9999 -9999 -9999 -9999 -9999 -9999 -9999 -9999 -9999 -9999 -9999 -9999 -9999 -9999 -9999 -9999 -9999 -9999 -9999 -9999 -9999 -9999 -9999
839.672243742774 840.1634844052 840.710123899523 841.267755225572 841.765528176567 842.202814647839 842.704293416387 843.270655397348 843.776154035785 844.338998630594 844.784764514911 845.360045582188 845.873269908065 846.388378547953 846.90518307045 847.423746286023 847.944193815606 848.523934426039 849.047962152241 849.573811381986 -9999 -9999 -9999 -9999 -9999 -9999 -9999 -9999 -9999 -9999 -9999 -9999 -9999 -9999 -9999 -9999 -9999 -9999 -9999 -9999 -9999 -9999 -9999 -9999 -9999 -9999 -9999 -9999 -9999 -9999 -9999
839.146017650226 839.634431841638 840.186284604722 840.732421615309 841.22755652669 841.662204958348 842.223353670548 842.724141523959 843.226813691381 843.731432983279 844.237936589187 844.80197458287 845.312372437733 845.824591796138 846.33856984762 846.854369402645 847.371927650746 847.891181781455 -9999 -9999 -9999 -9999 -9999 -9999 -9999 -9999 -9999 -9999 -9999 -9999 -9999 -9999 -9999 -9999 -9999 -9999 -9999 -9999 -9999 -9999 -9999 -9999 -9999 -9999 -9999 -9999 -9999 -9999 -9999 -9999 -9999
838.569605994544 839.05500528354 839.603529091873 840.093199492625 840.584754207386 841.078444478026 841.627973253831 842.125746204826 842.625340659364 843.126945048847 843.630245320938 844.135555527973 844.642561617618 845.151326400338 845.782257541378 846.231038328112 846.745518863329 -9999 -9999 -9999 -9999 -9999 -9999 -9999 -9999 -9999 -9999 -9999 -9999 -9999 -9999 -9999 -9999 -9999 -9999 -9999 -9999 -9999 -9999 -9999 -9999 -9999 -9999 -9999 -9999 -9999 -9999 -9999 -9999 -9999 -9999
837.943950932732 838.538766055246 839.023411618638 839.510004306506 839.998606929319 840.489282297543 840.981653548375 841.476034734152 841.972363044406 842.587591568696 843.025568955105 843.527675828323 844.031667015551 844.600855467528 845.108615282776 845.55444397756 -9999 -9999 -9999 -9999 -9999 -9999 -9999 -9999 -9999 -9999 -9999 -9999 -9999 -9999 -9999 -9999 -9999 -9999 -9999 -9999 -9999 -9999 -9999 -9999 -9999 -9999 -9999 -9999 -9999 -9999 -9999 -9999 -9999 -9999 -9999
837.432799352266 837.912106025962 838.393548255536 838.929572780936 839.415223311799 839.902695346206 840.392240126024 840.883606409384 841.438725316753 841.933985849068 842.369073953994 842.922873841555 843.486597782903 843.989521192192 -9999 -9999 -9999 -9999 -9999 -9999 -9999 -9999 -9999 -9999 -9999 -9999 -9999 -9999 -9999 -9999 -9999 -9999 -9999 -9999 -9999 -9999 -9999 -9999 -9999 -9999 -9999 -9999 -9999 -9999 -9999 -9999 -9999 -9999 -9999 -9999 -9999
836.864176194492 837.340593586706 837.819020913864 838.299395365499 838.842140610868 839.265985642201 839.805464743286 840.354993519091 840.845543266381 841.337977327681 841.770364582526 842.328372771377 842.826334153773 -9999 -9999 -9999 -9999 -9999 -9999 -9999 -9999 -9999 -9999 -9999 -9999 -9999 -9999 -9999 -9999 -9999 -9999 -9999 -9999 -9999 -9999 -9999 -9999 -9999 -9999 -9999 -9999 -9999 -9999 -9999 -9999 -9999 -9999 -9999 -9999 -9999 -9999
836.349381606939 836.823160959539 837.298761815682 837.836356602757 838.31635419159 838.737875235644 839.221453021097 839.76765284215 840.308765015377 840.798498226596 841.290115751825 -9999 -9999 -9999 -9999 -9999 -9999 -9999 -9999 -9999 -9999 -9999 -9999 -9999 -9999 -9999 -9999 -9999 -9999 -9999 -9999 -9999 -9999 -9999 -9999 -9999 -9999 -9999 -9999 -9999 -9999 -9999 -9999 -9999 -9999 -9999 -9999 -9999 -9999 -9999 -9999
