app/data/climate/rcp85/2050/Precipitation.asc
ncols        365
nrows        372
xllcorner    10.224615574000
yllcorner    43.742729801000
cellsize     0.000500000000
NODATA_value  -9999
[rows 132 to 153 of 372, columns 102 to 152 of 365]
859.676560947008 860.371119091122 861.073151680809 861.782595905602 862.499577386436 863.223844881442 864.047352914313 864.782172567775 865.528926209968 866.282714624465 867.139009721111 867.907621405821 868.585786018047 869.367273848493 870.254597315837 871.145124116999 871.948469989961 872.656783626349 873.574695791124 874.397764150725 875.227301988427 876.063246493764 876.905534856268 877.854663823143 878.710268004652 879.572027611926 880.439942644967 881.314138724708 882.194364609282 883.080494677753 883.97259174059 884.976491434692 885.880962159528 886.791274257796 887.707364919028 888.744679781574 889.556442257115 890.489428933971 891.427691690054 892.600237488058 893.550622664273 894.38656716961 895.346813589144 896.43318342642 897.404358867213 898.380307903498 899.238612935088 900.461783969495 901.452995949262 902.448855903587 903.449426642937
858.6964664199 859.466459934884 860.154988274166 860.855010928909 861.562508029226 862.367361353396 863.090498259996 863.729217898945 864.466047487351 865.303562254363 866.145348133131 866.905229162928 867.57573089818 868.348676505113 869.226389971006 870.013844795817 870.808145961531 871.508608289543 872.512884846446 873.327913466271 874.149537185131 874.977693192559 875.812381488556 876.653350831253 877.500789652051 878.354635140483 879.424360204003 880.183299076795 881.05636456813 881.935711106165 882.932073544227 883.712367975799 884.60961549693 885.512830012426 886.642790313802 887.558880975034 888.365178939945 889.291947380567 890.341196231845 891.27983585073 892.223939980245 893.054294354019 894.239276624489 895.199711475424 896.165422405588 897.136158173112 898.111855967529 899.092578599307 900.078137637043 901.183224993486 902.17889651641
857.809205763023 858.568333067215 859.165409366541 859.855005483762 860.635990830471 861.430229185718 862.144132953669 862.774875663308 863.502534923533 864.329811584423 865.072796598596 865.823004816474 866.575662642565 867.435914798632 868.20791824856 868.986956470792 869.772778223461 870.565571937967 871.364960751508 872.171133095486 873.080754278616 873.901058977669 874.727833154823 875.561139620546 876.400978374837 877.247286607229 878.207030543027 878.959123074916 879.926655508623 880.798778842953 881.787415593573 882.56174303078 883.452207021474 884.348763627469 885.364471689366 886.273527578294 887.181076016014 888.101626220403 889.144091541243 890.076512923896 891.01477567998 891.840105216393 892.907255050766 893.861597286402 894.932892611597 895.898163868492 896.868522773214 897.843969325764 898.824252284272 899.809497269674 900.923692143832
857.015281460111 857.680758358002 858.269543675684 858.949529791453 859.723731607727 860.419922823983 861.123462864878 861.830645912859 862.639519106918 863.36617339967 864.100239327529 864.841340027692 865.589852362961 866.345399470534 867.107918539945 867.969615336752 868.746832055442 869.531209167369 870.322369809733 871.120313982533 871.925104496237 872.838619928321 873.554847683551 874.477721875219 875.309834942069 876.25381345065 877.099870441174 877.84530506356 878.703358853281 879.676292987151 880.54759978541 881.418718152268 882.302398612526 883.303785887947 884.200468114876 885.102928904768 885.897606933284 886.925751467648 887.845861998768 888.880224769366 889.812332099683 890.749966751097 891.693128723607 892.641755206746 893.595594958647 894.554836410709 895.519291131533 896.60145266752 897.576522357267 898.556616884374 899.664970385101
856.069669879388 856.724531808356 857.383978901415 858.138709472918 858.817690621215 859.504397456954 860.198767169667 860.900485707019 861.609741500411 862.32640892891 863.137480489314 863.869724913629 864.609129731183 865.355820562909 866.109483356473 866.870494974675 867.734955432031 868.413559717526 869.28894919614 870.078602387296 870.975221803757 871.779447023258 872.48870281665 873.305678560952 874.232698243442 875.063680721886 876.000875700031 876.739903654782 877.697260792835 878.555063340688 879.419335366643 880.180598226714 881.166722558654 882.049774914242 883.043750554557 883.939553434947 884.84157455157 885.749499852092 886.663266526045 887.582937383896 888.508323994244 889.439300736155 890.485471874549 891.428256984257 892.376506604595 893.4496862438 894.289022514355 895.253037561909 896.222265878225 897.318748200688 898.412215620736
855.291008519957 855.937076983545 856.590996755509 857.25270502538 858.003101674659 858.681140665952 859.366716913284 860.060018848058 860.760858038872 861.469046054326 862.184708515353 863.085850285438 863.726014565128 864.464540036143 865.210288710864 866.057853152596 866.818864770799 867.490559904924 868.26469891073 869.237758665533 870.027537477623 870.824351062017 871.527262998243 872.438517253515 873.255681429218 874.07956632489 874.910234750999 875.847115676808 876.691728026591 877.542747044009 878.400423970928 879.264444755015 880.134746585802 881.011392273756 881.894381818878 882.888357459193 883.784285960517 884.68630707714 885.594106756728 886.508061862081 887.543115547816 888.353307761682 889.284410124527 890.330832504789 891.391889723863 892.341018690738 893.175958228603 894.134948438797 895.2201248772 896.19010691912 897.165302229801
854.44438623523 855.080656265966 855.724777605077 856.37681306303 857.036699829358 857.704123851727 858.546349403764 859.145058775232 859.836413585529 860.535368462333 861.330611785052 862.045457710008 862.677016955718 863.405555562481 864.322839622586 865.067771761236 865.820052724525 866.484084981676 867.34584458895 868.119543921487 868.900215215862 869.687858472074 870.577631547631 871.379846832188 872.189034078581 873.005130476345 873.827947594078 874.657548242248 875.493743989452 876.336660456626 877.286920011907 878.143654781822 879.006859029838 879.876407135021 880.752487528772 881.745458201615 882.523240214507 883.417912506491 884.424764292542 885.446062486003 886.360206022757 887.164933725994 888.090006284007 889.137559252675 890.07475423082 891.017602150995 891.957372358287 893.030551997492 893.989919070489 894.95462503318 895.924293022765
853.532503875287 854.31342641153 854.8689221817 855.511159206801 856.161310350744 856.902096998572 857.56870448487 858.15836914909 858.839423042798 859.69829336859 860.39630608839 861.101856064229 861.725375570163 862.535379352628 863.26328985472 863.998423560518 864.740906090954 865.58105889758 866.338867181966 867.103898670057 867.876027740919 868.655254394552 869.441578630957 870.234937639666 871.035205799745 871.93885998851 872.856206859082 873.575512327195 874.404045197425 875.239235977158 876.186920303292 876.929968127932 877.785132636171 878.749084873259 879.726981034021 880.603061427773 881.374750825366 882.262765207848 883.269240131096 884.170319090714 885.077427855165 885.983217599808 887.017391939005 887.94284135982 888.8740693436 889.810950269409 890.753484137249 891.701356894784 892.654694162949 893.724921710205 894.689313620562
852.78374029815 853.400476273648 853.946613284235 854.578360961346 855.376681996949 856.025890983887 856.6829512792 857.264324961776 858.020248932151 858.700486289788 859.388323713933 860.083698394118 860.871844134066 861.583172672869 862.301912846779 863.028001845329 863.761628099918 864.502477558213 865.250738651614 866.006160138253 866.86075935229 867.728234712062 868.40928860577 869.194293822368 869.986271000803 870.885842509213 871.692705768327 872.404536790867 873.322386145175 874.253802560355 875.088993340088 875.825320444759 876.673073317892 877.634764378167 878.496649606376 879.467762236702 880.233547450397 881.225136292966 882.113339106849 883.007822967432 883.908462253781 884.815194155429 885.728018672377 886.754530134599 887.67966550308 888.610579434524 889.547146307999 890.489428933971 891.437113260105 892.390199286401 893.468906246703
851.967267037584 852.574267390697 853.111862177772 853.733685801096 854.442878784022 855.081535612504 855.807247748251 856.380142017781 857.125388208766 857.796015564952 858.474431419046 859.160384529181 859.854126137224 860.555216569906 861.349957408889 862.066938889723 862.882595614218 863.523387998578 864.262730005664 865.00942083739 865.858178677995 866.620320884604 867.385792045964 868.162255039049 869.044490858567 869.836028363733 870.634914693538 871.339522512372 872.253540428193 873.07334264351 873.998666443391 874.728398449026 875.674135650683 876.521888523817 877.376487737853 878.237682050925 879.105408652565 879.97973035324 880.964598475839 881.852298805986 882.7463429933 883.646605416847 884.553023266161 885.465470920307 886.383885568817 887.424152523313 888.347152335915 889.283530777989 890.225562162093 891.291895460395 892.24542115996
851.233829214396 851.83178486026 852.361653959893 853.051815371317 853.673701805109 854.303627978677 854.941342650154 855.586908630006 856.320346453195 856.982305964934 857.652053974582 858.329527671671 859.014601435268 859.707275265372 860.407549161983 861.115360314635 862.007771429806 862.641403420928 863.372580067304 864.111042727853 864.950881482144 865.704983948976 866.371026141071 867.138884100177 868.10503470361 868.889097763202 869.680321216033 870.3785851777 871.28424930141 872.096765502554 872.916316476003 873.639139330269 874.675763277678 875.516795430842 876.364548303975 877.219147518012 878.080341831083 878.948194053657 879.822578564799 880.70349536451 881.695523880348 882.589944930464 883.490395785412 884.39712768706 885.309826583074 886.34381249087 887.153188168664 888.083725237307 889.129268271031 890.189697385435 891.138323868574
850.364406730147 850.951684596621 851.547002202871 852.22510400463 852.837192005569 853.457319746285 854.085487226778 854.721317584244 855.364999250086 856.016532224303 856.675853696429 857.508720488882 858.100332277579 858.783521727166 859.474562485128 860.260886721532 860.968006959047 861.592971105722 862.314160887845 863.223216776772 863.961176953585 864.706548765504 865.364865270158 866.219527294661 866.987134011899 867.761838311908 868.543891436556 869.428388432886 870.225641690549 871.030118151918 871.841755006524 872.660363822968 873.486007411716 874.318622962302 875.158273285192 876.105517938057 876.959489047423 877.820180876759 878.687530615597 879.561412643003 880.552561812303 881.328961994921 882.222315267098 883.227973654275 884.248078448863 885.161405449547 885.965442237647 886.889949501457 887.936937175922 888.873755291265 889.925956234491
849.577831251874 850.155247875029 850.740829858893 851.334388772067 851.93592461455 852.62093556768 853.317126783936 853.865524971335 854.499533825258 855.141519608491 855.873010307203 856.531389622323 857.113831082838 857.869503811345 858.636670855314 859.326895077205 860.024593744669 860.641580962034 861.443105331454 862.163667008907 862.8917659424 863.716969857879 864.460897029057 865.212235835341 865.971111897666 866.73733678463 867.510910496233 868.291770222008 869.080104393357 869.971384920123 870.774856414019 871.585613922088 872.403280581527 873.228233255138 874.060157890587 875.004450451503 875.744860236528 876.699139661698 877.559329007297 878.535089612182 879.409411312857 880.180032932511 881.066665484718 882.071758577693 882.97202100124 883.985028213057 884.783851732395 885.817460777389 886.742470524935 887.673384456379 888.610076950788
848.801179827388 849.440339139606 849.944644379169 850.52840485949 851.120142269121 851.795417599865 852.404113835587 852.943153263403 853.643992454217 854.355823476757 854.996804292517 855.645636416653 856.219661274589 856.966666158651 857.638800966045 858.318724271347 859.090602100341 859.78673050613 860.490521788893 861.201913138164 861.920841743475 862.64743322576 863.381624774553 864.123290768919 864.963757627879 865.72125185993 866.582257741601 867.25847522935 868.038329987653 868.825596381063 869.719828999778 870.421798778998 871.328216628312 872.145192372613 873.072840159774 873.905078847557 874.638893533548 875.484196798468 876.443375440063 877.303376354262 878.273107154314 879.037636158669 880.027905981431 880.915166638308 881.80883396282 882.708907954967 883.61532580428 884.527710647959 885.553970868313 886.479043426326 887.409831736837
848.034452456688 848.592523456006 849.087407125519 849.7323450007 850.387646602938 850.978567476498 851.577465279367 852.108088104604 852.799003241632 853.421580590561 854.052134868799 854.769618833369 855.416566643495 856.071365761997 856.733890567939 857.404266682257 858.08230567355 858.768195973217 859.461686339392 860.249141164203 860.958962251798 861.766579236517 862.401530247445 863.134088724096 863.874435698655 864.716347198357 865.472710842001 866.233534028803 867.00472094266 867.881303820147 868.668318971689 869.363191168138 870.16402462242 871.073834236951 871.890181876583 872.812804826383 873.540024413339 874.482997954448 875.32867808217 876.181392982196 877.040954223125 877.907487425892 878.780678538162 879.764792935157 880.651865160634 881.545532485146 882.445418045891 883.351773084737 884.264157928416 885.182635387394 886.223090773291
847.345672875538 847.894761978074 848.381919960146 848.946083574763 849.590393345275 850.244627169573 850.834543075661 851.35737740299 852.038368486231 852.65215236978 853.273724751237 853.903211251536 854.540549060211 855.265821522689 855.919615673718 856.58132394359 857.334923926686 857.927980356124 858.612928498787 859.305727949825 860.180552134236 860.8906244637 861.518163839522 862.242494144995 863.066630282535 863.807354119896 864.555678023764 865.216695378499 866.168085522186 866.93996335118 867.719315625747 868.407341481293 869.300506322069 870.102281933356 870.911406369283 871.727942440316 872.65069101105 873.482427215097 874.321198191449 875.167255181973 876.020221323867 876.880222238066 877.747132303635 878.620763089173 879.605442780372 880.604506068514 881.387250108299 882.287700963248 883.194495675363 884.222074915524 885.141934204776
846.597411782137 847.136828072755 847.615506641781 848.239842683786 848.803252572799 849.374702201588 849.954003138752 850.615083303954 851.211091825341 851.815077276037 852.426976845576 853.04672772349 853.674204288845 854.309720593977 854.95296258655 855.685144200398 856.42794078317 857.012580610029 857.688107182642 858.371296632228 859.149267076521 859.849038489397 860.467721589372 861.360069894076 862.083960526281 862.815639656393 863.55498166348 864.302049358008 865.05677992951 865.81911056752 866.589041272037 867.461290227301 868.247363221838 869.040785041013 869.841806926697 870.650240447486 871.466085603382 872.289405204851 873.119885199559 874.058147955642 875.009977772599 875.756605793858 876.616292655721 877.482951479422 878.466249340347 879.347354571458 880.123943185478 881.122943663153 882.136641790107 883.044253038293 883.958082522713
845.792432837033 846.321422590128 846.926601439698 847.472361587483 848.025973043643 848.587687050046 849.157252364825 849.73466898798 850.319999729976 850.913370211749 851.590152993701 852.27685982944 852.817846381733 853.443501443545 854.077133434666 854.799202563327 855.449416517738 856.024886016415 856.772581815613 857.531018204668 858.213516739118 858.90392939241 859.514384321207 860.308120192718 861.021898339735 861.743527795127 862.562764716241 863.300850513987 864.046599188709 864.800073550871 865.561399221408 866.330450579387 867.107102003874 867.891353494867 868.77955630875 869.680446836967 870.387755505883 871.203098178043 872.025852485309 872.960220992438 873.798615105988 874.538145544476 875.491922485909 876.45958054055 877.326993089855 878.201503221931 878.972062031118 879.97049721459 880.864981075173 881.765808792924 882.779883782679
845.065024818677 845.584278949387 846.111447198939 846.6465923778 847.189651675504 847.810784383692 848.441024609596 848.938169455921 849.513764575532 850.097211003518 850.763064764212 851.363093155487 851.894720948197 852.587080725965 853.289427367988 853.922054391637 854.562532723662 855.129459998827 855.867231744238 856.531264001389 857.203398808783 857.967865002671 858.656644583821 859.353275473346 860.057632050312 860.769965556588 861.490150371239 862.218249304732 862.954136736134 863.7894531368 864.541796910557 865.302117613622 866.069975572728 866.845810461143 867.629371037 868.520023459096 869.219543630103 870.123888734005 870.938728922429 871.864366774645 872.695160821688 873.42809616114 874.272645700456 875.23144747925 876.193955075596 877.061493245835 877.826273492058 878.81717141949 879.705311422906 880.599858093956 881.500937053574
844.347540854107 844.921314470175 845.374680420999 845.900089977475 846.433476463261 847.042926424586 847.593083305061 848.151719598582 848.717516285341 849.363396317528 849.945837778042 850.536256167866 851.059216116129 851.740458441238 852.354556377122 853.054704652799 853.685321741505 854.323978569986 854.970486706843 855.624846152076 856.287182526617 856.957433020001 857.635723253162 858.407287029821 859.102284847204 859.805196783429 860.605464943508 861.234700201939 861.961542926093 862.696111337687 863.532181463958 864.281635956232 865.040888881359 865.80799311486 866.680367691059 867.464116698316 868.156288044684 868.954609080286 869.861969086605 870.775421708222 871.598364446889 872.324704687307 873.266924502812 874.112290578199 874.964879857291 875.824817961023 876.691790837058 877.669875429222 878.551294712668 879.439560337018 880.334358249936
843.702100495189 844.268085613349 844.713788687199 845.230341967827 845.821074409986 846.354460895772 846.895510258531 847.375633468299 848.001476961512 848.63831228645 849.211834660651 849.793145532759 850.38237052371 850.979446823036 851.584437241204 852.197404588682 852.818160434068 853.52616001812 854.163686258196 854.809126617114 855.462606715808 856.207224802123 856.793309269724 857.470657345879 858.155982351343 859.023206469247 859.726369647341 860.348256081133 861.066556581774 861.884160430746 862.619482567944 863.269319659552 864.019653498364 864.966584098895 865.734693299868 866.510528188284 867.196041625149 868.086191563509 868.885768808451 869.693071740835 870.508225981594 871.430534879059 872.261580167969 873.100288333854 873.946345324378 874.799813950008 875.660442968877 876.528169570517 877.403119375862 878.389620570604 879.390379741355
843.003396860253 843.495014385481 843.931547131149 844.501552119197 845.083239854107 845.60682790704 846.138204457882 846.677557938033 847.224637105625 847.779504771125 848.342098124067 848.912731216785 849.564892295672 850.152107351678 850.747110905593 851.350028578351 852.037803192028 852.579606280392 853.206329120143 853.840966078737 854.645819402907 855.298357344597 855.875773967751 856.543449231988 857.304021176921 857.988655267249 858.681329097353 859.294170823896 860.179484356297 860.897470804603 861.623434182218 862.26523153405 863.099668588178 863.849939616524 864.608250384645 865.37466370301 866.244337429127 867.027583952648 867.818744595012 868.617882166685 869.424933857201 870.239836856092 871.062528352891 871.89275710573 872.831836397885 873.784357129978 874.531676066375 875.392493516644 876.260659791553 877.245653535087 878.128705890675
