app/data/climate/rcp85/2050/Precipitation.asc
ncols        365
nrows        372
xllcorner    10.224615574000
yllcorner    43.742729801000
cellsize     0.000500000000
NODATA_value  -9999
[rows 110 to 131 of 372, columns 51 to 101 of 365]
846.303270365165 846.687544802286 847.195932722204 847.624425728096 848.072013115956 848.478459647929 849.021016461897 849.521176210638 850.037352628465 850.569043231641 851.115494294563 851.742656807583 852.318503169063 852.907351297211 853.508573087359 854.121791676705 854.746441771045 855.382083697111 856.028277781633 856.762594951359 857.430018973728 858.106738945213 858.792378003013 859.574179885794 860.189596841484 860.900485707019 861.619288691396 862.524575952303 863.260400573238 863.909923612511 864.658938431516 865.509643396598 866.272853381146 867.042470033328 867.721074318823 868.695515903901 869.484478179919 870.279344639836 871.080115283652 871.88647605903 872.698426965972 873.516030814944 874.339099174545 875.268568465248 876.10294270891 876.942593031799 877.78745662345 878.637407862929 879.492446750234 880.352573285367 881.217661847392
845.779305449429 846.193603289778 846.583342237529 846.992678050984 847.420794194073 847.922272962622 848.38769852311 848.870145720157 849.368860828157 849.883090121507 850.41233111647 850.956081329311 851.513649844892 852.152243862907 852.737323363035 853.33483933563 853.944038055088 854.564731090007 855.275808386943 855.838087687549 856.490248766436 857.152019846775 857.987775920711 858.670337265627 859.274699579125 859.973466024529 860.769274641451 861.485125533878 862.208576492814 862.847798615498 863.766464505877 864.512778474801 865.265875974162 866.025757003958 866.792107511856 867.564927497855 868.344091341021 869.12928498902 870.016420024964 870.814489818698 871.618338175396 872.428027905526 873.243119335818 874.166935684491 874.890323832959 875.721997226539 876.660762466359 877.609577380899 878.352059911336 879.205591347434 880.064147620891
845.309734398119 845.662980464541 846.036325880404 846.428828488702 846.840048616168 847.269420968597 847.71631744132 848.1800471192 848.718458442346 849.278979049876 849.728325130812 850.255493380365 850.796731174525 851.421758131668 851.919217030327 852.499711366365 853.162236172308 853.844357843955 854.462538460194 855.012130046466 855.650158770278 856.379890775913 857.038961006171 857.707327185544 858.299567078911 859.152596031273 859.84834757426 860.552327288424 861.264346742365 861.984091883746 862.711374281169 863.44600550323 864.18779711853 865.026630905349 865.78305735946 866.546330154475 867.316009617124 868.092158557874 868.97276130525 869.663048337608 870.45760074519 871.354848266321 872.263338861045 873.076922840129 873.793527458161 874.617600785234 875.55140399816 876.387222882563 877.122921882564 878.071234313368 879.029784850293
844.805994452758 845.190771373616 845.549670382068 845.927789393423 846.375251160349 846.738923764294 847.170934156337 847.619589322136 848.084826451224 848.62700640239 849.121890071903 849.634360672177 850.160900817059 850.769722673714 851.254870720842 851.821232701804 852.400031155232 853.065194000789 853.740092468731 854.278440981409 854.903656369953 855.619318830979 856.266078209704 856.922447589881 857.504386566659 858.262948576649 859.027666012405 859.720653894843 860.422058379861 861.13137698372 861.848484085488 862.57325406423 863.305372867612 864.044777685165 864.791154464556 865.634887467801 866.39577346507 867.163380182308 868.034498549166 868.71775080922 869.504389097959 870.296994381064 871.196000595271 872.098587006098 872.808784956495 873.625635079863 874.551649794881 875.380685148848 876.11047996495 876.949816235505 877.900452653588
844.311676077448 844.635338413912 844.978157942812 845.339632180412 845.818185128504 846.168165050642 846.584472825935 847.017362564516 847.523991791359 847.990987613522 848.412194605241 848.907392327089 849.481605616426 850.069574398037 850.541155384292 851.092380042706 851.727393864102 852.304747676789 852.893784236339 853.418377256744 854.10533533435 854.800584393601 855.433839521921 856.07695589356 856.72968226665 857.391830209791 858.062897239246 858.742694923614 859.431034831495 860.210575537463 860.916313944704 861.630029281253 862.351281873843 863.171649383363 863.816084774809 864.55932103085 865.309403627794 866.252251547969 867.017659898862 867.692746798205 868.470214758762 869.352576199214 870.143297168309 870.940361994571 871.642583015659 872.649560422644 873.465028715738 874.286212761329 875.009475288863 875.945602489068 876.783682550283
843.826213977986 844.136058011709 844.464807996001 844.856619689162 845.223872489726 845.559657246322 845.95950867926 846.482280196122 846.918184837119 847.369917715801 847.777683267582 848.318544198941 848.814684077794 849.32457944892 849.781902459166 850.448635566397 850.999106499207 851.561951094017 852.136541246156 852.722625713757 853.319890444484 853.928021386002 854.546516054576 855.175248829271 855.889215407689 856.538612826028 857.19718057255 857.86479302632 858.626181507324 859.226084277666 859.919260591505 860.620539455589 861.503403379776 862.222331985087 862.857597048351 863.590406766869 864.42333636979 865.17140903179 865.926139603292 866.592181795387 867.547968671764 868.323615128779 869.105479822026 869.893751182908 870.688240780023 871.488634561036 872.295246578282 873.10769996896 874.024293113928 874.849120166605 875.679725782247
843.305263964667 843.601101264249 844.001455180923 844.337114316584 844.690423193474 845.013771477603 845.448545530194 845.852479643487 846.272430425866 846.707958204062 847.214650241371 847.681583253068 848.162837051241 848.658034773089 849.166862366277 849.688817347068 850.22352285266 850.770539209785 851.396257082064 851.968334815523 852.55178124351 853.146219503222 853.751335542324 854.44438623523 854.992281938893 855.627672623091 856.348799594747 857.086571340158 857.751859806649 858.341336039468 859.022892416912 859.799543841399 860.498624339137 861.205618955717 861.830583102392 862.728458728193 863.459070080367 864.196967446713 864.941836774896 865.693740875383 866.452491316773 867.217962478133 867.989840307127 868.861523968188 869.647220099923 870.439071657424 871.237267072092 872.041492291592 872.851810126392 873.667969334623 874.489969916285
842.83519042962 843.155398190399 843.459338040224 843.780802010343 844.166835140541 844.523787024516 844.897446492714 845.287373871866 845.693129488702 846.114587722289 846.550994847022 847.002225241969 847.467839233858 848.005936504669 848.500380500913 849.008077505694 849.528587845744 850.061597468728 850.675758215078 851.163858354155 851.732355890995 852.380873962796 853.047293017693 853.650901605587 854.187554235657 854.810005963652 855.522088228059 856.16495335783 856.817051626251 857.473232575026 858.227335041858 858.906755863425 859.594467666635 860.290344830556 860.99413611332 861.705715893991 862.42489574117 863.237977236518 863.972796889981 864.714776936681 865.463854566154 866.219841346996 866.982360416407 867.848328324971 868.52768633607 869.309990702586 870.193043058175 871.088657507164 871.790564475917 872.598621133905 873.412644786257
842.446456449341 842.721754726213 843.014514312912 843.324798019905 843.652040552988 843.996116291228 844.405263673282 844.783005821835 845.176450587139 845.637479414938 846.009191758659 846.447797249737 846.900597906358 847.426823998906 847.906695966805 848.401705257252 848.909590693434 849.496052023837 850.030255045693 850.507426163512 851.063675659286 851.702897781971 852.282826823805 852.943467315738 853.469756218752 854.157782074298 854.779856939491 855.411667427069 856.05264824283 856.70286219724 857.361995237964 858.108874501092 858.786348198181 859.47198725598 860.16579167449 860.86757302231 861.577017247103 862.294187159338 863.1099066943 863.837817196392 864.577850118616 865.324917813144 866.173738464216 866.935440997556 867.607324563082 868.381652000289 869.26024481272 870.142166579903 870.837415639154 871.6377466097 872.545609099755
841.945228922661 842.250864655095 842.5321927368 842.830668075996 843.186300940164 843.477301833787 843.825020579113 844.18863037259 844.616306842411 845.064145472139 845.424175068997 845.84927630967 846.344474031518 846.799410244018 847.208683247006 847.688743646306 848.244490658345 848.813051005651 849.333875398036 849.799300958525 850.342234635295 850.966633487767 851.533497952465 852.111165817487 852.625206679436 853.368819798279 853.978332570071 854.597706585183 855.22662779128 855.864844946492 856.51216961942 857.168413378663 857.833262171884 858.591447319072 859.269046637095 859.96002458459 860.658728219526 861.454222784113 862.169445571871 862.801381680383 863.530548391816 864.359332503914 865.192262106835 865.944543070124 866.608324085407 867.373355573497 868.241898711208 869.020874122974 869.70783220058 870.498992842944 871.491649463452
841.491360488101 841.744109807319 842.01356671076 842.343698525325 842.686141191423 842.96677835799 843.302249062251 843.653485193729 844.066966498007 844.450550019991 844.798143144383 845.208986409046 845.742372894832 846.184118909261 846.581771975854 847.048642177083 847.589377487508 848.083381810483 848.58969698499 849.042623262546 849.701944734671 850.24468998004 850.798678299002 851.363407207822 851.939002327433 852.524835553166 853.120969695487 853.72690227066 854.415619041343 855.041902207825 855.67735570249 856.321853904403 856.975334003097 857.72083143595 858.30798368149 858.986776398386 859.67379728646 860.538634606617 861.24349366732 861.866385068584 862.585376484362 863.403043143801 864.137548744928 864.879214739294 865.534076668262 866.473470012752 867.236868428701 868.006861943685 868.686031523383 869.566634270759 870.356224651447
841.042830943236 841.285342156333 841.544498143185 841.855409954847 842.148797646216 842.418505791525 842.787705716566 843.170535512946 843.526796481785 843.898131962704 844.234858876304 844.683828094438 845.097937503386 845.52573959414 845.911081809201 846.4781347053 846.946575168204 847.427703345444 847.921142374216 848.426641012652 848.943948018885 849.472686530112 850.0127309254 850.629906574167 851.192813979443 851.766336353643 852.350034023498 852.943906989007 853.623579052441 854.16067135578 854.783311515176 855.490180510822 856.212814933686 856.864724770705 857.442015772926 858.109816658097 858.8710167077 859.556278902698 860.249455216538 860.945583622327 861.743276553259 862.460572086428 863.185153633769 863.917021195282 864.656237581435 865.402300308491 866.155523428785 867.005851531066 867.773458248304 868.547722875044 869.328582600819
840.639022450876 840.872928629994 841.155387300104 841.423399562804 841.707114442255 841.96809193265 842.32096113627 842.6507788985 843.043344317266 843.403625155993 843.778415212597 844.167400434744 844.570329580565 844.986762976792 845.416763433891 845.859640036726 846.372424689334 846.841995740645 847.32406607489 847.818007587397 848.323820278169 848.841252905336 849.369865795629 849.977871116213 850.460192692326 851.088548604219 851.661254442348 852.317561012057 852.911496788033 853.439167521322 854.05106709086 854.750650072334 855.382209318045 856.098688315143 856.667123041516 857.407658447475 858.074831227976 858.750294990121 859.433798492043 860.125341733741 860.82461066288 861.615582873843 862.331119713936 863.054068189135 863.784302678506 864.521760371583 865.266252836964 866.017842885116 866.776279274171 867.632323128949 868.405080304481
840.159213293444 840.412402285931 840.65403415249 840.953577269625 841.227242474355 841.515856570232 841.819796420057 842.138496729628 842.471894688477 842.819613433803 843.18177858654 843.60819884702 843.999194004111 844.40363060114 844.821320206707 845.25207438941 845.695641907382 846.151834329221 846.679630683444 847.159879514145 847.653381353384 848.158314697617 848.740065242995 849.268929375156 849.740635982345 850.28953665348 850.919776879383 851.559061812535 852.141126410247 852.65843341648 853.334399662361 853.945168643494 854.56529638421 855.194406021707 855.832434745519 856.479131313777 857.212129463696 857.876789825517 858.549615548048 859.23060663129 859.91957464384 860.616268343833 861.320750541733 862.122337721619 862.837748940778 863.565408201002 864.300353475399 865.135669876065 865.791536772506 866.547711984749 867.310545106495
839.749877479989 839.967201695817 840.199788855128 840.447513336986 840.710437951858 841.031776301043 841.32541523428 841.633374953994 841.955906702051 842.33584721695 842.643555694795 843.008296076679 843.386540708968 843.828161102463 844.235738222842 844.654684037749 845.08631756699 845.5867285576 846.044554051581 846.45508326391 846.935332094611 847.489446034507 848.055619584068 848.572361296098 849.033452934363 849.638380542065 850.187155592266 850.746357179989 851.315545631966 851.894658137729 852.553791178454 853.153128654592 853.76169926938 854.37944021235 855.006288673035 855.6419305991 856.286240369612 856.939029553169 857.762097912771 858.349187347843 859.027666012405 859.714058795808 860.495546626254 861.198521372946 861.819779702068 862.536698372435 863.438342626256 864.171717638978 864.819419174708 865.566235627368 866.414616605171
839.317427414676 839.526335027927 839.750191532324 839.9889341174 840.275098605064 840.510575045856 840.793159336901 841.090127224889 841.487152186812 841.815022824565 842.113246921893 842.466995472051 842.880853639131 843.262741278506 843.607696363284 844.014017274323 844.540243366871 844.974138072924 845.420218009576 845.820320684382 846.348054228137 846.829496457712 847.322118950412 847.82592170624 848.340653483325 848.929941284743 849.467033588082 850.014363997542 850.571932513123 851.139362272024 851.716590463777 852.303491467449 852.899876851638 853.654042128937 854.193207177687 854.817731651093 855.451175210814 856.173872444145 856.825405418362 857.40231955778 858.069241096413 858.90958233444 859.594656098036 860.28732992814 860.899983223283 861.695980271606 862.411517111699 863.134402776431 863.772996794445 864.68965274988 865.435024561799
838.849929108777 839.050106067114 839.264980674729 839.535316924708 839.811306116717 840.038617196799 840.311654296859 840.598886562462 840.938565568012 841.255130321704 841.543367554779 841.933483365332 842.335156301813 842.706240540864 843.041271571855 843.436349409301 843.895619544024 844.317140588078 844.750595620862 845.195984642377 845.710527988062 846.180350281241 846.661290027079 847.153535656978 847.656647497668 848.170499928216 848.694778896286 849.294556045693 849.909407707181 850.396502878785 850.962299565544 851.537769064221 852.196588052611 852.791968469328 853.320644170088 853.933171844297 854.707122418702 855.339309769082 855.980102153442 856.547657533277 857.20408972392 857.952476438255 858.626181507324 859.307863505703 859.99249759603 860.777377191694 861.483178409401 862.196328451748 862.826443056717 863.64486344176 864.380059958025
838.463581926244 838.656849733211 838.864438326654 839.114800848126 839.393993373952 839.614144060796 839.878890179212 840.193193756093 840.487083931197 840.794729598576 841.07480147094 841.449905579879 841.79731027287 842.207148570062 842.533762998475 842.967846135929 843.366818222329 843.778101160262 844.201380897392 844.636594623252 845.083302664574 845.599290651 846.06992948025 846.551748572626 847.044371065327 847.547796958353 848.061775009834 848.586116788371 849.188217925058 849.731402843695 850.286898613866 850.852192816889 851.49945467935 852.084785421346 852.604604846259 853.207145656214 853.895673995496 854.591237107082 855.22241948999 855.781369835846 856.509782821674 857.165900959983 857.830310079935 858.502696129197 859.183059107769 859.871084963315 860.649620701811 861.353977278777 862.06574549085 862.784925338029 863.511454009847
838.041998071723 838.227979864517 838.453720682925 838.66922339521 838.89848159977 839.110466925903 839.398201675242 839.712002768386 839.996659804842 840.294444228901 840.605670092898 840.929834913098 841.267064310435 841.616918611639 841.979460627177 842.35450192565 842.793421469063 843.193838196204 843.606188912076 844.03022237481 844.465938584407 844.913086298998 845.371477087182 845.900278408876 846.381092533781 846.873212542745 847.375884710167 847.953866627524 848.478459647929 848.945769522428 849.489017251533 850.111971463264 850.74403319271 851.318246482047 851.828330284575 852.494560908071 853.096285181955 853.706928542153 854.326239746798 854.95421879589 855.666740733566 856.312495144819 856.96647772725 857.62862567039 858.298624921906 858.976726723665 859.662617023333 860.356107389508 861.140798553771 861.850305589031 862.567412690799
837.585931270818 837.787427248962 838.020202839673 838.227854243583 838.449072708366 838.683858234022 838.932022389149 839.193439552813 839.468109725015 839.755970095288 840.102118578939 840.416610587221 840.743853120304 841.083783367721 841.436024466672 841.800639227621 842.177502029636 842.566298820382 843.070855301813 843.433083265017 843.857870453355 844.294026336221 844.798143144383 845.257978573308 845.669198700774 846.149259100074 846.701865588763 847.266092013846 847.779630392059 848.237141833705 848.836730551711 849.379978280816 849.93289882184 850.495178122446 851.066816182636 851.717721052183 852.308767546677 852.908607506551 853.517303742273 854.134667822441 854.760511315654 855.394897032379 856.037510920282 856.848331238818 857.426187535241 858.094176851813 858.770080287227 859.539634128942 860.145001409913 860.843956286717 861.550574040495
837.191858400844 837.365089668837 837.551448324433 837.751059988567 837.963861850772 838.230931956467 838.470742319482 838.723680070101 838.989556776923 839.304048785205 839.559875817306 839.864192529933 840.180945715027 840.599765909 840.899999941272 841.254627837968 841.621189723395 842.047735604809 842.43935886657 842.791662775987 843.20483002793 843.738279324182 844.176256710591 844.625288739192 845.02702448614 845.555574565966 846.036577122272 846.527817784699 847.029422174181 847.604075136787 848.126658222248 848.658976930094 849.200905639392 849.752507160608 850.31321619954 850.883472429456 851.462647745686 852.050867769165 852.795171803145 853.326611164453 853.942028120144 854.56592448888 855.277881132354 855.919615673718 856.487673537289 857.144608211669 857.97270140863 858.647474255638 859.244173692162 859.933330136114 860.717895679443
836.779507684972 836.94614385393 837.12571897909 837.318233060453 837.550192115093 837.741889660385 837.973032178954 838.259008235217 838.54956945557 838.821224725356 839.069200449082 839.364346833527 839.711186232315 840.032336150099 840.323462664656 840.667287161028 841.117952261771 841.487905912416 841.869291068055 842.212487459757 842.666481515251 843.081972754473 843.508393014953 843.945742296692 844.451178124661 844.910825122185 845.3811498991 845.861712782137 846.352513771295 846.853364435173 847.36407634237 847.884712303354 848.47990428867 849.08885176626 849.570733669103 850.130186498694 850.698746846001 851.349086421346 851.936741150621 852.458068026742 853.134913619161 853.825703135255 854.448720157453 855.080090971763 855.639292559486 856.367454303446 857.023321199887 857.687039404703 858.354714668939 859.119557725629 859.807709202109
