app/data/climate/rcp85/2050/Temperature.asc
ncols        365
nrows        372
xllcorner    10.224615574000
yllcorner    43.742729801000
cellsize     0.000500000000
NODATA_value  -9999
[rows 220 to 241 of 372, columns 51 to 101 of 365]
-9999 -9999 -9999 -9999 -9999 -9999 -9999 -9999 -9999 -9999 -9999 -9999 -9999 18.2545887886917 18.2534520293294 18.2523030943556 18.2511541593818 18.2499930487965 18.2488319382112 18.2476719344996 18.2465229995258 18.2452113541077 18.2441897096175 18.2430285990322 18.2418685953207 18.2405458811649 18.2393725949682 18.2383520573517 18.2371798780287 18.2358560569992 18.2346728089384 18.2336511644482 18.232316274681 18.2311330266203 18.2299486716858 18.2287643167513 18.2275810686906 18.2263967137561 18.2252012900839 18.2240180420232 18.2228226183511 18.2216271946789 18.2204428397444 18.2192474160722 18.2180519924 18.2166938582836 18.215650076318 18.2144546526458 18.2132470533621 18.2119010948572 18.2106934955735
-9999 -9999 -9999 -9999 -9999 -9999 -9999 -9999 -9999 -9999 -9999 -9999 -9999 18.2545190556442 18.2533701206704 18.2522211856966 18.25092171589 18.2499233157489 18.2487743807751 18.2476132701898 18.2463138003832 18.2451416210602 18.2441321521815 18.2429710415962 18.2416593961781 18.2404872168551 18.2393272131436 18.2382933930419 18.2369817476238 18.2358095683008 18.2346263202401 18.2336046757499 18.2322697859826 18.2310976066596 18.2299143585989 18.2287300036644 18.22754564873 18.2263624006692 18.2251780457348 18.2239947976741 18.2226599079068 18.2216150190674 18.2204195953952 18.2192363473345 18.2178892819558 18.2166938582836 18.215650076318 18.2144546526458 18.213107587267 18.2119121635949 18.2107167399227
-9999 -9999 -9999 -9999 -9999 -9999 -9999 -9999 -9999 -9999 -9999 -9999 -9999 -9999 18.2532893188851 18.2520009178162 18.2508519828424 18.2498535827014 18.2486935789899 18.2473930023095 18.2462440673357 18.2450829567504 18.2440734878716 18.2427618424535 18.241601838742 18.240429659419 18.2392685488337 18.2380963695107 18.2369352589254 18.2357630796024 18.2345909002794 18.2334187209564 18.2322354728957 18.2310632935727 18.2298789386382 18.2287067593152 18.2275235112545 18.2263391563201 18.2251548013856 18.2238320872298 18.2226366635576 18.2216039503297 18.2204195953952 18.2190736368902 18.2178892819558 18.2166938582836 18.2156611450557 18.2143151865507 18.2131308316162 18.211935407944 18.2107399842719
-9999 -9999 -9999 -9999 -9999 -9999 -9999 -9999 -9999 -9999 -9999 -9999 -9999 -9999 18.2532306545753 18.2519433603802 18.2507933185326 18.2497838496538 18.2484954485849 18.2473354448734 18.2461865098996 18.2450253993143 18.2438764643405 18.2427153537552 18.2415553500437 18.2403831707207 18.2392220601354 18.2380620564238 18.2368898771008 18.2357165909041 18.2345565871925 18.2333844078695 18.2322122285465 18.2310278736121 18.2298556942891 18.2285329801333 18.2275002669054 18.2263159119709 18.2251437326479 18.2238088428806 18.2226255948199 18.2215917747182 18.2204085266575 18.2190736368902 18.2178892819558 18.2167060338951 18.2155216789606 18.2143262552884 18.2131430072277 18.2119586522932 18.210763228621
-9999 -9999 -9999 -9999 -9999 -9999 -9999 -9999 -9999 -9999 -9999 -9999 -9999 -9999 -9999 18.2518614517211 18.2507246923588 18.2497141166063 18.2484257155374 18.2472767805636 18.2461278455898 18.2449678418782 18.2438067312929 18.2426577963191 18.2414966857338 18.2403366820223 18.2390250366042 18.2380155677255 18.2368433884025 18.2356822778172 18.2343706323991 18.2333379191712 18.2321657398482 18.2310046292629 18.2296819151071 18.2285097357841 18.2274770225562 18.2263048432332 18.2249810222036 18.2237977741429 18.2226255948199 18.2215917747182 18.220256884951 18.219084705628 18.2179014575672 18.2167171026328 18.2155338545721 18.2143494996376 18.2131662515769 18.2119818966424 18.2106470068751
-9999 -9999 -9999 -9999 -9999 -9999 -9999 -9999 -9999 -9999 -9999 -9999 -9999 -9999 -9999 18.2517917186736 18.2506427836998 18.2495060243374 18.2483559824898 18.247207047516 18.2460581125422 18.2449091775684 18.2437602425946 18.242600238883 18.2414391282977 18.2401396584911 18.2389785479058 18.2379690790271 18.2368079684418 18.2354963230237 18.2343241437007 18.233314674822 18.232142495499 18.2308308500809 18.2296586707579 18.2284864914349 18.2274648469447 18.2261421327889 18.2249699534659 18.2237977741429 18.2226134192084 18.2214412398854 18.2202690605624 18.219084705628 18.217912526305 18.2167292782442 18.2155570989212 18.2143727439868 18.2131894959261 18.2120173166031 18.2106934955735
-9999 -9999 -9999 -9999 -9999 -9999 -9999 -9999 -9999 -9999 -9999 -9999 -9999 -9999 -9999 -9999 18.2505852262637 18.2494362912899 18.2482873563161 18.24714949008 18.2460005551061 18.2446999784258 18.2437026851585 18.2425537501847 18.2413926395994 18.2400931697928 18.2389320592075 18.2379225903287 18.2366220136484 18.2354620099368 18.2343008993515 18.2332792548613 18.231968716317 18.2307954301202 18.2296354264087 18.2284632470857 18.2273021365004 18.2261299571774 18.2249577778544 18.2237855985314 18.2226134192084 18.2214412398854 18.2202690605624 18.2190968812394 18.2179247019164 18.2166008808869 18.215568167659 18.214395988336 18.213223809013 18.2119010948572 18.2107289155342
-9999 -9999 -9999 -9999 -9999 -9999 -9999 -9999 -9999 -9999 -9999 -9999 -9999 -9999 -9999 -9999 18.2503638515096 18.2493665582423 18.2482286920062 18.2470797570324 18.2457913559635 18.2446534897274 18.2436440208487 18.2424950858748 18.2411956160682 18.2400466810944 18.2388977461206 18.2378761016304 18.23657552495 18.2354265899762 18.2342665862647 18.2332449417745 18.2319332963564 18.2307843613825 18.2296121820595 18.2284510714743 18.2272788921513 18.2261188884397 18.2249467091167 18.2237855985314 18.2224739531133 18.2214412398854 18.2202801293001 18.2191079499771 18.217796304559 18.216624125236 18.2156035876196 18.2144314082966 18.2131197628785 18.2119475835555 18.2107754042325
-9999 -9999 -9999 -9999 -9999 -9999 -9999 -9999 -9999 -9999 -9999 -9999 -9999 -9999 -9999 -9999 -9999 18.2493078939325 18.2481711345702 18.2468827335013 18.2457448672651 18.2445959322913 18.2435975321503 18.2423091310814 18.2411491273699 18.240000192396 18.2388512574222 18.2377023224484 18.2365412118631 18.2353922768893 18.234231166304 18.2330822313302 18.2319222276187 18.2307611170334 18.2296000064481 18.2282894679037 18.2272678234135 18.2261067128282 18.2249467091167 18.2236350636986 18.2224739531133 18.2214523086231 18.2202923049116 18.2189806594935 18.2178084801705 18.2166473695852 18.2156268319688 18.2143151865507 18.2131430072277 18.2119818966424 18.2108207860571
-9999 -9999 -9999 -9999 -9999 -9999 -9999 -9999 -9999 -9999 -9999 -9999 -9999 -9999 -9999 -9999 -9999 18.249238160885 18.2479619354275 18.2468240691914 18.2456873098291 18.244549443593 18.2434005086191 18.2422515736453 18.2411026386715 18.2399647724354 18.2388158374616 18.23765583375 18.2365057919025 18.2353568569286 18.2342079219548 18.2330479182433 18.2318989832695 18.2307378726842 18.2295767620989 18.2282772922923 18.2272678234135 18.2261067128282 18.2249467091167 18.2236350636986 18.2224739531133 18.2214644842346 18.2201528388165 18.2189917282312 18.2178317245197 18.2166706139344 18.2155106102229 18.2143494996376 18.2131894959261 18.2120283853408 18.2108672747555
-9999 -9999 -9999 -9999 -9999 -9999 -9999 -9999 -9999 -9999 -9999 -9999 -9999 -9999 -9999 -9999 -9999 18.2491806034489 18.2479043779915 18.2467665117554 18.2456286455192 18.2444797105454 18.2433429511831 18.242205084947 18.2410672187108 18.239918283737 18.2386298826681 18.2376204137894 18.2364714788156 18.2353225438418 18.2340341427728 18.2330246738941 18.2318757389203 18.230714628335 18.2294262272661 18.2282662235546 18.2272556478021 18.2260956440905 18.2247950674102 18.2236461324363 18.2224861287248 18.2214755529723 18.220165014428 18.2190149725804 18.2178549688689 18.2166938582836 18.2155449233098 18.2143849195982 18.213223809013 18.2120748740391 18.2107754042325
-9999 -9999 -9999 -9999 -9999 -9999 -9999 -9999 -9999 -9999 -9999 -9999 -9999 -9999 -9999 -9999 -9999 -9999 18.2478346449439 18.2467078474455 18.2455710880832 18.244293755752 18.2432964624847 18.2421585962486 18.2410096612748 18.2397334358173 18.2385833939698 18.2375861007025 18.2364371657287 18.2351487646598 18.233999829686 18.2330014295449 18.2318524945711 18.2305519178907 18.2294029829169 18.2282540479431 18.2272445790644 18.2259561779955 18.2247950674102 18.2236461324363 18.2224971974625 18.221337193751 18.2201882587772 18.2190271481919 18.2178782132181 18.2165776365377 18.2155803432704 18.2144192326851 18.2132702977113 18.2119818966424 18.2108329616686
-9999 -9999 -9999 -9999 -9999 -9999 -9999 -9999 -9999 -9999 -9999 -9999 -9999 -9999 -9999 -9999 -9999 -9999 18.2477759806341 18.2466392212717 18.2455013550356 18.2442361983159 18.2432377981749 18.2421010388125 18.2408237064813 18.239686947119 18.2385490808829 18.2375506807418 18.2362622796729 18.2351255203106 18.2339765853368 18.2329781851958 18.2316897841268 18.230540849153 18.2293919141792 18.2282429792054 18.2270940442316 18.225944002384 18.2247950674102 18.2236461324363 18.2224971974625 18.2213482624887 18.2201993275149 18.2190503925411 18.217912526305 18.2166130564983 18.2156146563573 18.2144657213835 18.2133167864097 18.2120283853408 18.2108905191047
-9999 -9999 -9999 -9999 -9999 -9999 -9999 -9999 -9999 -9999 -9999 -9999 -9999 -9999 -9999 -9999 -9999 -9999 -9999 18.2465805569619 18.2453154002422 18.2441786408798 18.2431913094765 18.2420656188519 18.2407893933944 18.2396515271583 18.238514767796 18.237516367655 18.2362279665861 18.2350901003499 18.2339533409876 18.2328154747515 18.2316665397777 18.2305286735415 18.2293797385677 18.2282429792054 18.2270940442316 18.225944002384 18.2248072430216 18.2236583080478 18.2223699069789 18.2213715068379 18.2202225718641 18.2190736368902 18.2177852358213 18.2166473695852 18.215650076318 18.2145000344704 18.2132127402752 18.2120748740391 18.210937007803
-9999 -9999 -9999 -9999 -9999 -9999 -9999 -9999 -9999 -9999 -9999 -9999 -9999 -9999 -9999 -9999 -9999 -9999 -9999 18.2463835334307 18.2452578428061 18.2441321521815 18.2431448207781 18.2418685953207 18.2407429046961 18.23960503846 18.2384682790976 18.2373414815992 18.2362047222369 18.2350668560008 18.2339300966384 18.2327922304023 18.2316432954285 18.2305054291924 18.22936866983 18.2280802687611 18.2270818686201 18.225944002384 18.2248072430216 18.2235188419527 18.2223809757166 18.2213836824494 18.2202458162132 18.2189574151443 18.2178195489082 18.2166827895459 18.2156843894049 18.2144081639474 18.2132702977113 18.2121324314752 18.2109956721129
-9999 -9999 -9999 -9999 -9999 -9999 -9999 -9999 -9999 -9999 -9999 -9999 -9999 -9999 -9999 -9999 -9999 -9999 -9999 -9999 18.2451991784963 18.2440734878716 18.242947797247 18.2418221066224 18.2406964159977 18.2395585497616 18.238432859137 18.2372960997746 18.2361693022762 18.2350325429139 18.2339068522892 18.2327689860531 18.231631119817 18.2304943604547 18.2293564942185 18.2280802687611 18.2270818686201 18.225944002384 18.2246677769265 18.2235299106904 18.2223931513281 18.2213947511871 18.2201185257296 18.2189806594935 18.2178549688689 18.2167060338951 18.2155803432704 18.2144424770343 18.2133167864097 18.2121789201736 18.2110532295489
-9999 -9999 -9999 -9999 -9999 -9999 -9999 -9999 -9999 -9999 -9999 -9999 -9999 -9999 -9999 -9999 -9999 -9999 -9999 -9999 18.2451416210602 18.2440159304356 18.2428902398109 18.241775617924 18.2406499272994 18.2395242366747 18.2382469043435 18.237260679814 18.2361349891893 18.2350092985647 18.2337319662335 18.2327457417039 18.2316078754678 18.2304821848432 18.2292059593858 18.2280680931496 18.2270818686201 18.225944002384 18.2246677769265 18.2235420863019 18.2224042200658 18.2212674607035 18.2201417700788 18.2190039038427 18.2178782132181 18.2167525225934 18.2156146563573 18.2144889657327 18.213363275108 18.2122375844834 18.2109724277637
-9999 -9999 -9999 -9999 -9999 -9999 -9999 -9999 -9999 -9999 -9999 -9999 -9999 -9999 -9999 -9999 -9999 -9999 -9999 -9999 -9999 18.2438299756421 18.2428437511126 18.2417180604879 18.240603438601 18.2393382818813 18.2382125912566 18.2372263667271 18.2360995692287 18.2348355193827 18.2337087218843 18.2327224973548 18.2315968067301 18.2303205812727 18.2291937837743 18.2280680931496 18.2270818686201 18.2258056431627 18.2246788456643 18.2235420863019 18.2224163956773 18.2212907050526 18.220165014428 18.2190382169296 18.2179014575672 18.2166363008475 18.2156611450557 18.214535454431 18.2134097638064 18.2121556758244 18.2110299851997
-9999 -9999 -9999 -9999 -9999 -9999 -9999 -9999 -9999 -9999 -9999 -9999 -9999 -9999 -9999 -9999 -9999 -9999 -9999 -9999 -9999 18.243772418206 18.2427972624142 18.2416826405273 18.2404174838075 18.2392917931829 18.238177171296 18.2371909467664 18.2359379656582 18.2348122750335 18.2336854775351 18.2326992530056 18.2314340962859 18.2303084056612 18.2291827150366 18.2280570244119 18.2269313337873 18.2258056431627 18.2246788456643 18.2235531550396 18.222427464415 18.2213017737903 18.2201760831657 18.2190614612788 18.2179357706541 18.2166706139344 18.2156965650163 18.2145697675179 18.2133167864097 18.2122021645227 18.2110886495096
-9999 -9999 -9999 -9999 -9999 -9999 -9999 -9999 -9999 -9999 -9999 -9999 -9999 -9999 -9999 -9999 -9999 -9999 -9999 -9999 -9999 18.2437137538962 18.2427385981044 18.2416250830912 18.2403709951092 18.239257480096 18.2381428582091 18.2371566336795 18.2359025456975 18.2347768550729 18.2336622331859 18.2325365425613 18.2314108519367 18.2302973369235 18.2291705394251 18.2280448488005 18.2269313337873 18.2258056431627 18.2246788456643 18.2235653306511 18.2223001739314 18.2213250181395 18.2201993275149 18.219084705628 18.2178195489082 18.2167060338951 18.2157308781032 18.2146162562163 18.213363275108 18.2122486532211 18.2111462069456
-9999 -9999 -9999 -9999 -9999 -9999 -9999 -9999 -9999 -9999 -9999 -9999 -9999 -9999 -9999 -9999 -9999 -9999 -9999 -9999 -9999 18.2436561964601 18.242692109406 18.2414391282977 18.2403245064108 18.2392109913977 18.2380963695107 18.2369817476238 18.2358682326106 18.2347536107237 18.2336279200991 18.2325132982121 18.231399783199 18.230285161312 18.2291594706874 18.2279064895791 18.2269191581758 18.2258056431627 18.2246910212757 18.223425864556 18.2223112426691 18.221337193751 18.2202225718641 18.2189695907558 18.2178549688689 18.216740346982 18.2157651911901 18.2145232788196 18.2134097638064 18.2122951419195 18.211192695644
-9999 -9999 -9999 -9999 -9999 -9999 -9999 -9999 -9999 -9999 -9999 -9999 -9999 -9999 -9999 -9999 -9999 -9999 -9999 -9999 -9999 -9999 18.2424950858748 18.2413926395994 18.2402780177125 18.2391645026993 18.2380498808124 18.2369474345369 18.23583281265 18.2347192976368 18.2336046757499 18.2324900538629 18.2313765388498 18.2302619169629 18.2290089358546 18.2278943139677 18.2269191581758 18.2258056431627 18.2245515551806 18.2234380401675 18.2223234182805 18.2213482624887 18.2201063501182 18.2189917282312 18.2178782132181 18.2167757669426 18.2156611450557 18.2145586987802 18.2134562525048 18.2123538062293 18.2112502530801
