app/data/climate/rcp85/2050/Temperature.asc
ncols        365
nrows        372
xllcorner    10.224615574000
yllcorner    43.742729801000
cellsize     0.000500000000
NODATA_value  -9999
[rows 154 to 175 of 372, columns 153 to 203 of 365]
18.2581750597083 18.2577112795984 18.2572120795279 18.256666390759 18.2561096332525 18.2553669209524 18.2546474530016 18.2539622981376 18.2531387840523 18.2521282082998 18.2511652281195 18.2501325148916 18.2491806034489 18.2478689580308 18.2466270456603 18.2453154002422 18.2439229530388 18.2424485971765 18.2409056151403 18.2392807244452 18.2374931233058 18.2356822778172 18.2337906305433 18.2318060058728 18.2297284038055 18.2275578243414 18.225283198743 18.2229155957478 18.2202801293001 18.2177044340361 18.2146627449147 18.2122143401342 18.2093121171079 18.2062837104717 18.2027549968912 18.1994819711517 18.1962554341106 18.1927388961416 18.1886412494431 18.1848690236331 18.1809584386018 18.1774297250213 18.172752076467 18.1680401148258 18.1635716654141 18.1589526811697 18.1541931239564 18.149284138784 18.1442235119051 18.1390012814557 18.1336274092998
18.2573626143607 18.2568988342509 18.2565036803148 18.2560166558557 18.2554709670869 18.2547979878344 18.2541947416294 18.2535682510753 18.2528133631638 18.2518846960703 18.2509914489375 18.2500395374948 18.2491573590997 18.2479386910784 18.2467775804931 18.245547843734 18.2442472670536 18.2428669954617 18.2414158839486 18.2398839706501 18.2382701486927 18.2362744552844 18.2347071220253 18.2328265434892 18.2308651631678 18.228544048871 18.2266524015971 18.2244010203478 18.2220677304396 18.2191311943263 18.2165665678 18.214222209154 18.211448383485 18.2082096708324 18.2052034016716 18.2020820176387 18.1992617032714 18.1952105452712 18.1917172516514 18.1880955606742 18.1843587548248 18.1804935516181 18.1764899891901 18.1723580294047 18.1680866035242 18.1632584201371 18.1586848177172 18.1539617873383 18.1490981839906 18.14408404581 18.1382585691557
18.2563763898312 18.2560288314672 18.2556801662295 18.2552506992065 18.2547050104377 18.2541714972803 18.2535914954245 18.2530336310441 18.2523030943556 18.2515482064441 18.250747936708 18.2498768270506 18.2489370912194 18.2479386910784 18.2468827335013 18.2457570428766 18.2445383748553 18.2432499737864 18.2419029084076 18.2404761481174 18.2389663722944 18.2371798780287 18.2357165909041 18.2339644097253 18.2320262737531 18.2298446255514 18.2280680931496 18.225944002384 18.2237391098331 18.2211390633461 18.2187139029148 18.2165200791016 18.2133743438457 18.2106359381374 18.2077802038094 18.204820423347 18.2017565967502 18.1985654796697 18.1952570339696 18.1918334733973 18.1879682701906 18.1842890217773 18.1804703072689 18.1765364778885 18.1724620755391 18.1677146939373 18.1639081550404 18.1589637499074 18.1543215213137 18.1489122291971 18.1439456865887
18.2553082566426 18.2550182557147 18.2547282547868 18.2543917651606 18.2539744737491 18.2534985180278 18.2529871423458 18.2524182092277 18.2518038942851 18.2511309150326 18.2503992714703 18.2496443835588 18.2487976251243 18.2478811336423 18.2469059778504 18.2458721577488 18.2446191766405 18.2435864634126 18.242344551042 18.2409864169256 18.2394080149288 18.2379225903287 18.2365522806008 18.234916321168 18.2329781851958 18.2311562709694 18.2294959603136 18.2273951138972 18.2250507552512 18.2228691070494 18.2205823058395 18.2185047037722 18.2157308781032 18.2131430072277 18.2104610520817 18.2074437141832 18.2045304224191 18.2015130845207 18.1983795248763 18.195129743486 18.1913220977153 18.1882704467299 18.1843122661265 18.1805632846657 18.1761878126507 18.1721598989997 18.1685271392848 18.1642446446666 18.1592659264467 18.1546812552892 18.1494700935775
18.2542755434147 18.2540430999229 18.2537652746065 18.2534520293294 18.2531033640917 18.2526971414179 18.2523263387048 18.2518271386343 18.2512814498654 18.2506782036604 18.2500273618834 18.2492270921473 18.2485651816325 18.2477416675472 18.2468705578898 18.2457913559635 18.2447697114733 18.2438299756421 18.2426810406683 18.2412996622027 18.240000192396 18.2386298826681 18.2373071685123 18.2355782316827 18.2339644097253 18.2322697859826 18.230714628335 18.22862595753 18.2266756459463 18.2246334638397 18.2223466626297 18.2201063501182 18.2177619914722 18.2153357241671 18.21279434199 18.2101599824161 18.207420469834 18.204333398888 18.2013625496879 18.1982743718681 18.1946770321138 18.1917748090875 18.1883401797775 18.1843355104757 18.1806451933247 18.1764545692294 18.1729955886965 18.1683998488012 18.1641638428814 18.1597994396041 18.1552845014941
18.253092295354 18.253010386695 18.2528011875523 18.2525466065851 18.2522566056572 18.251920116031 18.251490649008 18.2511187394211 18.2506427836998 18.2501668279784 18.2495170930751 18.2488784269095 18.2482873563161 18.2475435371423 18.2466392212717 18.2457802872258 18.2448516201323 18.2439805104749 18.2427972624142 18.2416593961781 18.2404639725059 18.2391988157862 18.2378528572812 18.2364371657287 18.2348698324696 18.2332914304728 18.231631119817 18.2298911142497 18.2280570244119 18.2261421327889 18.2241453325069 18.2220444860904 18.2197001274444 18.2174022574967 18.2150114101524 18.2122143401342 18.2099507832735 18.2072577593897 18.2044606893716 18.2011876636321 18.1978803248057 18.195129743486 18.1918799620957 18.1880844919365 18.1845790227052 18.1809584386018 18.1776854128623 18.1733320783227 18.1688990488717 18.1647438447371 18.1604491745074
18.2520706508638 18.2519311847687 18.2518736273326 18.2516754969277 18.2514319846982 18.2511187394211 18.2507933185326 18.2504690045178 18.250062781844 18.2495403374243 18.2490765573145 18.2485076241964 18.2479730041652 18.2472192231275 18.2464875795652 18.2457105541783 18.24486268887 18.2439572661257 18.2429710415962 18.2419261527568 18.2408237064813 18.2396404584206 18.2383985460501 18.2370747250205 18.2356822778172 18.2342200975663 18.2325830312597 18.2309470718268 18.2292292037349 18.2274305338578 18.2253064430922 18.2235763993888 18.221510972933 18.2193636378181 18.2166363008475 18.21427976659 18.2121324314752 18.2095799805603 18.2065847801373 18.2038231300798 18.2009563270141 18.1983441049156 18.1945718791056 18.191357517676 18.1880147588889 18.1845679539675 18.1809927516886 18.1772902589262 18.1734715444178 18.1690960724029 18.1649873569667
18.2508862959293 18.2508165628818 18.2507125167473 18.2505730506522 18.2503760271211 18.250236561026 18.2499698044473 18.2497030478686 18.249320069544 18.2489249156079 18.2484843798472 18.2479962485144 18.247462735357 18.2469059778504 18.2462562429471 18.2455589124717 18.2447929558225 18.2439805104749 18.2430983320798 18.2421585962486 18.2411601961076 18.239918283737 18.2389088148583 18.2376901468369 18.2364139213795 18.2348809012073 18.2336168513614 18.2321070755383 18.2305286735415 18.2285329801333 18.2267564477316 18.2251437326479 18.2232166654134 18.2209420398149 18.2188301246607 18.216624125236 18.2146162562163 18.2117029644522 18.209195895362 18.2065847801373 18.2038806875158 18.2010603731485 18.1981470813844 18.1951175678745 18.1916475186038 18.1883866684758 18.1849974209904 18.1814919517592 18.177870260782 18.1741102105834 18.1697458073062
18.2496798035194 18.2496443835588 18.2495978948604 18.2495170930751 18.2493776269801 18.2492149165358 18.2490178930046 18.248808693862 18.248577357244 18.2482519363554 18.2478811336423 18.247462735357 18.2469989552472 18.2464875795652 18.2459308220586 18.2453154002422 18.2445726879421 18.2439229530388 18.2431337520404 18.2422858867322 18.2412653491158 18.2402780177125 18.2393725949682 18.2382701486927 18.2368898771008 18.2356357891188 18.2344746785335 18.2330822313302 18.2314230275481 18.2298678699005 18.2282308035939 18.2266059128988 18.2245747995298 18.222683152256 18.2207095963231 18.2186441698673 18.2164857660147 18.2142332778917 18.2118889192457 18.2092191397111 18.2066666887963 18.2040201536109 18.2012695722911 18.1984027692254 18.195442988763 18.1919729394924 18.1891869382119 18.1855198654101 18.1820951979641 18.1780916355361 18.1744002115113
18.2482984250538 18.2483327381407 18.2484378911489 18.2483914024505 18.248321669403 18.2482286920062 18.2480892259111 18.2479154467292 18.2476951788488 18.2474394910078 18.247207047516 18.2468240691914 18.2464765108275 18.246034868193 18.2455589124717 18.244944597529 18.2443524200618 18.2437956625552 18.2431105076913 18.2422515736453 18.2414158839486 18.2405337055534 18.2397101914682 18.2385723252321 18.2375041920435 18.2363552570697 18.2352417420565 18.2337906305433 18.2324203208154 18.2309813849137 18.2294727159645 18.22788324523 18.2262118658365 18.2244585777839 18.2224739531133 18.2205358171411 18.2185279481214 18.2164160329672 18.214222209154 18.211935407944 18.2092545596718 18.2070729114701 18.2042404214913 18.2015473976075 18.198390593614 18.1954773018499 18.192842942276 18.1897326269808 18.1860876916544 18.1823619545428 18.178868660923
18.2469867796357 18.2470686882947 18.2471140701193 18.2471373144685 18.2471262457308 18.2471838031668 18.2471030013816 18.2469867796357 18.2468362448029 18.2466392212717 18.2464178465176 18.2461046012406 18.2458378446619 18.2455245993848 18.245118376711 18.2445959322913 18.2440856634831 18.2435975321503 18.2429832172077 18.2422283292961 18.2415088613453 18.2407074847354 18.2399647724354 18.2389431279452 18.2379690790271 18.2369241901877 18.2358217439123 18.2346495645893 18.2334076522187 18.2320030294039 18.2306105822006 18.2291362263382 18.2275921374283 18.2259672467332 18.2242615542528 18.2222415096215 18.2206055501887 18.2184703906853 18.2164271017049 18.2140130100113 18.2117616287621 18.2097305153931 18.2073164236996 18.2044728649831 18.2015706419567 18.1988322362484 18.1963484115073 18.1930399658072 18.1899761392103 18.1868193352168 18.1835341338658
18.2457570428766 18.2458843333602 18.2459651351455 18.246034868193 18.2460702881537 18.2460813568914 18.2460581125422 18.2460935325029 18.2460005551061 18.2458721577488 18.2456751342176 18.2454548663373 18.2452345984569 18.244944597529 18.2445616192044 18.2442251295782 18.2437834869437 18.2433540199208 18.2427507737158 18.2421475275109 18.2415088613453 18.2408004621321 18.2400345054829 18.2391988157862 18.2383166373911 18.2373647259484 18.2363552570697 18.2352760551434 18.2341271201696 18.2329195208859 18.2314695162465 18.2301811151776 18.2287421792759 18.2272324034529 18.2254459091872 18.2237623541822 18.2222304408838 18.2204085266575 18.2180641680115 18.2160441233803 18.2139322082261 18.2120173166031 18.209451583203 18.2070729114701 18.204589086729 18.2020122845912 18.1990525041287 18.1962554341106 18.1933653866957 18.1903591175349 18.1872598709774
18.2442361983159 18.244549443593 18.2446656653389 18.2447818870848 18.2448748644815 18.244944597529 18.2449678418782 18.2449678418782 18.2449324219176 18.244944597529 18.2448394445208 18.2446889096881 18.2445261992438 18.2442705114028 18.2440037548241 18.243690509547 18.2433307755716 18.2429599728585 18.2424950858748 18.2419848170666 18.2414269526863 18.2408126377436 18.2401396584911 18.2394190836665 18.2386298826681 18.2377598798845 18.2368544571402 18.2358793013483 18.2348355193827 18.2337319662335 18.2324092520777 18.2313300501514 18.2300184047333 18.2285208045218 18.2268726694775 18.2253175118299 18.2239018202773 18.2222071965346 18.2201993275149 18.2183309245902 18.2163806130065 18.214140300495 18.2120051409916 18.2097770040915 18.2074558897947 18.2050417981011 18.2025457977486 18.1999346825239 18.1972416586401 18.1941080989958 18.1908118289071
18.2428205067634 18.2430285990322 18.2431913094765 18.2433540199208 18.243632952111 18.2437491738569 18.2438299756421 18.2438764643405 18.2439107774274 18.2438997086897 18.2438532199913 18.2437834869437 18.2437369982454 18.2435742878011 18.24337726427 18.2431337520404 18.2428548198503 18.2425305058355 18.2421475275109 18.2417291292256 18.2412764178535 18.2406731716485 18.2401617959665 18.2395353054124 18.2388390818108 18.2379923233763 18.2372839241631 18.2364249901172 18.2354498343254 18.2343241437007 18.2332560105122 18.2322587172449 18.2310632935727 18.2296354264087 18.2283005366415 18.2268848450889 18.2254459091872 18.223681552397 18.2220334173527 18.2202923049116 18.218481459423 18.2165898121492 18.2146162562163 18.2123305618801 18.2101710511538 18.2076296689767 18.2055753112585 18.2031379752158 18.2006076617764 18.1976368125762 18.1948972999941
18.2413229065518 18.2415785943928 18.2417877935355 18.242031305765 18.2422161536847 18.2423910397404 18.2425305058355 18.2427507737158 18.2428315755011 18.2428780641994 18.2429013085486 18.2428902398109 18.2428315755011 18.2427507737158 18.2426223763585 18.242518330224 18.2422748179945 18.2420545501142 18.2417645491863 18.2414158839486 18.2409753481879 18.2405337055534 18.2401042385305 18.2395585497616 18.2388855705091 18.2382236599943 18.2375971694402 18.236831212791 18.2359025456975 18.2350092985647 18.234057387122 18.2330944069417 18.2318757389203 18.230714628335 18.2294848915759 18.228196490507 18.2268261807791 18.2253872448774 18.2237280410954 18.2221263947494 18.2204550153559 18.2187017273033 18.2168687443393 18.2149527458425 18.2129448768228 18.2106005181768 18.2084421143242 18.2061674887258 18.2034977091912 18.2010260600616 18.1984603266615
18.2396515271583 18.2399537036977 18.2403709951092 18.2406266829502 18.2408701951797 18.24109046306 18.241288593465 18.2414501970355 18.2415896631305 18.2417058848764 18.2418796640584 18.2419383283683 18.241949397106 18.2419261527568 18.2418685953207 18.2417523735748 18.2416129074797 18.2414623726469 18.2412996622027 18.2409974856633 18.2406731716485 18.2403134376731 18.2399537036977 18.2394423280157 18.2389320592075 18.2383631260894 18.2378174373205 18.2370636562828 18.2363320127205 18.2355317429844 18.2346838776762 18.2337673861941 18.2327922304023 18.2316776085154 18.2305640935022 18.2293797385677 18.2281378261972 18.2268261807791 18.2254337335758 18.2239826220626 18.222253685233 18.2206631076247 18.2189695907558 18.2171930583541 18.2151043875491 18.2131540759654 18.2113897191752 18.2092888727587 18.2068172236291 18.2042404214913 18.2018495741469
18.2382125912566 18.2385601496206 18.2388855705091 18.2393150375321 18.23960503846 18.239860726301 18.2401042385305 18.2403245064108 18.2405104612043 18.2406731716485 18.2408237064813 18.2410207300125 18.2410793943223 18.2411258830207 18.2411258830207 18.2410793943223 18.2410096612748 18.2409056151403 18.2407429046961 18.2405912629895 18.24034775076 18.2400577498321 18.2397212602059 18.2393382818813 18.2388977461206 18.2384217903993 18.2378871703681 18.2372839241631 18.2366341892598 18.2359379656582 18.235172009009 18.2343473880499 18.2334773852663 18.2325365425613 18.2315270736826 18.2302386726137 18.2292292037349 18.2280216044513 18.2267453789939 18.2252245344331 18.2238088428806 18.2224971974625 18.2209420398149 18.2188998577083 18.2171698140049 18.2153478997786 18.2136997647343 18.2114826965719 18.2094283388538 18.2072810037389 18.204762865911
18.2365987692992 18.2369817476238 18.2373414815992 18.2376901468369 18.2380266364632 18.2383398817402 18.2387925931124 18.2390250366042 18.2392685488337 18.2394888167141 18.2397101914682 18.2398717950387 18.2399880167846 18.2400931697928 18.2402547733633 18.2402780177125 18.2402780177125 18.2402315290141 18.2401507272288 18.2400234367452 18.239860726301 18.2396637027698 18.2394423280157 18.2391412583501 18.2387925931124 18.2383985460501 18.2379458346779 18.2374577033451 18.2369009458385 18.2363087683713 18.2355317429844 18.2348930768188 18.2341149445581 18.2332792548613 18.2322697859826 18.2313068058022 18.2304124517956 18.2293332498694 18.2279175583169 18.2266878215578 18.2253872448774 18.2241918212052 18.2225791061215 18.2210693302985 18.219479859564 18.2176225253771 18.2158703441983 18.2140362543605 18.2121324314752 18.2101367380669 18.2080702047373
18.2347768550729 18.235403345627 18.2357630796024 18.2361582335385 18.2365290362516 18.2369352589254 18.2372839241631 18.2375628563533 18.2378639260189 18.2382823243042 18.2385369052714 18.2387582800255 18.2389209904698 18.2391058383895 18.2392342357468 18.2393382818813 18.2393958393173 18.2395009923255 18.2394888167141 18.2394423280157 18.239349350619 18.2391988157862 18.2390482809534 18.2388390818108 18.2385723252321 18.2382469043435 18.2379225903287 18.237516367655 18.2370636562828 18.236483654427 18.235914721309 18.2353801012778 18.234660633327 18.2338371192417 18.2330357426318 18.2321768085859 18.2313765388498 18.230285161312 18.2292402724726 18.2281378261972 18.2268494251283 18.22559644402 18.2242847986019 18.2229034201363 18.2214412398854 18.2199203953247 18.2183187489787 18.2166473695852 18.2146749205261 18.2128408306883 18.2106702512243
18.2331287200285 18.2335814314007 18.2339765853368 18.2345676559302 18.2350436116516 18.2354498343254 18.23583281265 18.2361582335385 18.2365522806008 18.2368898771008 18.2371909467664 18.237573925091 18.237829612932 18.2380498808124 18.2382469043435 18.2384096147878 18.2385369052714 18.2386298826681 18.238688546978 18.2387815243747 18.2387693487632 18.2386996157157 18.2386188139304 18.2384793478353 18.2382933930419 18.2380388120747 18.2378063685828 18.2374931233058 18.2370747250205 18.236657433609 18.2361814778877 18.2357165909041 18.2350668560008 18.2344403654466 18.2337552105827 18.2329427652351 18.2321303198875 18.2312603171039 18.2303316500104 18.2293454254808 18.2282894679037 18.2271748460168 18.2259904910823 18.224598043879 18.2232631541117 18.2216969277264 18.2204085266575 18.2188766133591 18.2172627914016 18.2153711441278 18.213363275108
18.2313765388498 18.2318757389203 18.2323052059433 18.2328497878384 18.233314674822 18.2337673861941 18.2343473880499 18.2347657863352 18.2351598333975 18.2355428117221 18.2359025456975 18.2362390353238 18.2365522806008 18.236831212791 18.2371909467664 18.2374112146468 18.2376325894009 18.2377709486222 18.2378993459796 18.2379923233763 18.2380620564238 18.2380731251615 18.2381085451222 18.2380498808124 18.2379336590665 18.2377831242337 18.2376093450517 18.2373769015599 18.2370636562828 18.2367382353943 18.236344188332 18.2359722787451 18.2354265899762 18.2348930768188 18.2343008993515 18.2336511644482 18.2329549408466 18.2322000529351 18.2313068058022 18.2304246274071 18.2293564942185 18.2284743158234 18.2274183582463 18.2262926676217 18.2249467091167 18.2235188419527 18.2223466626297 18.2209420398149 18.2192828360329 18.2177276783853 18.2161027876901
18.2297516481546 18.230285161312 18.2308076057317 18.2313300501514 18.2318292502219 18.2323284502924 18.2328044060138 18.2332681861236 18.2338603635909 18.2342776550024 18.2346838776762 18.2351133446991 18.2354387655877 18.2357752552139 18.2360774317533 18.236401745768 18.2367382353943 18.2369352589254 18.2371212137189 18.2372960997746 18.2374112146468 18.2374931233058 18.2375274363927 18.2375396120041 18.2375506807418 18.2374698789566 18.2373647259484 18.2371909467664 18.2369817476238 18.2367271666566 18.2364249901172 18.2360774317533 18.235659033468 18.2352063220958 18.2347071220253 18.2341503645188 18.2335349427023 18.2328730321876 18.2321535642367 18.231201652794 18.2303548943596 18.2295546246235 18.2285905375693 18.2274416025955 18.2263502250578 18.2252012900839 18.2241342637692 18.2225204418117 18.2211623076953 18.219735547405 18.2182379471935
