app/data/climate/rcp85/2050/Temperature.asc
ncols        365
nrows        372
xllcorner    10.224615574000
yllcorner    43.742729801000
cellsize     0.000500000000
NODATA_value  -9999
[rows 88 to 109 of 372, columns 255 to 305 of 365]
16.672182122602 16.6561069948325 16.6401259513334 16.6242367783574 16.6084516515157 16.591692475756 16.5742127251716 16.5607265751514 16.5454638927295 16.5303871651009 16.5136501268166 16.4990028662111 16.4852377840007 16.4710664791165 16.4555027270289 16.4420387144841 16.4289587871376 16.4178745531995 16.4041902727743 -9999 -9999 -9999 -9999 -9999 -9999 -9999 -9999 -9999 -9999 -9999 -9999 -9999 -9999 -9999 -9999 -9999 -9999 -9999 -9999 -9999 -9999 -9999 -9999 -9999 -9999 -9999 -9999 -9999 -9999 -9999 -9999
16.6837888009599 16.6657987815673 16.6518942332618 16.6360869689447 16.6203948194998 16.6028807558286 16.5874553629624 16.5729597440634 16.5578132833873 16.5409954433178 16.5262552053155 16.5117352351936 16.4992353097029 16.4834623584727 16.4697670093099 16.4552005504896 16.4422014249284 16.4311636796886 16.4174915748749 -9999 -9999 -9999 -9999 -9999 -9999 -9999 -9999 -9999 -9999 -9999 -9999 -9999 -9999 -9999 -9999 -9999 -9999 -9999 -9999 -9999 -9999 -9999 -9999 -9999 -9999 -9999 -9999 -9999 -9999 -9999 -9999
16.6946173470571 16.6787171053433 16.6637909125476 16.6480644500157 16.6305038976462 16.615044191693 16.5997117762235 16.5864226497345 16.5695350766173 16.5547140368298 16.5389289099882 16.5245251616122 16.5121182135182 16.4964614840339 16.4828469366563 16.4695578101672 16.4566284176536 16.444069827853 16.4307574570148 -9999 -9999 -9999 -9999 -9999 -9999 -9999 -9999 -9999 -9999 -9999 -9999 -9999 -9999 -9999 -9999 -9999 -9999 -9999 -9999 -9999 -9999 -9999 -9999 -9999 -9999 -9999 -9999 -9999 -9999 -9999 -9999
16.7065140263428 16.6906713420651 16.6768940842432 16.6612495303704 16.6438051997467 16.6273116736919 16.6120733424929 16.5988650177891 16.5820814908064 16.5673534284156 16.552822389556 16.5385226873144 16.5244565354384 16.5094606095951 16.4959279708765 16.4826964018235 16.4698134980082 16.4572892212946 16.4451722741285 16.4334969695969 16.4211121589783 -9999 -9999 -9999 -9999 -9999 -9999 -9999 -9999 -9999 -9999 -9999 -9999 -9999 -9999 -9999 -9999 -9999 -9999 -9999 -9999 -9999 -9999 -9999 -9999 -9999 -9999 -9999 -9999 -9999 -9999
16.7174123054875 16.7016282855196 16.6879085851338 16.6703945214626 16.6549580598587 16.6396610643498 16.6233656687 16.6083708497305 16.5935376343315 16.5788903737259 16.5644401366516 16.5501990987198 16.5362015730176 16.5224597351563 16.5078002989393 16.4946273941962 16.4801893327333 16.4692678092393 16.4571386864618 16.4454390307072 16.4328118147329 -9999 -9999 -9999 -9999 -9999 -9999 -9999 -9999 -9999 -9999 -9999 -9999 -9999 -9999 -9999 -9999 -9999 -9999 -9999 -9999 -9999 -9999 -9999 -9999 -9999 -9999 -9999 -9999 -9999 -9999
16.7305863171045 16.7137684770349 16.6981571293752 16.6826631103352 16.6673074505166 16.6520801880553 16.6370034604268 16.622077267631 16.6073259608911 16.591610567097 16.5772300630701 16.5613176457449 16.5491431411427 16.5354588607176 16.5220413368711 16.5072789613934 16.4945001037125 16.4823942252842 16.4702662093804 16.4570921977634 16.4458341846433 -9999 -9999 -9999 -9999 -9999 -9999 -9999 -9999 -9999 -9999 -9999 -9999 -9999 -9999 -9999 -9999 -9999 -9999 -9999 -9999 -9999 -9999 -9999 -9999 -9999 -9999 -9999 -9999 -9999 -9999
16.7427608217066 16.7271040922224 16.7115514088725 16.6961381916178 16.6797155054843 16.6645568691968 16.6476814716911 16.6346934148676 16.6200118411752 16.6055151154025 16.5894399876329 16.5753738357569 16.5620725336564 16.5484347419296 16.5334166786109 16.5203478200022 16.507580031059 16.4966817519143 16.4830439601875 16.470137812023 16.4588222414668 -9999 -9999 -9999 -9999 -9999 -9999 -9999 -9999 -9999 -9999 -9999 -9999 -9999 -9999 -9999 -9999 -9999 -9999 -9999 -9999 -9999 -9999 -9999 -9999 -9999 -9999 -9999 -9999 -9999 -9999
16.7549939906186 16.7374456138605 16.7239007995304 16.7085451397117 16.693305701639 16.6763373267366 16.6614111339409 16.6473328064534 16.6327209658085 16.6164831275947 16.6022653340122 16.5882567395722 16.576174105493 16.5609003543334 16.5464158041721 16.5333812586503 16.5206256453186 16.5081832772639 16.4960663300979 16.4843091169072 16.4729348820411 16.4619558011112 -9999 -9999 -9999 -9999 -9999 -9999 -9999 -9999 -9999 -9999 -9999 -9999 -9999 -9999 -9999 -9999 -9999 -9999 -9999 -9999 -9999 -9999 -9999 -9999 -9999 -9999 -9999 -9999 -9999
16.7664612028814 16.7509317638807 16.7363077476244 16.7209875077664 16.7039261554673 16.6889069852748 16.674039456789 16.6611565529737 16.6447914242763 16.6292619852756 16.6150906803914 16.6011274677761 16.5873745611771 16.5738529911962 16.5605749334448 16.5475525635345 16.5348091258142 16.5211835096989 16.5090543869214 16.49726175377 16.4858177858564 16.4747689718789 16.4641142049637 16.453901080683 16.4430016946645 -9999 -9999 -9999 -9999 -9999 -9999 -9999 -9999 -9999 -9999 -9999 -9999 -9999 -9999 -9999 -9999 -9999 -9999 -9999 -9999 -9999 -9999 -9999 -9999 -9999 -9999
16.7776959716524 16.7622019526124 16.7487379400675 16.7304468510094 16.7153236346825 16.7003509531884 16.6855299134009 16.6708594084462 16.6563626826735 16.6420408429565 16.6279160267706 16.6128160547929 16.5990963544071 16.5855980287754 16.5723321466355 16.5593330210743 16.5450111813573 16.5341361465618 16.521983779435 16.5089846538738 16.496089574447 16.4863867189745 16.475651150274 16.4653218042474 16.45421432596 16.4448125401531 16.4358878169412 16.42740362949 16.4184545550552 -9999 -9999 -9999 -9999 -9999 -9999 -9999 -9999 -9999 -9999 -9999 -9999 -9999 -9999 -9999 -9999 -9999 -9999 -9999 -9999 -9999 -9999
16.7900918510086 16.774644320667 16.7593119051975 16.7441078870854 16.7290422281946 16.7141160353989 16.6981803737244 16.6835563574681 16.6691072272675 16.6548197006373 16.6407291975384 16.625106781141 16.61312930007 16.5984931082022 16.5852504704115 16.5706375228928 16.557940573871 16.5470422947262 16.5348788588618 16.5215432436743 16.5100527870624 16.499119087957 16.4882905418598 16.4765798173675 16.4665980297048 16.4570346403274 16.4490374773352 16.4392648888151 16.4310707022918 16.4223308269997 16.4151350406174 -9999 -9999 -9999 -9999 -9999 -9999 -9999 -9999 -9999 -9999 -9999 -9999 -9999 -9999 -9999 -9999 -9999 -9999 -9999 -9999
16.8036599096879 16.7871210018085 16.7718240062997 16.7566653700121 16.741635131082 16.7267443582469 16.7101700304069 16.6974144170752 16.6818384893762 16.6675863827067 16.6517780115159 16.6379321275202 16.6259767839246 16.6125249469913 16.5976574185054 16.5846937129049 16.5708124089486 16.5599141298038 16.5462066050295 16.5343442388306 16.5227962247826 16.5129660788264 16.5007096655653 16.4902054334829 16.4789706647119 16.4692556336279 16.4599711764406 16.4511040106648 16.4427006249989 16.4347388819674 16.4272409190458 16.4192326873159 16.4127098801861 16.4066508531662 16.4010567131299 -9999 -9999 -9999 -9999 -9999 -9999 -9999 16.3712054344123 16.3690691680351 16.3675029416498 16.3662377849301 16.3648564064645 -9999 16.3636023184824 16.3633820506021 16.3633709818644
16.8161255220917 16.7988427950385 16.7854961111133 16.7692350285504 16.7542280339694 16.7375264156458 16.7228326663419 16.7101124729708 16.6957197933325 16.6797376429597 16.6657179797821 16.6507342295503 16.6388021303039 16.6236910895885 16.6104938336224 16.5975301280218 16.584808827777 16.572344322247 16.5601576420333 16.5470998521623 16.5355053494159 16.5242240919466 16.513267148492 16.5026710458867 16.4924335703829 16.4825801800776 16.4720183905591 16.4629763387276 16.4543648607928 16.4461706742695 16.4375005320249 16.4311404353394 16.4242922073211 16.4178977975487 16.4103301015795 -9999 -9999 -9999 -9999 -9999 -9999 16.3808728699241 16.3782385103503 16.3756971281731 16.3737700609386 16.3721562389812 16.3709840596582 16.3697775672483 16.3685124105285 16.3679777904974 16.3676767208318
16.8266983803479 16.8113670717521 16.7980535940401 16.7829536220624 16.7661247132552 16.7513269178168 16.7355074778883 16.7228094219927 16.7066534924379 16.6924821875537 16.6784846618515 16.6646730909427 16.6510585435651 16.6376421265924 16.6232959356524 16.6103200544404 16.5975998610694 16.5851110043164 16.5729010797536 16.5609579117694 16.549305851587 16.536816994834 16.5257903183319 16.5151012383298 16.504748647954 16.4935481922699 16.4851569822154 16.4759411512019 16.4671204741245 16.4576611308815 16.4487242320582 16.4421438674923 16.4350288828953 16.4283544340589 16.4213567780816 16.4155877519895 16.4100279250401 16.4050835199071 16.4000118242905 16.3959263532035 16.392223860441 16.3892994999393 16.385933496803 16.3832991372292 16.3803858454651 16.3784244651437 16.3767641544879 16.3753827760223 16.3742570853976 16.3733981513517 16.3727716607976
16.8380726152139 16.8227756197051 16.8094743176045 16.794397589976 16.7776029942556 16.7628173744288 16.748181182561 16.7354953022768 16.7182015064859 16.7040423772132 16.6900680958601 16.6762565249514 16.6626530463114 16.6492476980765 16.6360515489841 16.6219267327983 16.609183295078 16.5966822627136 16.5844380250639 16.5724605439929 16.560771956976 16.5493634090231 16.5382681063472 16.52635925145 16.5159247524151 16.5045970062474 16.4961017500585 16.4867464529499 16.4777630654282 16.4681299430032 16.4589727762996 16.452217525678 16.4448712044629 16.4371175537003 16.430664479618 16.4246286969473 16.4196964674258 16.4138001508501 16.4081595221155 16.4037729813628 16.399768312061 16.3961233767346 16.3928392822574 16.3899027461442 16.3873026996572 16.3844015835046 16.3824402031832 16.3807566481782 16.3793531322372 16.3782152660011 16.3772168658601
16.8517568956391 16.836470968868 16.8231929111166 16.8051220899388 16.7902191414922 16.7754567660146 16.7608327497582 16.7463592683347 16.7320484973554 16.717911505558 16.7027772204935 16.6889888939339 16.6753854152939 16.661980067059 16.6487717423551 16.6357958611431 16.6214507770769 16.6105060092338 16.5970884853874 16.5850766912295 16.5718794352634 16.5618633345137 16.5506982987903 16.5398343327325 16.5280073864943 16.516726129025 16.5081257198279 16.4986198878865 16.4883713436451 16.4796547127021 16.4713221669575 16.4643577171932 16.4558502853929 16.4477380075286 16.4410170699939 16.4347034620067 16.4287960766934 16.4232827384423 16.4181645541274 16.413429348137 16.4082757438614 16.4043175632579 16.4006969791545 16.3974350221527 16.3944984860395 16.3915741255377 16.389566256518 16.3875462118867 16.3852605175506 16.3836466955931 16.3824745162701
16.8643033098282 16.8490406274062 16.8338941667301 16.8188761034115 16.8039853305764 16.7880961576003 16.7734832100817 16.7590219042696 16.744722202028 16.7305863171045 16.7166231044891 16.7011169098377 16.6892324061634 16.6746659473431 16.6614576226393 16.6468568507321 16.6341012374004 16.6231454008196 16.6108314301224 16.5972866157923 16.5843915363655 16.5743289469176 16.5630941781466 16.5508023449248 16.5402062423194 16.5299344537288 16.5212178227858 16.5103892766886 16.5000588237882 16.4911805892747 16.4826731574743 16.4745365283871 16.4667839844983 16.4594133120602 16.4524267248206 16.4449055175498 16.4387192000463 16.4329280364788 16.4275076756245 16.4224702930948 16.4172480626453 16.4134990811845 16.4095409005811 16.4052119172645 16.4015791575496 16.3986769345233 16.3964023089248 16.3940690190165 16.3917833246803 16.3900422122393 16.3880343432195
16.8768618996287 16.8616102859444 16.8464760008799 16.8314800750366 16.816601477813 16.8018612398108 16.785449622415 16.7728212995669 16.7573737692253 16.7432489530394 16.727544627983 16.7137795457726 16.7018828664869 16.6884664495142 16.673609989766 16.6594851735802 16.6467063158993 16.6357261280956 16.6218569997507 16.6097976100207 16.597982839394 16.5878615856362 16.5751646366143 16.5630709337974 16.5523807469215 16.5420049121965 16.5319423227485 16.5222162229268 16.5128144371199 16.5037734921621 16.4940352167289 16.485713739722 16.4777630654282 16.4701732319836 16.4629652699899 16.455304596624 16.4496639678893 16.443582803394 16.4370013319544 16.4310363892049 16.4261262971588 16.4221227347308 16.417862377588 16.4134869055731 16.4099360545172 16.4060354313498 16.4034818735612 16.4005464443217 16.3982363987626 16.3961931097822 16.3944298598657
16.8905683175293 16.8734372321826 16.8602178387411 16.844072977924 16.8292054494381 16.8126432972096 16.7980768383893 16.785449622415 16.7711620957849 16.7552729228088 16.7401840195688 16.7264078686207 16.7145111893349 16.6994112173573 16.6862150682649 16.6732037670922 16.6604138406736 16.6478320065239 16.6343569252414 16.6222521536868 16.6103897874879 16.5987952847415 16.5874553629624 16.5763943733734 16.565624491586 16.5540521263151 16.5438854907327 16.5340309935536 16.524501917263 16.5153104374724 16.5053629628966 16.4979358398963 16.4897759664599 16.4809896024694 16.4726681254624 16.4656461182621 16.4598084659963 16.45347161366 16.4467860960859 16.4412152003988 16.4351683489904 16.430920167459 16.4258252274933 16.4216700233587 16.4178280645011 16.4143115265321 16.4110960582287 16.4081827664646 16.4049329850743 16.4026118707775 16.4005575130594
16.9000863250821 16.8848701313585 16.871650737917 16.8566658808114 16.838815327514 16.8241105094724 16.8095329819144 16.7969046590663 16.7808417069082 16.7667279594601 16.7527769224562 16.7390007715081 16.7242605335058 16.7108430096594 16.6976236162178 16.6846012463075 16.6717880755397 16.6591829970408 16.6468103620337 16.6346591017808 16.6216367318704 16.6099835648141 16.5985860855989 16.5874675385738 16.5766157481275 16.5647533819286 16.5557821700184 16.5447444247786 16.5350991267421 16.5246413833581 16.515693415797 16.5081378954394 16.4998153115587 16.4908673439976 16.4823244922366 16.4751054615052 16.4690929231836 16.4617466019685 16.4556067731634 16.4498034339844 16.4443487600432 16.4392416444659 16.4336818175165 16.4292598568032 16.4251633169785 16.4213910911685 16.4179210418978 16.4147520622928 16.4118620148779 16.4086476534483 16.406058675699
16.9126559836204 16.8974508586345 16.8842314651929 16.8673903807742 16.8525460966375 16.8378412785959 16.8232748197756 16.8076988920766 16.7934235410579 16.7793097936098 16.7653587566059 16.7515704300463 16.7379558826687 16.7245272900845 16.7112846522938 16.6971011717981 16.6826631103352 16.6716253650954 16.6592184170015 16.6470195611764 16.6335909685922 16.6233545999622 16.6107960101617 16.5995955544776 16.5873158968673 16.5767076186504 16.567655604955 16.5575808398955 16.5466128277033 16.5371877975471 16.5270444063139 16.5193494198611 16.5098314123083 16.5017302031817 16.4939544149437 16.4865261850696 16.4794344448217 16.4717748783296 16.4654026060326 16.4593557546242 16.4536564615797 16.4482947650352 16.4432573825055 16.438556489602 16.4334039922001 16.4288768784786 16.4256160283506 16.4221692234292 16.4190002438241 16.4157847755207 16.4132090802567
16.9263745771324 16.9111705590203 16.8949327208065 16.8799600393124 16.8651279307872 16.8504109371341 16.8358444783138 16.8214064168509 16.8071299589585 16.7918672765366 16.7778941020573 16.7623879074058 16.7504679837709 16.7370272155752 16.7237613334353 16.7090675841314 16.696218993403 16.6840212444517 16.6715678076594 16.6578248629244 16.6458595574648 16.6355755932628 16.6240508235639 16.611388187629 16.6004079998252 16.5886164735477 16.5794825511932 16.5680618276288 16.5582073304497 16.5486671854214 16.5394281100587 16.5304912112354 16.5208813331596 16.512606344851 16.5046556705572 16.497030417152 16.4897527221107 16.4827893792202 16.4761735946937 16.4690010526606 16.4623498481735 16.4574641073503 16.4521832125911 16.4472155631089 16.4420154701349 16.4377207999052 16.4342042619362 16.4297712324852 16.4259292736277 16.4228300270702 16.4199864683537
