app/data/climate/rcp85/2050/Temperature.asc
ncols        365
nrows        372
xllcorner    10.224615574000
yllcorner    43.742729801000
cellsize     0.000500000000
NODATA_value  -9999
[rows 22 to 43 of 372, columns 51 to 101 of 365]
-9999 -9999 -9999 -9999 -9999 -9999 -9999 -9999 -9999 -9999 -9999 -9999 -9999 -9999 -9999 -9999 -9999 -9999 -9999 -9999 -9999 -9999 -9999 -9999 -9999 -9999 -9999 -9999 -9999 -9999 -9999 -9999 18.1455816460216 18.1416123966804 18.1375734142917 18.133452523244 18.1292397616733 18.1249572670551 18.1205817950402 18.1156373899072 18.1105070299807 18.1064448032429 18.1017095972525 18.0968924826031 18.0913680756144 18.0863428686961 18.0818744192845 18.0761286375416 18.0701636947922 18.0647544026755 18.0592410644245
-9999 -9999 -9999 -9999 -9999 -9999 -9999 -9999 -9999 -9999 -9999 -9999 -9999 -9999 -9999 -9999 -9999 -9999 -9999 -9999 -9999 -9999 -9999 -9999 -9999 -9999 -9999 -9999 -9999 -9999 -9999 18.1547155683761 18.1509200982169 18.1470327575347 18.1426218655592 18.1380726143622 18.134450923385 18.1302381618144 18.1259556671962 18.1210223308009 18.1165428126515 18.1125613876989 18.1073967146855 18.1020571556165 18.0972057278802 18.0922734983587 18.0878747819945 18.0821057559025 18.0768713498416 18.071543966384 18.0655436036739
-9999 -9999 -9999 -9999 -9999 -9999 -9999 -9999 -9999 -9999 -9999 -9999 -9999 -9999 -9999 -9999 -9999 -9999 -9999 -9999 -9999 -9999 -9999 -9999 -9999 -9999 -9999 -9999 -9999 -9999 -9999 18.1590567273041 18.1553309901925 18.1515244512956 18.1471489792807 18.143167554328 18.1391628850262 18.1350198565031 18.1302724749013 18.1259556671962 18.121556950832 18.1176330833155 18.1124805859136 18.107814006097 18.1025098669886 18.0976473705146 18.0933062115866 18.0876190941536 18.0824654898779 18.0772078394679 18.0718461429234
-9999 -9999 -9999 -9999 -9999 -9999 -9999 -9999 -9999 -9999 -9999 -9999 -9999 -9999 -9999 -9999 -9999 -9999 -9999 -9999 -9999 -9999 -9999 -9999 -9999 -9999 -9999 -9999 -9999 -9999 18.1669376685503 18.1638041089059 18.1601481048419 18.1559464120089 18.1521387662382 18.1482392499446 18.144769200674 18.1402199494771 18.1360758140802 18.131363852439 18.1270348691224 18.1231818415272 18.118132283386 18.1135365434907 18.1088588949364 18.1040772002477 18.0992025281622 18.0936781211735 18.0886053186831 18.0834295769321 18.0781486821728
-9999 -9999 -9999 -9999 -9999 -9999 -9999 -9999 -9999 -9999 -9999 -9999 -9999 -9999 -9999 -9999 -9999 -9999 -9999 -9999 -9999 -9999 -9999 -9999 -9999 -9999 -9999 -9999 -9999 18.1753986116523 18.1719750510801 18.1689222932209 18.1649065551814 18.1608210840943 18.1570831713712 18.1532766324744 18.1498763162513 18.1454189355773 18.1413567088394 18.1372136803163 18.1329887431342 18.1281716284848 18.1237496677715 18.1192469052729 18.1146500585039 18.1099502724742 18.105156402174 18.1002706613508 18.0952797675195 18.0896269631733 18.083777135296
-9999 -9999 -9999 -9999 -9999 -9999 -9999 -9999 -9999 -9999 -9999 -9999 -9999 -9999 -9999 -9999 -9999 -9999 -9999 -9999 -9999 -9999 -9999 -9999 -9999 -9999 -9999 -9999 18.1831511555412 18.1798903054132 18.1765475466262 18.1735645218146 18.1696417611718 18.1660787345044 18.162433799178 18.1587202376779 18.1544609874088 18.1505725398529 18.1466032905118 18.1425521325116 18.1384091039885 18.1341730980686 18.1298551834898 18.1254442915142 18.1204069089844 18.1152189916219 18.111099207448 18.1062942684101 18.101384176364 18.0957557232408 18.0906253633143
-9999 -9999 -9999 -9999 -9999 -9999 -9999 -9999 -9999 -9999 -9999 -9999 -9999 -9999 -9999 -9999 -9999 -9999 -9999 -9999 -9999 -9999 -9999 -9999 -9999 -9999 -9999 -9999 18.1879107127545 18.1847306644117 18.1810624847362 18.1777319015606 18.1743304784638 18.1708493604554 18.1672974025258 18.1636646428109 18.1599499744369 18.1561556111515 18.1522782323333 18.1478452028823 18.1432716004625 18.1396388407476 18.1354150104392 18.1310849202488 18.1261062020289 18.1215790883074 18.1175401059187 18.1122946311202 18.1068632015281 18.1019298651328 18.0968924826031
-9999 -9999 -9999 -9999 -9999 -9999 -9999 -9999 -9999 -9999 -9999 -9999 -9999 -9999 -9999 -9999 -9999 -9999 -9999 -9999 -9999 -9999 -9999 -9999 -9999 -9999 -9999 18.1948629869073 18.1918212977858 18.1887109824906 18.1855309341478 18.182293328369 18.1785443469082 18.1751429238113 18.1716728745407 18.1676682052389 18.1644881568961 18.160774595396 18.1569791252368 18.1526036532219 18.1481462725479 18.1445832458805 18.1404280417459 18.1356463470572 18.1313062950029 18.1268610899405 18.1228907337255 18.1176795720138 18.1123876085169 18.1075361807806 18.1025796000362
-9999 -9999 -9999 -9999 -9999 -9999 -9999 -9999 -9999 -9999 -9999 -9999 -9999 -9999 -9999 -9999 -9999 -9999 -9999 -9999 -9999 -9999 -9999 -9999 -9999 -9999 18.2019303759321 18.1990292597796 18.1960694793171 18.1930399658072 18.1895588477988 18.1867839152561 18.183557378215 18.1802500393886 18.1764313248803 18.1725318085866 18.1694214932914 18.1657998023142 18.1616213538304 18.157826990545 18.1539385429891 18.150456318107 18.1458948912986 18.1412294183558 18.1369812368245 18.1326290091587 18.1281716284848 18.1236223772879 18.1189801486942 18.1142216983547 18.1093691637446
-9999 -9999 -9999 -9999 -9999 -9999 -9999 -9999 -9999 -9999 -9999 -9999 -9999 -9999 -9999 -9999 -9999 -9999 -9999 -9999 -9999 -9999 -9999 -9999 -9999 -9999 18.2059582895831 18.2034977091912 18.2006309061255 18.1973346360369 18.1939221442023 18.1912302271923 18.1880844919365 18.1844517322216 18.1811554621329 18.1777662146475 18.174748876749 18.1707796274079 18.1667052250585 18.1629916635584 18.1591961933992 18.1553077458433 18.1513384965021 18.1472762697643 18.1431210656297 18.1388728840983 18.1339982120129 18.1295419382127 18.124991580142 18.1203261071992 18.1155676568596
-9999 -9999 -9999 -9999 -9999 -9999 -9999 -9999 -9999 -9999 -9999 -9999 -9999 -9999 -9999 -9999 -9999 -9999 -9999 -9999 -9999 -9999 -9999 -9999 -9999 18.2125973184588 18.2099275389243 18.2075488671914 18.2044031319355 18.2015473976075 18.1986230371058 18.1960119218811 18.1921699630235 18.1890242277677 18.185809866338 18.1825246649871 18.1791475931132 18.1757118569294 18.1721831433489 18.1685736279832 18.1648833108322 18.1606118849517 18.1567356130073 18.1527774324038 18.148715205666 18.1445600015314 18.1403007512623 18.1359595923343 18.1315033185341 18.1264083785683 18.1211507281582
-9999 -9999 -9999 -9999 -9999 -9999 -9999 -9999 -9999 -9999 -9999 -9999 -9999 -9999 -9999 -9999 -9999 -9999 -9999 -9999 -9999 -9999 -9999 -9999 18.2192828360329 18.2167635913311 18.2141867891933 18.211192695644 18.2084764274111 18.2057026017421 18.2028590430256 18.199957926873 18.1969859707992 18.1939453885515 18.1908240045186 18.1872023135414 18.1839292878019 18.1805754602771 18.1771397240934 18.1736342548621 18.1700247394964 18.1663454910831 18.1625732652731 18.1582210376074 18.1542517882662 18.1496792927201 18.1460454261314 18.1417861758624 18.1374339481966 18.1324198100161 18.12784731447
-9999 -9999 -9999 -9999 -9999 -9999 -9999 -9999 -9999 -9999 -9999 -9999 -9999 -9999 -9999 -9999 -9999 -9999 -9999 -9999 -9999 -9999 -9999 -9999 18.2226255948199 18.2201760831657 18.2176690140754 18.2151043875491 18.2124810967129 18.2094283388538 18.2066666887963 18.2038341988175 18.2009441514026 18.1979733022025 18.1949437886925 18.1918334733973 18.1886534250545 18.1849509322921 18.1816081735051 18.1781724373213 18.1742142567179 18.1710696283358 18.167378204311 18.163605978501 18.1592537508353 18.1547742326859 18.1512112060185 18.1470560018839 18.142251062846 18.1378744839573 18.1333949658079
-9999 -9999 -9999 -9999 -9999 -9999 -9999 -9999 -9999 -9999 -9999 -9999 -9999 -9999 -9999 -9999 -9999 -9999 -9999 -9999 -9999 -9999 -9999 18.2285562244825 18.2262351101856 18.2238664003167 18.2214412398854 18.2189574151443 18.2164160329672 18.2138159864802 18.2111462069456 18.2080358916504 18.2052266460208 18.2023598429551 18.1994122381042 18.1960119218811 18.1933067223859 18.1901388496546 18.1868890682643 18.1831400868035 18.1792748835968 18.1761988813884 18.1726126103719 18.1684806505865 18.1646973560388 18.1608321528321 18.1573621035614 18.152800676753 18.148111959461 18.1438405335805 18.1394539928279
-9999 -9999 -9999 -9999 -9999 -9999 -9999 -9999 -9999 -9999 -9999 -9999 -9999 -9999 -9999 -9999 -9999 -9999 -9999 -9999 -9999 -9999 18.2344979228827 18.2323284502924 18.2300992065186 18.2278135121824 18.22485373172 18.2227528853035 18.2202923049116 18.2177730602099 18.2148608753196 18.212538654149 18.2098345615276 18.2070607358586 18.2034512204929 18.2005146843796 18.1978913935435 18.1948164982089 18.1912645402792 18.1880258276266 18.1847074200626 18.1817354639887 18.177348923236 18.1737615453457 18.1700822969324 18.1663222467339 18.1624570435272 18.1584999697975 18.1544377430597 18.150282538925 18.1454654242757
-9999 -9999 -9999 -9999 -9999 -9999 -9999 -9999 -9999 -9999 -9999 -9999 -9999 -9999 -9999 -9999 -9999 -9999 -9999 -9999 -9999 -9999 18.2378063685828 18.2357055221664 18.2335581870515 18.2310865379219 18.2288229810611 18.2267918676922 18.224424264697 18.221337193751 18.2188411933984 18.2166008808869 18.2139786969245 18.2109491834145 18.2081864264832 18.2053550433782 18.2028125543273 18.1990525041287 18.1959886775319 18.192842942276 18.1896285808464 18.1863201351462 18.1829308876609 18.1794608383902 18.1758978117229 18.1717426075882 18.1679936261274 18.1641284229207 18.1601824179287 18.1561323668023 18.1514425426366
-9999 -9999 -9999 -9999 -9999 -9999 -9999 -9999 -9999 -9999 -9999 -9999 -9999 -9999 -9999 -9999 -9999 -9999 -9999 -9999 -9999 18.2430518433814 18.2413350821633 18.2390250366042 18.2366917466959 18.2345565871925 18.2323749389908 18.2304246274071 18.2278478252693 18.2255034666233 18.2230893749298 18.2209309710772 18.2177276783853 18.2151154562868 18.212446783626 18.2097072710439 18.2068980254143 18.2040079779994 18.201048197537 18.1980197909008 18.1944678329712 18.1912645402792 18.1879804458021 18.1846022670544 18.1811432865214 18.1771397240934 18.1739475001392 18.1702106942898 18.1658584666241 18.1619124616321 18.1573510348237
-9999 -9999 -9999 -9999 -9999 -9999 -9999 -9999 -9999 -9999 -9999 -9999 -9999 -9999 -9999 -9999 -9999 -9999 -9999 -9999 18.247718423198 18.2458610890111 18.244201885229 18.2420080614158 18.2400112611338 18.23765583375 18.2355549873336 18.2333844078695 18.2311795153186 18.2289037828464 18.2265715998119 18.2241807524675 18.2217312408133 18.2188411933984 18.2162533225229 18.2135957185999 18.2108672747555 18.2080702047373 18.2052034016716 18.2022557968207 18.1992384589222 18.196128143627 18.1924942770383 18.1892212512988 18.1858563550364 18.1819679074805 18.1788575921853 18.1752126568589 18.1714758510095 18.166635492011 18.1626784182813
-9999 -9999 -9999 -9999 -9999 -9999 -9999 -9999 -9999 -9999 -9999 -9999 -9999 -9999 -9999 -9999 -9999 -9999 -9999 -9999 18.250666028049 18.2488784269095 18.2470565126832 18.2451759341471 18.2432610425241 18.241288593465 18.2392685488337 18.2372031223779 18.2347536107237 18.2325597869105 18.2303205812727 18.2280105357136 18.2256540014561 18.2232288410248 18.2207328406723 18.2181792828837 18.2151741205966 18.2124689211014 18.2096950954325 18.206851536716 18.2035552666273 18.2009209070534 18.1978449048451 18.1946770321138 18.1905561410661 18.1871901379299 18.1841849756429 18.1806562620624 18.1765597222376 18.1728218095145 18.1689920262685
-9999 -9999 -9999 -9999 -9999 -9999 -9999 -9999 -9999 -9999 -9999 -9999 -9999 -9999 -9999 -9999 -9999 -9999 -9999 18.2554477227377 18.2537885189556 18.252093895213 18.2500738505817 18.2482751807046 18.2464300221291 18.2445383748553 18.2423556197798 18.2406145073387 18.2385723252321 18.2364714788156 18.2343241437007 18.2317705859121 18.2294959603136 18.2271626704053 18.2247607543233 18.2219869286543 18.2197698604919 18.2171698140049 18.2145122100819 18.2110067408506 18.2081753577455 18.2056328686946 18.2026620194945 18.199215214573 18.1960584105794 18.1928196979268 18.1899064061628 18.1855774228462 18.1820487092657 18.1784281251623 18.1747023880507
-9999 -9999 -9999 -9999 -9999 -9999 -9999 -9999 -9999 -9999 -9999 -9999 -9999 -9999 -9999 -9999 -9999 -9999 18.2597191486182 18.2581639909706 18.2565855889738 18.2547404303983 18.2532771432737 18.2515603820556 18.249807094003 18.247718423198 18.2456175767815 18.243946197388 18.2419848170666 18.2399647724354 18.2376325894009 18.2357752552139 18.2335936070122 18.2310168048744 18.2284167583874 18.2260369797807 18.2239018202773 18.2213947511871 18.2185047037722 18.2158470998491 18.2131308316162 18.2106824268358 18.2070264227717 18.2040666423093 18.2010138844501 18.1978803248057 18.1946648565023 18.1913453420645 18.1879450258414 18.1844517322216 18.1803430167853
-9999 -9999 -9999 -9999 -9999 -9999 -9999 -9999 -9999 -9999 -9999 -9999 -9999 -9999 -9999 -9999 -9999 -9999 18.2625162186363 18.261041862774 18.2592896815952 18.2575375004165 18.2561328776016 18.254495811295 18.2528133631638 18.2508630515801 18.2490765573145 18.2474859797062 18.2453043315045 18.2431337520404 18.2411491273699 18.2393615262304 18.237260679814 18.2348465881204 18.232629519958 18.2303438256219 18.227940802666 18.2252245344331 18.222740709692 18.2201993275149 18.2175760366787 18.2148719440573 18.212109187126 18.2092545596718 18.2058885565356 18.2028590430256 18.1997487277304 18.1965565037762 18.1932613405613 18.1898831618136 18.1859493324331
