app/enm/output/Ardea_cinerea/Ardea_cinerea.asc
ncols         365
nrows         372
xllcorner     10.224615574
yllcorner     43.742729801
cellsize      5.0E-4
NODATA_value  -9999
[rows 252 to 279 of 372, columns 189 to 251 of 365]
6.0875E-1 6.08789E-1 6.08833E-1 6.08877E-1 6.08947E-1 6.08998E-1 6.0905E-1 6.09104E-1 6.09161E-1 6.09225E-1 6.0928E-1 6.09339E-1 6.09424E-1 6.09494E-1 6.09556E-1 6.0961E-1 6.0967E-1 6.0974E-1 6.09799E-1 6.09887E-1 6.09938E-1 6.1E-1 6.10054E-1 6.10107E-1 6.10156E-1 6.10202E-1 6.10246E-1 6.10321E-1 6.10357E-1 6.10391E-1 6.10421E-1 6.10447E-1 6.10468E-1 6.10486E-1 6.10494E-1 6.10538E-1 6.10538E-1 6.1053E-1 6.10517E-1 6.10502E-1 6.10478E-1 6.10442E-1 6.1044E-1 6.10391E-1 6.10336E-1 6.10274E-1 6.10202E-1 6.10122E-1 6.10032E-1 6.09933E-1 6.09859E-1 6.0974E-1 6.0961E-1 6.09471E-1 6.09321E-1 6.09158E-1 6.08985E-1 6.08776E-1 6.08631E-1 6.0842E-1 6.08195E-1 6.07926E-1 6.07673E-1
5.63102E-1 6.08582E-1 6.08616E-1 6.08655E-1 6.08699E-1 6.08737E-1 6.08781E-1 6.08851E-1 6.08908E-1 6.08957E-1 6.09003E-1 6.09055E-1 6.09117E-1 6.09169E-1 6.09251E-1 6.093E-1 6.09362E-1 6.09417E-1 6.09468E-1 6.09522E-1 6.09571E-1 6.09623E-1 6.09703E-1 6.0975E-1 6.09794E-1 6.09835E-1 6.09876E-1 6.09912E-1 6.09949E-1 6.09975E-1 6.10037E-1 6.1006E-1 6.10078E-1 6.10093E-1 6.10098E-1 6.10103E-1 6.10103E-1 6.10132E-1 6.10119E-1 6.10101E-1 6.10073E-1 6.10041E-1 6.10003E-1 6.09957E-1 6.09902E-1 6.09879E-1 6.09809E-1 6.09732E-1 6.09633E-1 6.09548E-1 6.09445E-1 6.09331E-1 6.09189E-1 6.09107E-1 6.0896E-1 6.08804E-1 6.08616E-1 6.08435E-1 6.08267E-1 6.08066E-1 6.07852E-1 6.07622E-1 6.07376E-1
5.62888E-1 5.62928E-1 5.62957E-1 6.08438E-1 6.08471E-1 6.08502E-1 6.08539E-1 6.08582E-1 6.08624E-1 6.08691E-1 6.08732E-1 6.08781E-1 6.08828E-1 6.08877E-1 6.08923E-1 6.08972E-1 6.09019E-1 6.09097E-1 6.09143E-1 6.09189E-1 6.09236E-1 6.0928E-1 6.09323E-1 6.0937E-1 6.09404E-1 6.09473E-1 6.09509E-1 6.09546E-1 6.09574E-1 6.09597E-1 6.09618E-1 6.09641E-1 6.0969E-1 6.09701E-1 6.09708E-1 6.09708E-1 6.09706E-1 6.09698E-1 6.09682E-1 6.09665E-1 6.09675E-1 6.09644E-1 6.09605E-1 6.09559E-1 6.09507E-1 6.09448E-1 6.0938E-1 6.09295E-1 6.09246E-1 6.09166E-1 6.09065E-1 6.08941E-1 6.0882E-1 6.08706E-1 6.08567E-1 6.0843E-1 6.0827E-1 6.08097E-1 6.07934E-1 6.07715E-1 6.07506E-1 6.07286E-1 6.07051E-1
5.62697E-1 5.62712E-1 5.62733E-1 5.62756E-1 5.62802E-1 6.0827E-1 6.08304E-1 6.08337E-1 6.0837E-1 6.08407E-1 6.08443E-1 6.08482E-1 6.08546E-1 6.08585E-1 6.08626E-1 6.08668E-1 6.08709E-1 6.0875E-1 6.08791E-1 6.08866E-1 6.08902E-1 6.08941E-1 6.08977E-1 6.09019E-1 6.0905E-1 6.09081E-1 6.09114E-1 6.09176E-1 6.09202E-1 6.0922E-1 6.09241E-1 6.09259E-1 6.09269E-1 6.09277E-1 6.09282E-1 6.09316E-1 6.09313E-1 6.09303E-1 6.09287E-1 6.09267E-1 6.09241E-1 6.0921E-1 6.09208E-1 6.09158E-1 6.09112E-1 6.09055E-1 6.0899E-1 6.08908E-1 6.08825E-1 6.08748E-1 6.08673E-1 6.08567E-1 6.08451E-1 6.0834E-1 6.0819E-1 6.08045E-1 6.0789E-1 6.07722E-1 6.07578E-1 6.07389E-1 6.07188E-1 6.06976E-1 6.06752E-1
5.62509E-1 5.62516E-1 5.62529E-1 5.62544E-1 5.62562E-1 5.62577E-1 5.62603E-1 6.08092E-1 6.08118E-1 6.08146E-1 6.08177E-1 6.08208E-1 6.08239E-1 6.08272E-1 6.08337E-1 6.08368E-1 6.08404E-1 6.08438E-1 6.08477E-1 6.08513E-1 6.08541E-1 6.08575E-1 6.08642E-1 6.08673E-1 6.08696E-1 6.08725E-1 6.08753E-1 6.08776E-1 6.08797E-1 6.08817E-1 6.08866E-1 6.08877E-1 6.08887E-1 6.08892E-1 6.08895E-1 6.08892E-1 6.08885E-1 6.08911E-1 6.08892E-1 6.08872E-1 6.08846E-1 6.08815E-1 6.08771E-1 6.08727E-1 6.08683E-1 6.08663E-1 6.0859E-1 6.0852E-1 6.0844E-1 6.08366E-1 6.08259E-1 6.08156E-1 6.08045E-1 6.0796E-1 6.07828E-1 6.07689E-1 6.07542E-1 6.07382E-1 6.07211E-1 6.0703E-1 6.06839E-1 6.06664E-1 6.06421E-1
5.62321E-1 5.62341E-1 5.62346E-1 5.62354E-1 5.62364E-1 5.62379E-1 5.62395E-1 5.6241E-1 5.62453E-1 5.62476E-1 6.07937E-1 6.07962E-1 6.07988E-1 6.08019E-1 6.08048E-1 6.08071E-1 6.08128E-1 6.08161E-1 6.0819E-1 6.08218E-1 6.08244E-1 6.08275E-1 6.08301E-1 6.08327E-1 6.08381E-1 6.08407E-1 6.08428E-1 6.08448E-1 6.08464E-1 6.08479E-1 6.08492E-1 6.08536E-1 6.08541E-1 6.08544E-1 6.08544E-1 6.08539E-1 6.08531E-1 6.08518E-1 6.085E-1 6.08515E-1 6.0849E-1 6.08453E-1 6.08415E-1 6.0837E-1 6.08327E-1 6.08265E-1 6.08203E-1 6.08167E-1 6.08092E-1 6.08007E-1 6.07916E-1 6.07815E-1 6.0771E-1 6.07593E-1 6.075E-1 6.07366E-1 6.07222E-1 6.07049E-1 6.06906E-1 6.06731E-1 6.06548E-1 6.06326E-1 6.06145E-1
5.62137E-1 5.62132E-1 5.6213E-1 5.62148E-1 5.6215E-1 5.62158E-1 5.62165E-1 5.62176E-1 5.62188E-1 5.62204E-1 5.62219E-1 5.6226E-1 5.6228E-1 6.07738E-1 6.07759E-1 6.0778E-1 6.07802E-1 6.07826E-1 6.07849E-1 6.07901E-1 6.07924E-1 6.07945E-1 6.07968E-1 6.07986E-1 6.08007E-1 6.08024E-1 6.08073E-1 6.08089E-1 6.08102E-1 6.08112E-1 6.0812E-1 6.08125E-1 6.08131E-1 6.08128E-1 6.08161E-1 6.08154E-1 6.08143E-1 6.08128E-1 6.0811E-1 6.08089E-1 6.08058E-1 6.08024E-1 6.08022E-1 6.07978E-1 6.07929E-1 6.07875E-1 6.07813E-1 6.07746E-1 6.07673E-1 6.07627E-1 6.07536E-1 6.07441E-1 6.07338E-1 6.07227E-1 6.07105E-1 6.06979E-1 6.06822E-1 6.06705E-1 6.06568E-1 6.06401E-1 6.06202E-1 6.06014E-1 6.05812E-1
5.61954E-1 5.61942E-1 5.61932E-1 5.61927E-1 5.61921E-1 5.61921E-1 5.61942E-1 5.61944E-1 5.61952E-1 5.61959E-1 5.61967E-1 5.61977E-1 5.6199E-1 5.62028E-1 5.62041E-1 5.62056E-1 5.62074E-1 6.07524E-1 6.07539E-1 6.07557E-1 6.07573E-1 6.07619E-1 6.07635E-1 6.0765E-1 6.07663E-1 6.07678E-1 6.07689E-1 6.07699E-1 6.0771E-1 6.07748E-1 6.07753E-1 6.07753E-1 6.07753E-1 6.07751E-1 6.07746E-1 6.07735E-1 6.07722E-1 6.0774E-1 6.0772E-1 6.07697E-1 6.07668E-1 6.07635E-1 6.07596E-1 6.07552E-1 6.07539E-1 6.07485E-1 6.07425E-1 6.07361E-1 6.07278E-1 6.07211E-1 6.07126E-1 6.07033E-1 6.06953E-1 6.0686E-1 6.06744E-1 6.0662E-1 6.06473E-1 6.06328E-1 6.06197E-1 6.06018E-1 6.05877E-1 6.05696E-1 6.05505E-1
5.61756E-1 5.61754E-1 5.61738E-1 5.61723E-1 5.61713E-1 5.61705E-1 5.617E-1 5.61695E-1 5.61715E-1 5.61715E-1 5.61718E-1 5.61723E-1 5.61728E-1 5.61733E-1 5.61741E-1 5.61749E-1 5.61784E-1 5.61794E-1 5.61804E-1 5.61817E-1 6.07255E-1 6.07265E-1 6.07276E-1 6.07286E-1 6.07325E-1 6.07333E-1 6.0734E-1 6.07348E-1 6.07351E-1 6.07353E-1 6.07353E-1 6.07353E-1 6.07382E-1 6.07376E-1 6.07369E-1 6.07356E-1 6.0734E-1 6.07322E-1 6.07299E-1 6.0731E-1 6.07278E-1 6.07245E-1 6.07206E-1 6.07157E-1 6.07116E-1 6.07064E-1 6.07005E-1 6.06968E-1 6.06897E-1 6.06829E-1 6.06747E-1 6.06646E-1 6.0655E-1 6.0646E-1 6.06349E-1 6.06248E-1 6.06119E-1 6.05982E-1 6.05838E-1 6.05686E-1 6.0552E-1 6.05347E-1 6.05192E-1
3.16559E-1 5.61553E-1 5.61527E-1 5.61525E-1 5.61507E-1 5.61494E-1 5.61479E-1 5.61468E-1 5.61461E-1 5.61454E-1 5.61448E-1 5.61468E-1 5.61468E-1 5.61466E-1 5.61468E-1 5.61471E-1 5.61474E-1 5.61476E-1 5.61481E-1 5.61512E-1 5.61517E-1 5.61522E-1 5.61527E-1 5.6153E-1 6.06961E-1 6.06963E-1 6.06997E-1 6.06997E-1 6.06997E-1 6.06997E-1 6.06992E-1 6.06987E-1 6.06979E-1 6.06968E-1 6.06992E-1 6.06976E-1 6.06961E-1 6.0694E-1 6.06912E-1 6.06888E-1 6.06857E-1 6.06824E-1 6.06814E-1 6.0677E-1 6.06728E-1 6.06677E-1 6.06612E-1 6.06548E-1 6.06481E-1 6.06416E-1 6.06359E-1 6.06272E-1 6.06179E-1 6.06091E-1 6.05972E-1 6.05856E-1 6.05735E-1 6.05637E-1 6.05497E-1 6.0535E-1 6.05192E-1 6.05027E-1 6.04829E-1
3.16444E-1 3.1642E-1 3.16396E-1 5.61329E-1 5.61303E-1 5.61301E-1 5.61283E-1 5.61265E-1 5.61252E-1 5.6124E-1 5.6123E-1 5.6122E-1 5.61212E-1 5.6123E-1 5.61225E-1 5.6122E-1 5.61217E-1 5.61214E-1 5.61214E-1 5.61212E-1 5.6124E-1 5.6124E-1 5.6124E-1 5.61237E-1 5.61237E-1 5.61235E-1 5.61232E-1 6.06651E-1 6.06677E-1 6.06672E-1 6.06667E-1 6.06656E-1 6.06646E-1 6.06633E-1 6.0662E-1 6.06602E-1 6.06615E-1 6.06594E-1 6.06566E-1 6.0654E-1 6.06509E-1 6.06473E-1 6.06429E-1 6.06419E-1 6.06377E-1 6.06321E-1 6.06261E-1 6.06199E-1 6.06132E-1 6.0606E-1 6.05982E-1 6.05933E-1 6.0584E-1 6.05745E-1 6.05642E-1 6.05531E-1 6.05412E-1 6.05288E-1 6.05154E-1 6.05043E-1 6.04893E-1 6.04733E-1 6.04542E-1
3.16318E-1 3.16286E-1 3.16261E-1 3.16237E-1 3.16215E-1 5.61074E-1 5.61049E-1 5.61026E-1 5.61026E-1 5.61003E-1 5.60988E-1 5.60973E-1 5.6096E-1 5.60945E-1 5.60932E-1 5.6095E-1 5.6094E-1 5.6093E-1 5.60922E-1 5.60917E-1 5.60912E-1 5.60904E-1 5.60897E-1 5.6092E-1 5.60914E-1 5.60907E-1 5.60899E-1 5.60891E-1 5.60882E-1 5.60871E-1 5.60861E-1 6.06297E-1 6.06282E-1 6.06264E-1 6.06248E-1 6.06228E-1 6.06207E-1 6.06179E-1 6.06186E-1 6.06158E-1 6.06127E-1 6.06086E-1 6.06044E-1 6.06E-1 6.05951E-1 6.059E-1 6.05879E-1 6.05817E-1 6.05753E-1 6.0568E-1 6.05605E-1 6.05523E-1 6.05438E-1 6.05342E-1 6.05278E-1 6.0517E-1 6.05059E-1 6.04922E-1 6.04808E-1 6.04674E-1 6.04529E-1 6.04387E-1 6.04225E-1
3.1618E-1 3.16147E-1 3.16116E-1 3.161E-1 3.16071E-1 3.16049E-1 3.16027E-1 3.16005E-1 5.60777E-1 5.60752E-1 5.60752E-1 5.60731E-1 5.60706E-1 5.60688E-1 5.6067E-1 5.60655E-1 5.6064E-1 5.60625E-1 5.60637E-1 5.60625E-1 5.60612E-1 5.60599E-1 5.60587E-1 5.60576E-1 5.60564E-1 5.60551E-1 5.60569E-1 5.60556E-1 5.60541E-1 5.60528E-1 5.60513E-1 5.60498E-1 5.60477E-1 5.6049E-1 6.05882E-1 6.05859E-1 6.0583E-1 6.05804E-1 6.05774E-1 6.05745E-1 6.05706E-1 6.05703E-1 6.05662E-1 6.05618E-1 6.05569E-1 6.05518E-1 6.05461E-1 6.05402E-1 6.05329E-1 6.05303E-1 6.05229E-1 6.05149E-1 6.05053E-1 6.04976E-1 6.04878E-1 6.04777E-1 6.04687E-1 6.04571E-1 6.04462E-1 6.04333E-1 6.04178E-1 6.04031E-1 6.03876E-1
3.16058E-1 3.16021E-1 3.15987E-1 3.15954E-1 3.15917E-1 3.15904E-1 3.15877E-1 3.15848E-1 3.15822E-1 3.158E-1 5.60498E-1 5.60464E-1 5.60439E-1 5.60436E-1 5.60411E-1 5.60388E-1 5.60368E-1 5.60348E-1 5.60327E-1 5.60309E-1 5.60289E-1 5.603E-1 5.60282E-1 5.60264E-1 5.60248E-1 5.60231E-1 5.60213E-1 5.60192E-1 5.60205E-1 5.6019E-1 5.6017E-1 5.60147E-1 5.60127E-1 5.60104E-1 5.60081E-1 5.60053E-1 5.60058E-1 5.60027E-1 6.05399E-1 6.05365E-1 6.05329E-1 6.05288E-1 6.05247E-1 6.052E-1 6.05187E-1 6.05136E-1 6.05079E-1 6.05014E-1 6.0495E-1 6.0489E-1 6.04819E-1 6.04764E-1 6.04682E-1 6.04607E-1 6.04514E-1 6.04403E-1 6.04297E-1 6.04186E-1 6.04083E-1 6.03975E-1 6.0384E-1 6.03701E-1 6.03554E-1
3.15937E-1 3.15897E-1 3.15857E-1 3.15815E-1 3.15778E-1 3.15749E-1 3.15716E-1 3.15682E-1 3.15667E-1 3.15639E-1 3.15612E-1 3.15587E-1 3.15563E-1 5.60165E-1 5.60134E-1 5.60127E-1 5.60101E-1 5.60073E-1 5.60048E-1 5.6002E-1 5.6E-1 5.59977E-1 5.59954E-1 5.59954E-1 5.59936E-1 5.59913E-1 5.5989E-1 5.59865E-1 5.59842E-1 5.59822E-1 5.59796E-1 5.59801E-1 5.59776E-1 5.5975E-1 5.59723E-1 5.59695E-1 5.59664E-1 5.59631E-1 5.59631E-1 5.59595E-1 5.59557E-1 6.04911E-1 6.04868E-1 6.04816E-1 6.04772E-1 6.0472E-1 6.04699E-1 6.04633E-1 6.04571E-1 6.04511E-1 6.04431E-1 6.04356E-1 6.04277E-1 6.04204E-1 6.04135E-1 6.04039E-1 6.03938E-1 6.03833E-1 6.03719E-1 6.03598E-1 6.03471E-1 6.03337E-1 6.03226E-1
3.15818E-1 3.15773E-1 3.15736E-1 3.15694E-1 3.15656E-1 3.15621E-1 3.15581E-1 3.15547E-1 3.15512E-1 3.15495E-1 3.15464E-1 3.15435E-1 3.15408E-1 3.1538E-1 3.15351E-1 3.15329E-1 5.59837E-1 5.59829E-1 5.59794E-1 5.59763E-1 5.59738E-1 5.5971E-1 5.59677E-1 5.59652E-1 5.59626E-1 5.59629E-1 5.59598E-1 5.5957E-1 5.59545E-1 5.59519E-1 5.59489E-1 5.59461E-1 5.59463E-1 5.59433E-1 5.59402E-1 5.59369E-1 5.59336E-1 5.59303E-1 5.59263E-1 5.59227E-1 5.59222E-1 5.59182E-1 5.5913E-1 5.59085E-1 5.59042E-1 6.04377E-1 6.04313E-1 6.04253E-1 6.04228E-1 6.04168E-1 6.04091E-1 6.04016E-1 6.03938E-1 6.03856E-1 6.03768E-1 6.03709E-1 6.03611E-1 6.03508E-1 6.03399E-1 6.03283E-1 6.03162E-1 6.03033E-1 6.02881E-1
3.15702E-1 3.15647E-1 3.156E-1 3.15554E-1 3.15521E-1 3.15479E-1 3.15437E-1 3.15399E-1 3.1536E-1 3.15324E-1 3.15289E-1 3.15255E-1 3.15238E-1 3.15205E-1 3.15173E-1 3.15147E-1 3.15118E-1 3.15089E-1 3.15061E-1 5.59461E-1 5.59456E-1 5.59415E-1 5.59382E-1 5.59349E-1 5.59321E-1 5.59286E-1 5.59253E-1 5.5925E-1 5.59217E-1 5.59187E-1 5.59153E-1 5.5912E-1 5.59087E-1 5.59049E-1 5.59022E-1 5.59017E-1 5.58981E-1 5.58938E-1 5.58899E-1 5.58864E-1 5.58823E-1 5.58773E-1 5.58727E-1 5.58714E-1 5.58671E-1 5.5861E-1 5.58557E-1 5.58498E-1 5.58438E-1 6.0375E-1 6.03714E-1 6.03642E-1 6.03567E-1 6.03487E-1 6.03402E-1 6.03311E-1 6.03219E-1 6.03105E-1 6.03046E-1 6.02935E-1 6.02819E-1 6.02682E-1 6.02551E-1
3.15581E-1 3.15526E-1 3.15475E-1 3.15424E-1 3.15377E-1 3.15329E-1 3.15284E-1 3.15253E-1 3.15211E-1 3.15165E-1 3.15131E-1 3.15092E-1 3.15056E-1 3.15016E-1 3.14981E-1 3.14967E-1 3.1493E-1 3.14899E-1 3.14868E-1 3.14839E-1 3.1481E-1 3.14781E-1 5.59092E-1 5.59052E-1 5.59017E-1 5.58978E-1 5.5894E-1 5.58904E-1 5.58867E-1 5.58831E-1 5.58823E-1 5.58788E-1 5.5875E-1 5.58707E-1 5.58673E-1 5.58635E-1 5.5859E-1 5.58549E-1 5.58539E-1 5.58503E-1 5.58453E-1 5.58407E-1 5.58361E-1 5.58311E-1 5.5826E-1 5.58239E-1 5.58186E-1 5.58128E-1 5.58067E-1 5.58003E-1 5.57937E-1 5.57867E-1 5.57792E-1 5.57749E-1 6.03033E-1 6.02948E-1 6.02845E-1 6.02749E-1 6.02659E-1 6.02553E-1 6.02429E-1 6.02341E-1 6.02217E-1
3.15455E-1 3.15399E-1 3.15353E-1 3.15298E-1 3.1524E-1 3.15194E-1 3.15145E-1 3.15098E-1 3.15045E-1 3.15014E-1 3.14976E-1 3.14932E-1 3.14886E-1 3.14846E-1 3.14808E-1 3.14775E-1 3.14733E-1 3.14713E-1 3.14678E-1 3.14644E-1 3.14611E-1 3.14578E-1 3.14546E-1 3.14515E-1 3.14484E-1 5.58673E-1 5.58633E-1 5.5859E-1 5.58544E-1 5.58508E-1 5.58465E-1 5.58424E-1 5.58379E-1 5.58366E-1 5.58331E-1 5.58288E-1 5.58239E-1 5.58196E-1 5.5815E-1 5.58105E-1 5.58092E-1 5.58044E-1 5.57996E-1 5.57945E-1 5.57892E-1 5.57838E-1 5.57782E-1 5.57724E-1 5.57689E-1 5.57633E-1 5.57567E-1 5.57498E-1 5.57417E-1 5.57351E-1 5.57273E-1 5.57191E-1 5.57125E-1 5.57034E-1 5.5695E-1 6.02189E-1 6.02081E-1 6.01968E-1 6.01852E-1
3.15344E-1 3.15282E-1 3.15222E-1 3.15156E-1 3.1511E-1 3.15063E-1 3.15008E-1 3.1495E-1 3.14899E-1 3.1485E-1 3.14808E-1 3.14755E-1 3.14724E-1 3.1468E-1 3.14636E-1 3.14595E-1 3.14553E-1 3.14513E-1 3.14474E-1 3.14431E-1 3.14416E-1 3.1438E-1 3.14343E-1 3.14303E-1 3.14272E-1 3.14238E-1 3.14203E-1 3.14185E-1 5.58229E-1 5.58189E-1 5.58143E-1 5.58092E-1 5.58046E-1 5.58001E-1 5.5796E-1 5.5794E-1 5.57892E-1 5.57846E-1 5.57798E-1 5.57749E-1 5.57701E-1 5.57651E-1 5.57597E-1 5.57572E-1 5.57526E-1 5.5747E-1 5.57412E-1 5.57346E-1 5.57285E-1 5.57229E-1 5.57166E-1 5.57123E-1 5.57052E-1 5.56985E-1 5.56909E-1 5.56818E-1 5.56735E-1 5.56648E-1 5.566E-1 5.56491E-1 5.5639E-1 5.56283E-1 5.56171E-1
3.15244E-1 3.15178E-1 3.15114E-1 3.15045E-1 3.14985E-1 3.14932E-1 3.14879E-1 3.14824E-1 3.1477E-1 3.14717E-1 3.14666E-1 3.14615E-1 3.14566E-1 3.14516E-1 3.14484E-1 3.14438E-1 3.14394E-1 3.14351E-1 3.14307E-1 3.1426E-1 3.14223E-1 3.142E-1 3.14162E-1 3.14118E-1 3.14083E-1 3.14045E-1 3.14003E-1 3.13967E-1 3.13931E-1 3.13918E-1 3.13878E-1 3.13843E-1 3.13807E-1 5.57696E-1 5.57648E-1 5.57597E-1 5.57549E-1 5.57529E-1 5.57478E-1 5.57427E-1 5.57377E-1 5.57323E-1 5.57262E-1 5.57209E-1 5.57161E-1 5.57138E-1 5.57072E-1 5.57011E-1 5.5695E-1 5.56894E-1 5.56821E-1 5.56755E-1 5.56717E-1 5.56653E-1 5.56569E-1 5.56491E-1 5.56407E-1 5.56324E-1 5.56235E-1 5.56141E-1 5.56075E-1 5.55974E-1 5.55852E-1
3.15125E-1 3.15065E-1 3.1499E-1 3.14925E-1 3.14859E-1 3.14804E-1 3.14735E-1 3.14675E-1 3.14617E-1 3.14573E-1 3.14516E-1 3.14462E-1 3.14407E-1 3.14356E-1 3.14298E-1 3.14254E-1 3.1422E-1 3.14172E-1 3.1412E-1 3.14074E-1 3.14034E-1 3.13991E-1 3.1394E-1 3.13898E-1 3.13878E-1 3.13832E-1 3.13791E-1 3.13751E-1 3.13711E-1 3.1367E-1 3.13631E-1 3.13592E-1 3.13574E-1 3.13534E-1 3.13496E-1 3.13458E-1 3.1342E-1 3.13382E-1 3.13338E-1 5.57077E-1 5.57021E-1 5.56968E-1 5.56905E-1 5.56849E-1 5.56798E-1 5.56732E-1 5.56674E-1 5.56646E-1 5.56582E-1 5.56519E-1 5.56453E-1 5.56387E-1 5.56319E-1 5.56245E-1 5.56171E-1 5.56128E-1 5.56047E-1 5.55966E-1 5.5588E-1 5.55789E-1 5.55695E-1 5.55598E-1 5.55515E-1
3.15018E-1 3.14935E-1 3.14864E-1 3.14795E-1 3.14737E-1 3.14671E-1 3.14606E-1 3.14542E-1 3.14478E-1 3.14409E-1 3.14356E-1 3.14311E-1 3.14254E-1 3.14191E-1 3.14136E-1 3.14089E-1 3.14034E-1 3.13976E-1 3.13925E-1 3.1389E-1 3.13849E-1 3.13794E-1 3.13745E-1 3.137E-1 3.13658E-1 3.13607E-1 3.13562E-1 3.13536E-1 3.13493E-1 3.13451E-1 3.13407E-1 3.13365E-1 3.13322E-1 3.13276E-1 3.1326E-1 3.13218E-1 3.13179E-1 3.13131E-1 3.13091E-1 3.13055E-1 3.13013E-1 3.12966E-1 3.12948E-1 3.12906E-1 5.56438E-1 5.56369E-1 5.56308E-1 5.56248E-1 5.56184E-1 5.56118E-1 5.56088E-1 5.56019E-1 5.55951E-1 5.5588E-1 5.55806E-1 5.55733E-1 5.55654E-1 5.55596E-1 5.55523E-1 5.55436E-1 5.55345E-1 5.55241E-1 5.55142E-1
3.14903E-1 3.14826E-1 3.14751E-1 3.14678E-1 3.14606E-1 3.14535E-1 3.14476E-1 3.14409E-1 3.14343E-1 3.14269E-1 3.14214E-1 3.14151E-1 3.14082E-1 3.14021E-1 3.13976E-1 3.13925E-1 3.1386E-1 3.13805E-1 3.13749E-1 3.13694E-1 3.13641E-1 3.13589E-1 3.13554E-1 3.13504E-1 3.13455E-1 3.13404E-1 3.13356E-1 3.13307E-1 3.13255E-1 3.13233E-1 3.13186E-1 3.1314E-1 3.1309E-1 3.13044E-1 3.13006E-1 3.12961E-1 3.12912E-1 3.1289E-1 3.12847E-1 3.12809E-1 3.12759E-1 3.12716E-1 3.12672E-1 3.12627E-1 3.12584E-1 3.12564E-1 3.12518E-1 3.12473E-1 3.12421E-1 3.12381E-1 5.55687E-1 5.55619E-1 5.55576E-1 5.55515E-1 5.55441E-1 5.55368E-1 5.55282E-1 5.55203E-1 5.55132E-1 5.55048E-1 5.54983E-1 5.54891E-1 5.54797E-1
3.14808E-1 3.14728E-1 3.14651E-1 3.14573E-1 3.14489E-1 3.14423E-1 3.14351E-1 3.1428E-1 3.14213E-1 3.14145E-1 3.14085E-1 3.1402E-1 3.13945E-1 3.13882E-1 3.13818E-1 3.13756E-1 3.13711E-1 3.13651E-1 3.13592E-1 3.13534E-1 3.13478E-1 3.13422E-1 3.13365E-1 3.13329E-1 3.13275E-1 3.13222E-1 3.13171E-1 3.13119E-1 3.13062E-1 3.13019E-1 3.12968E-1 3.12933E-1 3.12884E-1 3.12837E-1 3.12796E-1 3.12743E-1 3.12696E-1 3.12649E-1 3.12625E-1 3.1258E-1 3.12535E-1 3.12489E-1 3.12442E-1 3.12397E-1 3.12352E-1 3.12306E-1 3.12283E-1 3.12238E-1 3.12185E-1 3.12143E-1 3.12097E-1 3.12042E-1 3.11991E-1 3.11948E-1 5.55109E-1 5.55028E-1 5.54952E-1 5.54876E-1 5.54805E-1 5.54714E-1 5.54628E-1 5.54542E-1 5.54484E-1
3.14697E-1 3.14613E-1 3.14531E-1 3.14451E-1 3.14373E-1 3.14305E-1 3.14229E-1 3.14144E-1 3.14071E-1 3.13998E-1 3.13947E-1 3.13869E-1 3.138E-1 3.13731E-1 3.13665E-1 3.13598E-1 3.13534E-1 3.13471E-1 3.13422E-1 3.13353E-1 3.133E-1 3.1324E-1 3.1318E-1 3.13115E-1 3.13064E-1 3.13008E-1 3.1297E-1 3.12908E-1 3.12854E-1 3.12806E-1 3.12754E-1 3.12694E-1 3.12643E-1 3.12613E-1 3.12562E-1 3.12511E-1 3.12462E-1 3.12413E-1 3.12364E-1 3.12315E-1 3.12266E-1 3.12241E-1 3.12194E-1 3.1214E-1 3.12098E-1 3.12051E-1 3.12004E-1 3.1195E-1 3.11903E-1 3.11883E-1 3.11836E-1 3.1178E-1 3.11731E-1 3.11687E-1 3.11629E-1 3.11579E-1 3.11525E-1 3.11494E-1 3.1144E-1 5.54354E-1 5.54273E-1 5.54189E-1 5.54101E-1
3.14597E-1 3.14509E-1 3.14415E-1 3.14331E-1 3.14247E-1 3.14187E-1 3.14098E-1 3.14018E-1 3.13941E-1 3.13865E-1 3.13789E-1 3.13716E-1 3.13643E-1 3.13583E-1 3.13512E-1 3.13444E-1 3.13375E-1 3.13307E-1 3.13233E-1 3.13166E-1 3.13109E-1 3.13062E-1 3.12992E-1 3.1293E-1 3.12876E-1 3.12816E-1 3.12749E-1 3.12689E-1 3.12649E-1 3.126E-1 3.12535E-1 3.1248E-1 3.12424E-1 3.1237E-1 3.12315E-1 3.12261E-1 3.1223E-1 3.12178E-1 3.1212E-1 3.12075E-1 3.12024E-1 3.11973E-1 3.11917E-1 3.11867E-1 3.11847E-1 3.11798E-1 3.11742E-1 3.11693E-1 3.11644E-1 3.11601E-1 3.11544E-1 3.11519E-1 3.11471E-1 3.11425E-1 3.11369E-1 3.11317E-1 3.11264E-1 3.11212E-1 3.11158E-1 3.11125E-1 3.11069E-1 3.11011E-1 3.10943E-1
3.14496E-1 3.14396E-1 3.14309E-1 3.14221E-1 3.14136E-1 3.14051E-1 3.13967E-1 3.13885E-1 3.13814E-1 3.13734E-1 3.13656E-1 3.13578E-1 3.13502E-1 3.13426E-1 3.13342E-1 3.13278E-1 3.13218E-1 3.13148E-1 3.13068E-1 3.12999E-1 3.12939E-1 3.12863E-1 3.12796E-1 3.12747E-1 3.12689E-1 3.12616E-1 3.12553E-1 3.12491E-1 3.12429E-1 3.12368E-1 3.12308E-1 3.12266E-1 3.12209E-1 3.12151E-1 3.12093E-1 3.12037E-1 3.1198E-1 3.11917E-1 3.11863E-1 3.11838E-1 3.11783E-1 3.11724E-1 3.11671E-1 3.11619E-1 3.11574E-1 3.11516E-1 3.11489E-1 3.11438E-1 3.11387E-1 3.11337E-1 3.11286E-1 3.11236E-1 3.11185E-1 3.11134E-1 3.11107E-1 3.11057E-1 3.11005E-1 3.10945E-1 3.109E-1 3.10844E-1 3.1079E-1 3.10726E-1 3.1069E-1
