app/enm/output/Ardea_cinerea/Ardea_cinerea.asc
ncols         365
nrows         372
xllcorner     10.224615574
yllcorner     43.742729801
cellsize      5.0E-4
NODATA_value  -9999
[rows 252 to 279 of 372, columns 126 to 188 of 365]
8.31233E-2 8.3078E-2 8.30327E-2 8.29886E-2 8.29383E-2 8.28998E-2 8.28568E-2 8.28139E-2 8.27659E-2 8.27241E-2 8.26879E-2 8.26467E-2 8.2601E-2 8.25615E-2 8.25221E-2 8.24882E-2 8.24454E-2 8.24083E-2 8.23716E-2 8.23355E-2 8.22995E-2 8.22651E-2 8.22313E-2 8.21981E-2 8.21654E-2 8.21339E-2 8.21034E-2 8.20735E-2 8.2041E-2 8.20167E-2 8.19896E-2 8.19631E-2 8.19349E-2 8.19112E-2 3.18393E-1 3.18321E-1 3.18242E-1 3.18178E-1 3.18115E-1 3.18064E-1 3.18001E-1 3.17952E-1 3.17904E-1 3.17866E-1 3.17825E-1 3.1779E-1 3.17759E-1 3.17732E-1 3.17706E-1 3.17688E-1 5.63127E-1 5.63119E-1 5.63107E-1 5.63099E-1 5.63099E-1 5.63102E-1 5.6311E-1 5.63122E-1 5.63137E-1 5.6317E-1 5.63201E-1 5.63229E-1 6.08714E-1
8.31278E-2 8.30825E-2 8.30372E-2 8.29875E-2 8.29433E-2 8.29048E-2 8.28613E-2 8.28128E-2 8.27704E-2 8.27285E-2 8.26923E-2 8.26462E-2 8.26055E-2 8.2566E-2 8.2526E-2 8.24871E-2 8.24493E-2 8.24116E-2 8.23744E-2 8.23383E-2 8.23028E-2 8.22679E-2 8.2233E-2 8.21959E-2 8.21671E-2 8.2135E-2 8.2104E-2 8.20697E-2 8.20404E-2 8.20156E-2 8.19879E-2 8.19581E-2 8.19322E-2 8.19079E-2 3.1838E-1 3.18293E-1 3.18222E-1 3.18152E-1 3.18089E-1 3.18029E-1 3.1797E-1 3.17915E-1 3.17866E-1 3.17812E-1 3.17776E-1 3.17735E-1 3.17704E-1 3.17669E-1 3.17642E-1 3.1762E-1 3.176E-1 5.62997E-1 5.6298E-1 5.62967E-1 5.6297E-1 5.62964E-1 5.62967E-1 5.62972E-1 5.6298E-1 5.62992E-1 5.6301E-1 5.63031E-1 5.63071E-1
8.31323E-2 8.30864E-2 8.30361E-2 8.29914E-2 8.29472E-2 8.29093E-2 8.28602E-2 8.28172E-2 8.27749E-2 8.27325E-2 8.26912E-2 8.265E-2 8.26095E-2 8.25694E-2 8.25299E-2 8.2491E-2 8.24527E-2 8.24144E-2 8.23771E-2 8.23405E-2 8.2305E-2 8.22695E-2 8.22308E-2 8.2197E-2 8.21682E-2 8.21356E-2 8.21002E-2 8.20697E-2 8.20399E-2 8.20144E-2 8.19824E-2 8.19554E-2 8.19289E-2 8.1904E-2 8.18792E-2 3.18277E-1 3.18202E-1 3.1813E-1 3.18062E-1 3.17996E-1 3.17935E-1 3.1788E-1 3.17825E-1 3.1777E-1 3.17728E-1 3.17684E-1 3.1764E-1 3.17605E-1 3.17572E-1 3.17552E-1 3.17524E-1 3.17502E-1 3.17484E-1 5.62847E-1 5.62829E-1 5.62817E-1 5.62812E-1 5.62822E-1 5.62822E-1 5.62829E-1 5.6284E-1 5.62852E-1 5.62868E-1
8.31357E-2 8.30904E-2 8.304E-2 8.29953E-2 8.29512E-2 8.29076E-2 8.2864E-2 8.28211E-2 8.27787E-2 8.27363E-2 8.26946E-2 8.26539E-2 8.26127E-2 8.25727E-2 8.25282E-2 8.24937E-2 8.24555E-2 8.24171E-2 8.23755E-2 8.23434E-2 8.23067E-2 8.22712E-2 8.22319E-2 8.21981E-2 8.21688E-2 8.21317E-2 8.20996E-2 8.20686E-2 8.20382E-2 8.20089E-2 8.19802E-2 8.1952E-2 8.19255E-2 8.18991E-2 8.18742E-2 3.18255E-1 3.1818E-1 3.18106E-1 3.18025E-1 3.17966E-1 3.17902E-1 3.1784E-1 3.17776E-1 3.17722E-1 3.17682E-1 3.17634E-1 3.17585E-1 3.17544E-1 3.17508E-1 3.17475E-1 3.17446E-1 3.17418E-1 3.17403E-1 3.17383E-1 5.62702E-1 5.62685E-1 5.62669E-1 5.62659E-1 5.62654E-1 5.62667E-1 5.62669E-1 5.62674E-1 5.62687E-1
8.3139E-2 8.30881E-2 8.30433E-2 8.29992E-2 8.29551E-2 8.29109E-2 8.28674E-2 8.28245E-2 8.27821E-2 8.27347E-2 8.2698E-2 8.26567E-2 8.26161E-2 8.25704E-2 8.25305E-2 8.24965E-2 8.24576E-2 8.24149E-2 8.23771E-2 8.23444E-2 8.23084E-2 8.22679E-2 8.2233E-2 8.21981E-2 8.21688E-2 8.21317E-2 8.20991E-2 8.20675E-2 8.20366E-2 8.20067E-2 8.19774E-2 8.19492E-2 8.19212E-2 8.18913E-2 8.18687E-2 8.18439E-2 3.18156E-1 3.18069E-1 3.17998E-1 3.17935E-1 3.17868E-1 3.17796E-1 3.17735E-1 3.17677E-1 3.17629E-1 3.17572E-1 3.1753E-1 3.17486E-1 3.17446E-1 3.17407E-1 3.17372E-1 3.17343E-1 3.17314E-1 3.1729E-1 3.17277E-1 3.17259E-1 5.62532E-1 5.62511E-1 5.62501E-1 5.62491E-1 5.62486E-1 5.62483E-1 5.62504E-1
8.31362E-2 8.30909E-2 8.30462E-2 8.3002E-2 8.29578E-2 8.29138E-2 8.28702E-2 8.28272E-2 8.27843E-2 8.2737E-2 8.27007E-2 8.2659E-2 8.26133E-2 8.25727E-2 8.25326E-2 8.24982E-2 8.24543E-2 8.24159E-2 8.23782E-2 8.23461E-2 8.23045E-2 8.22684E-2 8.2233E-2 8.21981E-2 8.21644E-2 8.21306E-2 8.2098E-2 8.20658E-2 8.20349E-2 8.2004E-2 8.19742E-2 8.19454E-2 8.19139E-2 8.18869E-2 8.18637E-2 8.18378E-2 3.18125E-1 3.18045E-1 3.17968E-1 3.17904E-1 3.17827E-1 3.17761E-1 3.17697E-1 3.17636E-1 3.17579E-1 3.17524E-1 3.17473E-1 3.17425E-1 3.17387E-1 3.17347E-1 3.17308E-1 3.17273E-1 3.17236E-1 3.17213E-1 3.17187E-1 3.17163E-1 3.17151E-1 5.62379E-1 5.62364E-1 5.62348E-1 5.62336E-1 5.62328E-1 5.62323E-1
8.31396E-2 8.30943E-2 8.30495E-2 8.30048E-2 8.29551E-2 8.29165E-2 8.2873E-2 8.283E-2 8.27821E-2 8.27397E-2 8.27029E-2 8.26617E-2 8.26155E-2 8.25749E-2 8.25348E-2 8.24955E-2 8.24559E-2 8.24177E-2 8.23793E-2 8.23423E-2 8.2305E-2 8.2269E-2 8.2233E-2 8.21981E-2 8.21633E-2 8.21294E-2 8.20963E-2 8.20642E-2 8.20283E-2 8.20013E-2 8.19708E-2 8.19416E-2 8.1909E-2 8.18809E-2 8.18572E-2 8.18285E-2 8.18031E-2 3.18018E-1 3.17939E-1 3.17862E-1 3.1779E-1 3.17719E-1 3.17653E-1 3.17592E-1 3.17532E-1 3.17473E-1 3.17418E-1 3.17367E-1 3.17311E-1 3.17273E-1 3.17229E-1 3.17198E-1 3.17158E-1 3.17128E-1 3.17097E-1 3.17068E-1 3.17042E-1 3.17022E-1 3.17006E-1 5.62188E-1 5.6217E-1 5.62155E-1 5.62145E-1
8.31418E-2 8.30965E-2 8.30518E-2 8.3002E-2 8.29578E-2 8.29194E-2 8.28752E-2 8.28267E-2 8.27843E-2 8.27419E-2 8.27052E-2 8.26584E-2 8.26172E-2 8.25766E-2 8.25365E-2 8.24965E-2 8.24571E-2 8.24188E-2 8.23804E-2 8.23427E-2 8.23056E-2 8.2269E-2 8.2233E-2 8.21931E-2 8.21622E-2 8.21283E-2 8.20946E-2 8.20576E-2 8.20255E-2 8.19979E-2 8.1967E-2 8.19333E-2 8.1904E-2 8.18753E-2 8.1851E-2 8.18208E-2 8.17942E-2 8.17701E-2 3.17908E-1 3.17829E-1 3.17754E-1 3.1768E-1 3.17611E-1 3.17533E-1 3.17479E-1 3.17422E-1 3.17363E-1 3.17301E-1 3.17249E-1 3.17205E-1 3.17159E-1 3.1711E-1 3.1707E-1 3.17044E-1 3.17009E-1 3.16975E-1 3.16945E-1 3.1692E-1 3.16896E-1 3.16876E-1 3.16857E-1 5.61987E-1 5.6197E-1
8.31441E-2 8.30988E-2 8.30484E-2 8.30037E-2 8.29595E-2 8.2921E-2 8.28724E-2 8.28289E-2 8.27859E-2 8.27436E-2 8.27018E-2 8.26601E-2 8.26189E-2 8.25777E-2 8.25377E-2 8.24976E-2 8.24582E-2 8.24193E-2 8.23761E-2 8.23427E-2 8.2305E-2 8.22684E-2 8.22274E-2 8.21914E-2 8.2161E-2 8.21261E-2 8.2088E-2 8.20548E-2 8.20222E-2 8.1994E-2 8.19587E-2 8.19283E-2 8.18991E-2 8.18698E-2 8.18411E-2 8.18136E-2 8.17865E-2 8.17606E-2 3.17864E-1 3.17792E-1 3.17717E-1 3.1764E-1 3.17559E-1 3.17488E-1 3.17429E-1 3.17365E-1 3.17295E-1 3.17235E-1 3.17185E-1 3.17139E-1 3.17083E-1 3.17035E-1 3.16991E-1 3.16954E-1 3.1691E-1 3.16874E-1 3.16848E-1 3.16819E-1 3.1679E-1 3.16764E-1 3.16742E-1 3.1672E-1 3.167E-1
8.31463E-2 8.30954E-2 8.30506E-2 8.30059E-2 8.29612E-2 8.29176E-2 8.28741E-2 8.28306E-2 8.27877E-2 8.27453E-2 8.27029E-2 8.26612E-2 8.262E-2 8.25788E-2 8.25333E-2 8.24982E-2 8.24587E-2 8.24193E-2 8.23761E-2 8.23423E-2 8.23045E-2 8.22629E-2 8.22263E-2 8.21904E-2 8.21588E-2 8.21195E-2 8.20852E-2 8.2052E-2 8.20189E-2 8.19863E-2 8.19542E-2 8.19233E-2 8.18924E-2 8.18632E-2 8.18339E-2 8.18064E-2 8.17783E-2 8.17518E-2 8.17226E-2 3.17757E-1 3.17677E-1 3.17587E-1 3.17511E-1 3.17442E-1 3.17379E-1 3.17302E-1 3.17238E-1 3.17176E-1 3.17115E-1 3.17059E-1 3.17006E-1 3.1696E-1 3.16912E-1 3.16866E-1 3.16823E-1 3.16782E-1 3.16744E-1 3.16709E-1 3.16676E-1 3.16656E-1 3.16628E-1 3.16599E-1 3.16575E-1
8.31475E-2 8.30965E-2 8.30518E-2 8.30071E-2 8.29629E-2 8.29187E-2 8.28752E-2 8.28317E-2 8.27888E-2 8.27408E-2 8.2704E-2 8.26623E-2 8.26206E-2 8.25743E-2 8.25337E-2 8.24987E-2 8.24587E-2 8.24144E-2 8.23755E-2 8.23416E-2 8.23039E-2 8.22618E-2 8.22247E-2 8.21886E-2 8.21571E-2 8.21173E-2 8.20825E-2 8.20482E-2 8.2015E-2 8.19824E-2 8.19498E-2 8.19184E-2 8.18875E-2 8.18533E-2 8.18273E-2 8.17987E-2 8.17701E-2 8.17403E-2 8.17133E-2 8.16907E-2 3.17642E-1 3.1755E-1 3.17471E-1 3.17396E-1 3.1733E-1 3.17255E-1 3.17187E-1 3.17121E-1 3.17059E-1 3.16998E-1 3.16941E-1 3.16887E-1 3.16841E-1 3.16791E-1 3.16744E-1 3.167E-1 3.16658E-1 3.16614E-1 3.16583E-1 3.16548E-1 3.16526E-1 3.16493E-1 3.16466E-1
8.35796E-2 8.30981E-2 8.30529E-2 8.30087E-2 8.2964E-2 8.29199E-2 8.28764E-2 8.28328E-2 8.27843E-2 8.27419E-2 8.27046E-2 8.26628E-2 8.26161E-2 8.25743E-2 8.25337E-2 8.24982E-2 8.24532E-2 8.24138E-2 8.23749E-2 8.23411E-2 8.22978E-2 8.22602E-2 8.2223E-2 8.21865E-2 8.21499E-2 8.21145E-2 8.20791E-2 8.20449E-2 8.20067E-2 8.19774E-2 8.19449E-2 8.19128E-2 8.18775E-2 8.18467E-2 8.18201E-2 8.17904E-2 8.17579E-2 8.17298E-2 8.17028E-2 8.16803E-2 8.16511E-2 3.1751E-1 3.17427E-1 3.17348E-1 3.17271E-1 3.17198E-1 3.17127E-1 3.17062E-1 3.16987E-1 3.16932E-1 3.1687E-1 3.16812E-1 3.16749E-1 3.16702E-1 3.1665E-1 3.1661E-1 3.16559E-1 3.16515E-1 3.1648E-1 3.1644E-1 3.164E-1 3.16365E-1 3.16334E-1
8.42524E-2 8.37089E-2 8.32174E-2 8.30092E-2 8.29595E-2 8.2921E-2 8.28769E-2 8.28334E-2 8.27849E-2 8.27425E-2 8.27052E-2 8.26579E-2 8.26161E-2 8.25743E-2 8.25337E-2 8.24932E-2 8.24527E-2 8.24132E-2 8.23738E-2 8.2335E-2 8.22962E-2 8.22585E-2 8.22208E-2 8.21837E-2 8.21472E-2 8.21112E-2 8.20758E-2 8.2041E-2 8.20023E-2 8.19724E-2 8.19393E-2 8.19024E-2 8.18703E-2 8.18389E-2 8.1813E-2 8.17789E-2 8.17496E-2 8.17204E-2 8.16924E-2 8.16649E-2 8.16384E-2 3.17464E-1 3.17383E-1 3.17301E-1 3.17222E-1 3.17145E-1 3.1707E-1 3.16996E-1 3.1692E-1 3.16859E-1 3.16801E-1 3.16731E-1 3.16672E-1 3.16621E-1 3.16566E-1 3.16508E-1 3.16456E-1 3.16409E-1 3.16378E-1 3.1633E-1 3.1629E-1 3.16252E-1 3.16215E-1
8.48754E-2 8.43852E-2 8.38932E-2 8.33929E-2 8.29601E-2 8.29215E-2 8.28775E-2 8.28283E-2 8.27854E-2 8.27425E-2 8.27052E-2 8.26579E-2 8.26155E-2 8.25743E-2 8.25333E-2 8.24921E-2 8.24521E-2 8.24121E-2 8.23721E-2 8.23333E-2 8.22945E-2 8.22563E-2 8.2218E-2 8.21766E-2 8.21439E-2 8.21073E-2 8.2072E-2 8.20322E-2 8.19974E-2 8.19675E-2 8.19338E-2 8.18962E-2 8.18637E-2 8.18317E-2 8.18003E-2 8.17701E-2 8.17397E-2 8.17111E-2 8.16819E-2 8.16539E-2 8.16263E-2 8.15994E-2 3.17335E-1 3.1724E-1 3.17167E-1 3.17092E-1 3.17013E-1 3.16929E-1 3.16855E-1 3.16795E-1 3.16718E-1 3.1665E-1 3.16588E-1 3.16541E-1 3.16475E-1 3.16418E-1 3.16365E-1 3.16314E-1 3.16263E-1 3.16217E-1 3.1618E-1 3.16138E-1 3.16096E-1
8.56536E-2 8.50402E-2 8.44552E-2 8.40162E-2 8.35177E-2 8.30223E-2 8.28724E-2 8.28289E-2 8.27854E-2 8.27425E-2 8.26995E-2 8.26573E-2 8.2615E-2 8.25732E-2 8.25271E-2 8.2491E-2 8.24504E-2 8.24104E-2 8.23655E-2 8.23311E-2 8.22923E-2 8.22535E-2 8.22109E-2 8.21732E-2 8.21405E-2 8.2104E-2 8.20631E-2 8.20271E-2 8.19924E-2 8.19619E-2 8.19233E-2 8.18902E-2 8.18572E-2 8.18246E-2 8.17926E-2 8.17612E-2 8.17304E-2 8.17001E-2 8.16671E-2 8.16429E-2 8.16148E-2 8.15867E-2 8.15566E-2 3.17193E-1 3.17117E-1 3.17033E-1 3.16944E-1 3.1687E-1 3.16793E-1 3.16729E-1 3.16649E-1 3.16579E-1 3.16511E-1 3.16447E-1 3.16383E-1 3.16332E-1 3.16273E-1 3.16219E-1 3.16164E-1 3.16113E-1 3.16063E-1 3.16016E-1 3.15965E-1
8.69208E-2 8.57869E-2 8.51334E-2 8.46427E-2 8.41435E-2 8.35849E-2 8.30796E-2 8.28283E-2 8.27849E-2 8.27419E-2 8.26991E-2 8.26567E-2 8.26144E-2 8.25727E-2 8.2526E-2 8.24899E-2 8.24493E-2 8.24038E-2 8.23639E-2 8.23288E-2 8.229E-2 8.22463E-2 8.22081E-2 8.21699E-2 8.21373E-2 8.20957E-2 8.20593E-2 8.20228E-2 8.19874E-2 8.1952E-2 8.19178E-2 8.18836E-2 8.185E-2 8.18174E-2 8.17855E-2 8.17535E-2 8.17221E-2 8.16874E-2 8.16577E-2 8.16318E-2 8.16027E-2 8.15719E-2 8.15444E-2 8.15174E-2 3.17072E-1 3.16975E-1 3.16892E-1 3.1681E-1 3.16731E-1 3.1666E-1 3.16586E-1 3.16513E-1 3.16444E-1 3.16374E-1 3.16308E-1 3.16244E-1 3.16184E-1 3.16126E-1 3.16074E-1 3.16019E-1 3.15967E-1 3.1591E-1 3.1586E-1
8.82818E-2 8.70478E-2 8.60378E-2 8.53121E-2 8.47232E-2 8.41571E-2 8.36515E-2 8.3201E-2 8.27843E-2 8.27358E-2 8.26984E-2 8.26556E-2 8.26133E-2 8.2566E-2 8.25243E-2 8.24882E-2 8.24476E-2 8.24016E-2 8.23616E-2 8.23267E-2 8.22823E-2 8.22429E-2 8.22047E-2 8.21665E-2 8.21283E-2 8.20913E-2 8.20542E-2 8.20178E-2 8.19819E-2 8.19466E-2 8.19112E-2 8.1877E-2 8.18428E-2 8.18053E-2 8.17761E-2 8.17436E-2 8.17127E-2 8.16775E-2 8.16467E-2 8.16202E-2 8.15867E-2 8.15581E-2 8.15296E-2 8.15021E-2 8.14763E-2 3.16921E-1 3.16835E-1 3.16751E-1 3.16669E-1 3.1659E-1 3.16511E-1 3.16435E-1 3.16369E-1 3.16296E-1 3.16228E-1 3.1616E-1 3.16094E-1 3.16023E-1 3.1597E-1 3.1591E-1 3.15855E-1 3.158E-1 3.15747E-1
8.96759E-2 8.85621E-2 8.74473E-2 8.64657E-2 8.55189E-2 8.48152E-2 8.4283E-2 8.38325E-2 8.32572E-2 8.27426E-2 8.26974E-2 8.26545E-2 8.26067E-2 8.25643E-2 8.25226E-2 8.24865E-2 8.24405E-2 8.23994E-2 8.23588E-2 8.23239E-2 8.2279E-2 8.22397E-2 8.22009E-2 8.21626E-2 8.21245E-2 8.20863E-2 8.20493E-2 8.20122E-2 8.19713E-2 8.19399E-2 8.19046E-2 8.18698E-2 8.18312E-2 8.17971E-2 8.17678E-2 8.17347E-2 8.16984E-2 8.1666E-2 8.16357E-2 8.16087E-2 8.15746E-2 8.15449E-2 8.15159E-2 8.14873E-2 8.14598E-2 8.14324E-2 3.1678E-1 3.16692E-1 3.16597E-1 3.16524E-1 3.16444E-1 3.16365E-1 3.16277E-1 3.16211E-1 3.16145E-1 3.16074E-1 3.15998E-1 3.15932E-1 3.15873E-1 3.15811E-1 3.15742E-1 3.15683E-1 3.15636E-1
9.12254E-2 9.01013E-2 8.89748E-2 8.7842E-2 8.67148E-2 8.57458E-2 8.50433E-2 8.44619E-2 8.38916E-2 8.33765E-2 8.28641E-2 8.26473E-2 8.2605E-2 8.25627E-2 8.25205E-2 8.24788E-2 8.24377E-2 8.23966E-2 8.2356E-2 8.23156E-2 8.22757E-2 8.22363E-2 8.2197E-2 8.21532E-2 8.21195E-2 8.20819E-2 8.20443E-2 8.20023E-2 8.19653E-2 8.19338E-2 8.18973E-2 8.18576E-2 8.1823E-2 8.17887E-2 8.1759E-2 8.17215E-2 8.16885E-2 8.16561E-2 8.16241E-2 8.15923E-2 8.15614E-2 8.15323E-2 8.15027E-2 8.14697E-2 8.14445E-2 8.14165E-2 8.13891E-2 3.16617E-1 3.1653E-1 3.1646E-1 3.16376E-1 3.16285E-1 3.16204E-1 3.16135E-1 3.16058E-1 3.15974E-1 3.15903E-1 3.15841E-1 3.1578E-1 3.15705E-1 3.15639E-1 3.15578E-1 3.15515E-1
9.29434E-2 9.1807E-2 9.06679E-2 8.93815E-2 8.82428E-2 8.71091E-2 8.59989E-2 8.52303E-2 8.46045E-2 8.40724E-2 8.35534E-2 8.29147E-2 8.26033E-2 8.25605E-2 8.25182E-2 8.24765E-2 8.24349E-2 8.23938E-2 8.23528E-2 8.23123E-2 8.22723E-2 8.22324E-2 8.21925E-2 8.21489E-2 8.21145E-2 8.20764E-2 8.20338E-2 8.19957E-2 8.19593E-2 8.19272E-2 8.18864E-2 8.18505E-2 8.18147E-2 8.178E-2 8.17452E-2 8.17111E-2 8.16786E-2 8.16456E-2 8.16131E-2 8.15807E-2 8.15494E-2 8.15181E-2 8.14878E-2 8.14538E-2 8.14296E-2 8.14006E-2 8.13687E-2 8.13408E-2 3.16469E-1 3.16391E-1 3.16292E-1 3.16208E-1 3.16131E-1 3.1606E-1 3.1597E-1 3.15891E-1 3.15815E-1 3.15742E-1 3.15669E-1 3.156E-1 3.15539E-1 3.15472E-1 3.15408E-1
9.45445E-2 9.33958E-2 9.21021E-2 9.10886E-2 8.99378E-2 8.87913E-2 8.7355E-2 8.63426E-2 8.54349E-2 8.47585E-2 8.41354E-2 8.36137E-2 8.31491E-2 8.26222E-2 8.25111E-2 8.24743E-2 8.24326E-2 8.23911E-2 8.23444E-2 8.23089E-2 8.22684E-2 8.22285E-2 8.21837E-2 8.21444E-2 8.21107E-2 8.20714E-2 8.20283E-2 8.19907E-2 8.19531E-2 8.19206E-2 8.18797E-2 8.18434E-2 8.18075E-2 8.17722E-2 8.1737E-2 8.17028E-2 8.16687E-2 8.16351E-2 8.15988E-2 8.15703E-2 8.15378E-2 8.15065E-2 8.14713E-2 8.14406E-2 8.14143E-2 8.13846E-2 8.13534E-2 8.13254E-2 8.12969E-2 3.16321E-1 3.16232E-1 3.16144E-1 3.16058E-1 3.15974E-1 3.15897E-1 3.15817E-1 3.15738E-1 3.15661E-1 3.15585E-1 3.15512E-1 3.15439E-1 3.15379E-1 3.15302E-1
9.60202E-2 9.47171E-2 9.35564E-2 9.25346E-2 9.1372E-2 9.00696E-2 8.8907E-2 8.77418E-2 8.65815E-2 8.54719E-2 8.47743E-2 8.41986E-2 8.37333E-2 8.314E-2 8.26096E-2 8.2471E-2 8.24294E-2 8.23827E-2 8.23411E-2 8.2305E-2 8.22646E-2 8.22191E-2 8.21793E-2 8.21394E-2 8.21051E-2 8.20615E-2 8.20228E-2 8.19847E-2 8.19466E-2 8.1909E-2 8.18721E-2 8.1835E-2 8.17998E-2 8.1759E-2 8.17282E-2 8.16929E-2 8.16588E-2 8.16202E-2 8.15867E-2 8.15577E-2 8.15257E-2 8.14895E-2 8.14576E-2 8.14264E-2 8.13995E-2 8.13655E-2 8.13359E-2 8.13062E-2 8.12789E-2 8.12509E-2 3.16166E-1 3.16076E-1 3.15987E-1 3.15899E-1 3.15813E-1 3.15729E-1 3.15654E-1 3.15563E-1 3.15495E-1 3.15417E-1 3.15342E-1 3.15258E-1 3.15187E-1
9.78135E-2 9.65026E-2 9.51807E-2 9.4148E-2 9.28335E-2 9.16587E-2 9.04833E-2 8.94493E-2 8.8134E-2 8.6954E-2 8.57179E-2 8.49447E-2 8.43224E-2 8.37861E-2 8.3255E-2 8.27269E-2 8.24204E-2 8.23789E-2 8.23372E-2 8.23012E-2 8.22552E-2 8.22147E-2 8.21743E-2 8.21345E-2 8.20946E-2 8.20554E-2 8.20161E-2 8.19785E-2 8.19399E-2 8.19024E-2 8.18648E-2 8.18273E-2 8.17904E-2 8.17496E-2 8.17182E-2 8.16836E-2 8.1644E-2 8.16093E-2 8.15752E-2 8.15455E-2 8.15081E-2 8.14752E-2 8.14428E-2 8.14121E-2 8.13808E-2 8.13496E-2 8.13194E-2 8.12893E-2 8.12597E-2 8.12306E-2 8.12016E-2 8.11754E-2 3.15904E-1 3.15824E-1 3.15736E-1 3.15649E-1 3.15552E-1 3.1547E-1 3.15397E-1 3.15324E-1 3.15236E-1 3.15158E-1 3.15083E-1
9.93484E-2 9.81666E-2 9.69815E-2 9.59378E-2 9.46021E-2 9.32726E-2 9.20848E-2 9.08979E-2 8.97051E-2 8.85188E-2 8.73396E-2 8.61556E-2 8.52226E-2 8.44661E-2 8.39042E-2 8.33753E-2 8.2772E-2 8.23749E-2 8.23333E-2 8.22918E-2 8.22508E-2 8.22097E-2 8.21693E-2 8.21289E-2 8.20891E-2 8.20498E-2 8.201E-2 8.19713E-2 8.19277E-2 8.18941E-2 8.18572E-2 8.18197E-2 8.17777E-2 8.17408E-2 8.17088E-2 8.16687E-2 8.16329E-2 8.15977E-2 8.15642E-2 8.15296E-2 8.14955E-2 8.1462E-2 8.14291E-2 8.13967E-2 8.13644E-2 8.13325E-2 8.13029E-2 8.12723E-2 8.12378E-2 8.12121E-2 8.11825E-2 8.11535E-2 8.11218E-2 3.15746E-1 3.1566E-1 3.15559E-1 3.1547E-1 3.15384E-1 3.15309E-1 3.15215E-1 3.15131E-1 3.15059E-1 3.14981E-1
1.01051E-1 9.98562E-2 9.86606E-2 9.74557E-2 9.62562E-2 9.50628E-2 9.38624E-2 9.25072E-2 9.13078E-2 9.01091E-2 8.89171E-2 8.75712E-2 8.65201E-2 8.54451E-2 8.46886E-2 8.39608E-2 8.34231E-2 8.29455E-2 8.24045E-2 8.22879E-2 8.22463E-2 8.22053E-2 8.21644E-2 8.2119E-2 8.20841E-2 8.20443E-2 8.20045E-2 8.19604E-2 8.19217E-2 8.18875E-2 8.18494E-2 8.18075E-2 8.17701E-2 8.17326E-2 8.17006E-2 8.16599E-2 8.16236E-2 8.15878E-2 8.15527E-2 8.15192E-2 8.14845E-2 8.14505E-2 8.1417E-2 8.13797E-2 8.13507E-2 8.13183E-2 8.12865E-2 8.12531E-2 8.12219E-2 8.11951E-2 8.1165E-2 8.11316E-2 8.11026E-2 8.10775E-2 8.10491E-2 3.15488E-1 3.15397E-1 3.15307E-1 3.15218E-1 3.15132E-1 3.15047E-1 3.14963E-1 3.14879E-1
1.02936E-1 1.0173E-1 1.00365E-1 9.91475E-2 9.79373E-2 9.67307E-2 9.55116E-2 9.42986E-2 9.30852E-2 9.18726E-2 9.03689E-2 8.91591E-2 8.80964E-2 8.68904E-2 8.55873E-2 8.47855E-2 8.41431E-2 8.36601E-2 8.29953E-2 8.245E-2 8.22413E-2 8.22003E-2 8.21538E-2 8.21134E-2 8.2078E-2 8.20377E-2 8.19935E-2 8.19537E-2 8.19145E-2 8.18803E-2 8.18367E-2 8.17987E-2 8.17606E-2 8.17232E-2 8.16869E-2 8.165E-2 8.16131E-2 8.15774E-2 8.15411E-2 8.1506E-2 8.14708E-2 8.14362E-2 8.13989E-2 8.13655E-2 8.13364E-2 8.13029E-2 8.12668E-2 8.12345E-2 8.12027E-2 8.11754E-2 8.11425E-2 8.11119E-2 8.10818E-2 8.10562E-2 8.10234E-2 8.0995E-2 8.09666E-2 3.15216E-1 3.15132E-1 3.15043E-1 3.14954E-1 3.14866E-1 3.1477E-1
1.04531E-1 1.03314E-1 1.01941E-1 1.00866E-1 9.94861E-2 9.82702E-2 9.68932E-2 9.5815E-2 9.45905E-2 9.33657E-2 9.19951E-2 9.07727E-2 8.9552E-2 8.81874E-2 8.69663E-2 8.57581E-2 8.48935E-2 8.42176E-2 8.3647E-2 8.31066E-2 8.24984E-2 8.21948E-2 8.21483E-2 8.21073E-2 8.2072E-2 8.2026E-2 8.19863E-2 8.1946E-2 8.19068E-2 8.18682E-2 8.1829E-2 8.17904E-2 8.17518E-2 8.17138E-2 8.16764E-2 8.1639E-2 8.16021E-2 8.15663E-2 8.15257E-2 8.14938E-2 8.14587E-2 8.14236E-2 8.13841E-2 8.13501E-2 8.13199E-2 8.12838E-2 8.12504E-2 8.12175E-2 8.11852E-2 8.11535E-2 8.11218E-2 8.10907E-2 8.106E-2 8.10316E-2 8.10016E-2 8.09721E-2 8.09432E-2 8.09143E-2 8.08859E-2 3.14946E-1 3.14855E-1 3.14763E-1 3.14673E-1
1.06313E-1 1.0493E-1 1.03698E-1 1.02612E-1 1.01377E-1 9.9991E-2 9.85974E-2 9.75079E-2 9.62712E-2 9.48794E-2 9.36497E-2 9.2414E-2 9.13278E-2 8.99408E-2 8.85639E-2 8.73421E-2 8.61187E-2 8.50824E-2 8.43572E-2 8.37673E-2 8.32183E-2 8.25979E-2 8.21422E-2 8.21013E-2 8.20658E-2 8.202E-2 8.19791E-2 8.19393E-2 8.18991E-2 8.18594E-2 8.18201E-2 8.17811E-2 8.17431E-2 8.17001E-2 8.16665E-2 8.16291E-2 8.15917E-2 8.15499E-2 8.15131E-2 8.14812E-2 8.14461E-2 8.14061E-2 8.13709E-2 8.13359E-2 8.13058E-2 8.12668E-2 8.12334E-2 8.11995E-2 8.11682E-2 8.11355E-2 8.11032E-2 8.10715E-2 8.10398E-2 8.10087E-2 8.09781E-2 8.09475E-2 8.09197E-2 8.08864E-2 8.08614E-2 8.08324E-2 3.14766E-1 3.1466E-1 3.14567E-1
