app/enm/output/Ardea_cinerea/Ardea_cinerea.asc
ncols         365
nrows         372
xllcorner     10.224615574
yllcorner     43.742729801
cellsize      5.0E-4
NODATA_value  -9999
[rows 196 to 223 of 372, columns 189 to 251 of 365]
5.98008E-1 5.895E-1 5.81392E-1 5.73556E-1 5.66099E-1 5.59062E-1 5.52276E-1 5.45905E-1 5.3917E-1 5.32952E-1 5.28347E-1 5.23391E-1 5.18918E-1 5.14239E-1 5.10399E-1 5.07413E-1 5.04094E-1 5.01123E-1 4.98855E-1 4.96969E-1 4.95442E-1 4.94373E-1 4.93542E-1 4.93186E-1 4.93186E-1 4.9366E-1 4.94373E-1 4.95561E-1 4.97088E-1 4.98974E-1 5.01222E-1 5.04433E-1 5.07653E-1 5.11604E-1 5.15986E-1 5.24377E-1 5.33216E-1 5.43174E-1 5.53262E-1 5.63843E-1 5.74459E-1 5.87038E-1 5.98118E-1 6.10251E-1 6.21797E-1 6.36363E-1 6.51756E-1 6.65029E-1 6.79273E-1 6.9443E-1 7.09337E-1 7.2397E-1 7.39286E-1 7.5578E-1 7.73235E-1 7.88907E-1 8.04073E-1 8.21544E-1 8.35395E-1 8.50381E-1 8.65075E-1 8.80553E-1 8.90544E-1
6.10557E-1 6.01521E-1 5.9288E-1 5.83631E-1 5.74662E-1 5.67972E-1 5.60782E-1 5.53866E-1 5.46502E-1 5.40379E-1 5.3526E-1 5.29181E-1 5.23614E-1 5.18918E-1 5.14581E-1 5.11122E-1 5.07172E-1 5.03954E-1 5.00884E-1 4.98378E-1 4.96374E-1 4.9461E-1 4.93324E-1 4.92375E-1 4.91783E-1 4.91546E-1 4.91783E-1 4.92375E-1 4.93423E-1 4.9461E-1 4.96374E-1 4.98378E-1 5.01222E-1 5.04194E-1 5.07653E-1 5.11573E-1 5.20143E-1 5.28773E-1 5.37891E-1 5.46631E-1 5.57763E-1 5.69669E-1 5.80187E-1 5.91488E-1 6.03972E-1 6.1623E-1 6.29036E-1 6.41797E-1 6.56436E-1 6.71936E-1 6.86361E-1 7.00709E-1 7.1627E-1 7.31691E-1 7.47222E-1 7.62987E-1 7.80801E-1 7.98256E-1 8.12503E-1 8.28189E-1 8.45158E-1 8.6028E-1 8.7498E-1
6.22625E-1 6.13066E-1 6.04026E-1 5.9414E-1 5.85642E-1 5.78526E-1 5.6995E-1 5.61654E-1 5.54611E-1 5.47985E-1 5.42473E-1 5.35751E-1 5.30159E-1 5.24466E-1 5.19646E-1 5.15185E-1 5.11122E-1 5.07413E-1 5.04094E-1 5.01123E-1 4.98517E-1 4.96036E-1 4.94135E-1 4.92494E-1 4.91546E-1 4.90836E-1 4.90362E-1 4.90362E-1 4.90836E-1 4.91664E-1 4.9285E-1 4.9461E-1 4.96612E-1 4.98974E-1 5.01362E-1 5.04913E-1 5.08975E-1 5.16417E-1 5.24783E-1 5.33551E-1 5.4353E-1 5.53278E-1 5.63077E-1 5.74225E-1 5.86874E-1 5.98584E-1 6.10813E-1 6.23574E-1 6.37847E-1 6.50236E-1 6.64245E-1 6.79148E-1 6.96758E-1 7.10501E-1 7.25954E-1 7.41814E-1 7.59295E-1 7.75481E-1 7.9007E-1 8.08074E-1 8.26113E-1 8.41651E-1 8.57405E-1
6.33942E-1 6.24124E-1 6.13446E-1 6.04279E-1 5.9538E-1 5.88011E-1 5.78777E-1 5.70075E-1 5.6265E-1 5.55603E-1 5.4883E-1 5.42473E-1 5.36488E-1 5.30892E-1 5.25562E-1 5.20131E-1 5.15548E-1 5.11484E-1 5.07653E-1 5.03854E-1 5.01123E-1 4.98378E-1 4.96136E-1 4.9366E-1 4.92375E-1 4.91191E-1 4.90264E-1 4.8979E-1 4.8979E-1 4.90027E-1 4.90954E-1 4.9202E-1 4.93542E-1 4.95442E-1 4.97802E-1 5.00406E-1 5.03495E-1 5.07052E-1 5.14159E-1 5.2296E-1 5.31701E-1 5.40866E-1 5.50275E-1 5.61768E-1 5.71721E-1 5.82849E-1 5.9594E-1 6.09157E-1 6.22026E-1 6.34021E-1 6.47788E-1 6.63281E-1 6.77859E-1 6.9317E-1 7.08534E-1 7.26299E-1 7.41892E-1 7.58292E-1 7.7323E-1 7.91997E-1 8.08658E-1 8.26292E-1 8.42818E-1
6.48149E-1 6.36582E-1 6.25496E-1 6.15956E-1 6.06659E-1 5.97755E-1 5.89123E-1 5.80889E-1 5.72931E-1 5.65372E-1 5.57321E-1 5.50562E-1 5.44055E-1 5.37941E-1 5.31484E-1 5.26883E-1 5.21811E-1 5.16637E-1 5.11825E-1 5.08013E-1 5.04913E-1 5.0182E-1 4.98616E-1 4.96274E-1 4.94491E-1 4.92494E-1 4.91072E-1 4.90264E-1 4.89672E-1 4.89554E-1 4.8979E-1 4.90362E-1 4.91428E-1 4.92968E-1 4.94729E-1 4.96969E-1 4.99571E-1 5.02657E-1 5.06592E-1 5.12393E-1 5.20976E-1 5.30178E-1 5.40057E-1 5.50026E-1 5.59427E-1 5.70229E-1 5.82296E-1 5.94654E-1 6.07725E-1 6.19563E-1 6.34054E-1 6.48058E-1 6.62525E-1 6.75959E-1 6.93289E-1 7.09582E-1 7.26212E-1 7.42758E-1 7.60073E-1 7.77249E-1 7.94554E-1 8.11427E-1 8.29298E-1
6.61447E-1 6.49646E-1 6.39348E-1 6.29276E-1 6.19585E-1 6.09166E-1 6.00132E-1 5.91515E-1 5.83129E-1 5.74161E-1 5.67472E-1 5.6016E-1 5.52399E-1 5.45165E-1 5.38924E-1 5.33932E-1 5.28449E-1 5.22662E-1 5.17949E-1 5.13635E-1 5.09697E-1 5.05632E-1 5.02418E-1 4.99571E-1 4.97445E-1 4.94967E-1 4.93324E-1 4.91901E-1 4.90737E-1 4.90126E-1 4.90027E-1 4.90126E-1 4.90737E-1 4.91664E-1 4.93087E-1 4.94967E-1 4.97088E-1 5.00048E-1 5.03136E-1 5.06212E-1 5.11926E-1 5.20679E-1 5.29811E-1 5.39546E-1 5.48604E-1 5.5985E-1 5.71259E-1 5.82208E-1 5.94206E-1 6.06899E-1 6.20915E-1 6.34756E-1 6.48995E-1 6.63841E-1 6.79743E-1 6.9553E-1 7.11457E-1 7.28798E-1 7.46404E-1 7.64567E-1 7.82421E-1 8.0043E-1 8.20505E-1
6.73845E-1 6.63067E-1 6.52409E-1 6.42113E-1 6.30796E-1 6.22245E-1 6.12813E-1 6.02657E-1 5.9288E-1 5.84511E-1 5.77523E-1 5.69825E-1 5.61529E-1 5.54487E-1 5.47985E-1 5.41734E-1 5.35138E-1 5.29548E-1 5.24466E-1 5.19767E-1 5.15306E-1 5.11243E-1 5.07653E-1 5.03954E-1 5.01003E-1 4.98517E-1 4.96374E-1 4.9461E-1 4.93186E-1 4.92138E-1 4.91309E-1 4.91072E-1 4.91309E-1 4.9202E-1 4.9285E-1 4.94135E-1 4.96036E-1 4.98517E-1 5.01222E-1 5.03954E-1 5.08013E-1 5.1363E-1 5.21555E-1 5.30357E-1 5.39831E-1 5.50653E-1 5.61769E-1 5.72426E-1 5.84114E-1 5.96853E-1 6.09767E-1 6.2284E-1 6.36915E-1 6.52718E-1 6.68522E-1 6.84486E-1 7.00493E-1 7.19648E-1 7.35527E-1 7.53632E-1 7.72506E-1 7.93361E-1 8.12301E-1
6.89155E-1 6.78079E-1 6.65843E-1 6.55297E-1 6.43612E-1 6.34808E-1 6.2501E-1 6.14437E-1 6.05289E-1 5.96515E-1 5.88116E-1 5.79028E-1 5.71325E-1 5.63875E-1 5.56969E-1 5.50315E-1 5.43931E-1 5.38064E-1 5.31728E-1 5.26639E-1 5.21811E-1 5.17363E-1 5.13394E-1 5.09697E-1 5.06352E-1 5.02896E-1 5.00406E-1 4.98279E-1 4.96274E-1 4.95085E-1 4.94016E-1 4.93423E-1 4.93186E-1 4.93324E-1 4.93779E-1 4.94848E-1 4.96493E-1 4.98378E-1 5.00764E-1 5.03136E-1 5.06832E-1 5.1064E-1 5.15238E-1 5.23756E-1 5.33403E-1 5.43002E-1 5.5328E-1 5.63776E-1 5.77328E-1 5.88515E-1 6.01257E-1 6.1417E-1 6.29986E-1 6.4343E-1 6.5886E-1 6.7532E-1 6.93848E-1 7.11339E-1 7.27549E-1 7.45921E-1 7.67293E-1 7.86278E-1 8.06109E-1
7.02288E-1 6.90905E-1 6.79712E-1 6.67462E-1 6.55676E-1 6.4663E-1 6.36582E-1 6.25496E-1 6.16083E-1 6.07038E-1 5.99396E-1 5.89878E-1 5.80764E-1 5.73056E-1 5.65725E-1 5.58689E-1 5.52028E-1 5.45761E-1 5.39908E-1 5.32952E-1 5.28449E-1 5.23614E-1 5.19282E-1 5.14722E-1 5.11604E-1 5.08374E-1 5.05392E-1 5.02179E-1 5.00048E-1 4.98616E-1 4.97326E-1 4.96274E-1 4.95799E-1 4.9566E-1 4.96036E-1 4.96612E-1 4.97802E-1 4.99451E-1 5.01461E-1 5.04094E-1 5.07052E-1 5.1052E-1 5.1448E-1 5.1926E-1 5.28009E-1 5.3743E-1 5.47529E-1 5.59058E-1 5.70557E-1 5.81567E-1 5.94697E-1 6.09188E-1 6.23358E-1 6.36782E-1 6.52205E-1 6.69967E-1 6.86886E-1 7.04693E-1 7.21623E-1 7.42465E-1 7.62396E-1 7.81958E-1 8.02347E-1
7.16777E-1 7.05246E-1 6.92405E-1 6.81323E-1 6.70466E-1 6.61194E-1 6.48275E-1 6.38208E-1 6.28537E-1 6.191E-1 6.10051E-1 6.01268E-1 5.92754E-1 5.84762E-1 5.7604E-1 5.68575E-1 5.61654E-1 5.54983E-1 5.47985E-1 5.42103E-1 5.37347E-1 5.32095E-1 5.2605E-1 5.21689E-1 5.18191E-1 5.14581E-1 5.11002E-1 5.08134E-1 5.05752E-1 5.03954E-1 5.017E-1 5.00406E-1 4.9969E-1 4.99213E-1 4.99332E-1 4.99809E-1 5.00645E-1 5.017E-1 5.03615E-1 5.05872E-1 5.08614E-1 5.11825E-1 5.15548E-1 5.20475E-1 5.2471E-1 5.33802E-1 5.43612E-1 5.54952E-1 5.66134E-1 5.77151E-1 5.90815E-1 6.04283E-1 6.18838E-1 6.32242E-1 6.49275E-1 6.66159E-1 6.82966E-1 7.00895E-1 7.19624E-1 7.3994E-1 7.59819E-1 7.79992E-1 8.01005E-1
7.32674E-1 7.18232E-1 7.06713E-1 6.95483E-1 6.84438E-1 6.73593E-1 6.62962E-1 6.52662E-1 6.4262E-1 6.31662E-1 6.22372E-1 6.13193E-1 6.04531E-1 5.9601E-1 5.87005E-1 5.80262E-1 5.72931E-1 5.64998E-1 5.5757E-1 5.51284E-1 5.46132E-1 5.4001E-1 5.34893E-1 5.30281E-1 5.26395E-1 5.21325E-1 5.17848E-1 5.14722E-1 5.11966E-1 5.09557E-1 5.07653E-1 5.06112E-1 5.04573E-1 5.03854E-1 5.03615E-1 5.03854E-1 5.04433E-1 5.05632E-1 5.07292E-1 5.09216E-1 5.11363E-1 5.1448E-1 5.18433E-1 5.22662E-1 5.26781E-1 5.32095E-1 5.4184E-1 5.51964E-1 5.63107E-1 5.73938E-1 5.88205E-1 6.01026E-1 6.15242E-1 6.28746E-1 6.46965E-1 6.63319E-1 6.80251E-1 6.98577E-1 7.18143E-1 7.38065E-1 7.58635E-1 7.79398E-1 8.04183E-1
7.4585E-1 7.3411E-1 7.22629E-1 7.11125E-1 6.98577E-1 6.87549E-1 6.76843E-1 6.66327E-1 6.56055E-1 6.44752E-1 6.36328E-1 6.2689E-1 6.16716E-1 6.06911E-1 5.98638E-1 5.9162E-1 5.83883E-1 5.75664E-1 5.68825E-1 5.6128E-1 5.55852E-1 5.49325E-1 5.43931E-1 5.38924E-1 5.343E-1 5.30037E-1 5.26151E-1 5.22054E-1 5.19039E-1 5.16395E-1 5.14239E-1 5.12448E-1 5.11002E-1 5.09938E-1 5.09557E-1 5.08975E-1 5.09336E-1 5.10399E-1 5.11825E-1 5.13394E-1 5.1579E-1 5.19039E-1 5.22175E-1 5.26151E-1 5.30159E-1 5.35997E-1 5.41857E-1 5.50494E-1 5.6146E-1 5.7414E-1 5.86363E-1 5.99456E-1 6.13774E-1 6.29266E-1 6.45246E-1 6.62108E-1 6.79403E-1 7.00827E-1 7.17941E-1 7.38189E-1 7.5921E-1 7.83247E-1 8.055E-1
7.60497E-1 7.48823E-1 7.37118E-1 7.25647E-1 7.12977E-1 7.03157E-1 6.92259E-1 6.80214E-1 6.68449E-1 6.58309E-1 6.49646E-1 6.39981E-1 6.29529E-1 6.20598E-1 6.10789E-1 6.0352E-1 5.94623E-1 5.87005E-1 5.79781E-1 5.72931E-1 5.66474E-1 5.60409E-1 5.53763E-1 5.48356E-1 5.43438E-1 5.38924E-1 5.3479E-1 5.31137E-1 5.27371E-1 5.24831E-1 5.21568E-1 5.19524E-1 5.17706E-1 5.16637E-1 5.16032E-1 5.1579E-1 5.16032E-1 5.16153E-1 5.17363E-1 5.18797E-1 5.21325E-1 5.24101E-1 5.27493E-1 5.31382E-1 5.35997E-1 5.40625E-1 5.46502E-1 5.52895E-1 5.61979E-1 5.73738E-1 5.86312E-1 5.99338E-1 6.14736E-1 6.29443E-1 6.45654E-1 6.6262E-1 6.80755E-1 7.01604E-1 7.19528E-1 7.4021E-1 7.63689E-1 7.85853E-1 8.08641E-1
7.75091E-1 7.62126E-1 7.50495E-1 7.37481E-1 7.26136E-1 7.16284E-1 7.05246E-1 6.93133E-1 6.81198E-1 6.70844E-1 6.62078E-1 6.51038E-1 6.4148E-1 6.32295E-1 6.2349E-1 6.14944E-1 6.05647E-1 5.97755E-1 5.90382E-1 5.83255E-1 5.76521E-1 5.702E-1 5.64249E-1 5.58564E-1 5.52523E-1 5.47738E-1 5.43335E-1 5.39416E-1 5.35383E-1 5.32707E-1 5.29914E-1 5.26639E-1 5.24831E-1 5.23493E-1 5.22763E-1 5.22297E-1 5.22297E-1 5.22905E-1 5.23979E-1 5.24953E-1 5.27005E-1 5.2967E-1 5.32952E-1 5.36856E-1 5.41364E-1 5.46379E-1 5.52276E-1 5.58191E-1 5.66349E-1 5.74572E-1 5.87127E-1 6.00724E-1 6.1669E-1 6.30635E-1 6.46762E-1 6.6406E-1 6.84151E-1 7.03476E-1 7.21581E-1 7.42587E-1 7.67294E-1 7.89452E-1 8.12013E-1
7.88807E-1 7.77955E-1 7.64925E-1 7.52143E-1 7.40721E-1 7.30992E-1 7.18478E-1 7.0758E-1 6.96854E-1 6.86318E-1 6.76088E-1 6.64834E-1 6.5517E-1 6.45743E-1 6.36687E-1 6.2803E-1 6.1948E-1 6.11443E-1 6.03773E-1 5.94392E-1 5.88263E-1 5.81643E-1 5.75414E-1 5.68825E-1 5.64125E-1 5.59062E-1 5.53515E-1 5.48706E-1 5.45021E-1 5.42103E-1 5.3917E-1 5.36365E-1 5.34402E-1 5.3283E-1 5.31015E-1 5.30403E-1 5.30281E-1 5.30648E-1 5.31626E-1 5.33075E-1 5.35036E-1 5.37593E-1 5.40133E-1 5.44425E-1 5.48356E-1 5.53391E-1 5.59186E-1 5.66599E-1 5.73911E-1 5.80387E-1 5.90118E-1 6.04989E-1 6.1976E-1 6.33965E-1 6.50507E-1 6.70269E-1 6.88757E-1 7.07645E-1 7.26064E-1 7.50113E-1 7.72318E-1 7.94721E-1 8.18057E-1
7.97153E-1 7.91115E-1 7.79449E-1 7.68064E-1 7.56735E-1 7.46929E-1 7.33038E-1 7.22139E-1 7.11372E-1 7.00817E-1 6.90405E-1 6.80319E-1 6.70466E-1 6.59699E-1 6.49267E-1 6.4148E-1 6.32802E-1 6.24504E-1 6.15576E-1 6.08049E-1 6.01773E-1 5.93741E-1 5.86502E-1 5.80513E-1 5.75539E-1 5.70325E-1 5.64873E-1 5.60409E-1 5.56473E-1 5.52276E-1 5.4883E-1 5.46132E-1 5.43931E-1 5.42226E-1 5.40995E-1 5.40256E-1 5.4001E-1 5.39416E-1 5.40256E-1 5.41487E-1 5.43438E-1 5.45905E-1 5.49448E-1 5.53267E-1 5.56348E-1 5.61405E-1 5.68076E-1 5.74662E-1 5.82145E-1 5.89249E-1 5.99522E-1 6.0973E-1 6.23746E-1 6.37884E-1 6.56946E-1 6.74791E-1 6.93182E-1 7.12966E-1 7.34281E-1 7.56439E-1 7.77965E-1 8.00591E-1 8.24156E-1
7.9904E-1 7.97801E-1 7.92304E-1 7.82523E-1 7.71305E-1 7.60143E-1 7.49062E-1 7.38206E-1 7.26034E-1 7.14087E-1 7.04998E-1 6.9486E-1 6.84814E-1 6.73971E-1 6.64582E-1 6.56687E-1 6.46503E-1 6.37089E-1 6.29022E-1 6.21232E-1 6.1469E-1 6.06785E-1 6.00132E-1 5.93888E-1 5.87613E-1 5.81517E-1 5.76416E-1 5.71805E-1 5.67722E-1 5.64E-1 5.60658E-1 5.56845E-1 5.54363E-1 5.52523E-1 5.51181E-1 5.50191E-1 5.4982E-1 5.49943E-1 5.5081E-1 5.50934E-1 5.52771E-1 5.55603E-1 5.58689E-1 5.62505E-1 5.66349E-1 5.72055E-1 5.78025E-1 5.83883E-1 5.91368E-1 5.99627E-1 6.08913E-1 6.191E-1 6.30289E-1 6.45262E-1 6.63298E-1 6.80357E-1 6.98911E-1 7.18972E-1 7.40518E-1 7.62326E-1 7.85025E-1 8.08467E-1 8.28852E-1
7.98801E-1 7.9904E-1 7.98601E-1 7.93166E-1 7.84444E-1 7.73375E-1 7.62479E-1 7.51548E-1 7.40841E-1 7.28922E-1 7.18478E-1 7.08199E-1 6.98204E-1 6.87173E-1 6.77702E-1 6.6971E-1 6.59699E-1 6.51038E-1 6.4148E-1 6.33689E-1 6.26151E-1 6.18973E-1 6.12054E-1 6.05647E-1 5.99627E-1 5.9288E-1 5.87613E-1 5.82878E-1 5.78526E-1 5.74662E-1 5.71179E-1 5.68222E-1 5.65725E-1 5.62401E-1 5.61031E-1 5.60057E-1 5.59559E-1 5.59663E-1 5.60305E-1 5.6128E-1 5.63128E-1 5.64873E-1 5.67972E-1 5.71679E-1 5.75539E-1 5.81392E-1 5.87256E-1 5.93993E-1 6.00637E-1 6.09061E-1 6.1834E-1 6.28642E-1 6.39981E-1 6.52282E-1 6.68246E-1 6.86528E-1 7.04686E-1 7.27406E-1 7.46399E-1 7.68389E-1 7.91092E-1 8.15882E-1 8.27826E-1
7.98506E-1 7.98745E-1 7.98981E-1 7.9921E-1 7.94679E-1 7.87424E-1 7.77053E-1 7.66311E-1 7.54264E-1 7.43709E-1 7.34595E-1 7.24445E-1 7.13101E-1 7.02039E-1 6.92405E-1 6.84313E-1 6.74222E-1 6.65465E-1 6.57067E-1 6.49014E-1 6.40108E-1 6.32675E-1 6.25749E-1 6.19227E-1 6.13066E-1 6.07164E-1 6.019E-1 5.96872E-1 5.90634E-1 5.87131E-1 5.83506E-1 5.80387E-1 5.77398E-1 5.75289E-1 5.73911E-1 5.7268E-1 5.70929E-1 5.70929E-1 5.71554E-1 5.72555E-1 5.74537E-1 5.76917E-1 5.80011E-1 5.82626E-1 5.87131E-1 5.92376E-1 5.98386E-1 6.05142E-1 6.13826E-1 6.21358E-1 6.30796E-1 6.40108E-1 6.52915E-1 6.63824E-1 6.77346E-1 6.94011E-1 7.15419E-1 7.35799E-1 7.54869E-1 7.76175E-1 8.01206E-1 8.18523E-1 8.23734E-1
7.98211E-1 7.9845E-1 7.98686E-1 7.98945E-1 7.99172E-1 7.97E-1 7.9147E-1 7.80921E-1 7.68997E-1 7.58608E-1 7.4954E-1 7.38085E-1 7.28089E-1 7.18355E-1 7.08797E-1 6.98079E-1 6.8903E-1 6.80214E-1 6.7183E-1 6.62709E-1 6.55802E-1 6.48402E-1 6.41227E-1 6.32422E-1 6.2689E-1 6.20978E-1 6.1545E-1 6.09798E-1 6.05142E-1 6.01521E-1 5.97755E-1 5.9288E-1 5.9013E-1 5.88011E-1 5.86376E-1 5.84993E-1 5.84385E-1 5.8426E-1 5.83631E-1 5.84762E-1 5.86502E-1 5.88871E-1 5.91872E-1 5.95632E-1 6.00132E-1 6.05395E-1 6.10304E-1 6.17095E-1 6.25897E-1 6.33435E-1 6.42852E-1 6.54791E-1 6.66474E-1 6.7745E-1 6.89905E-1 7.06634E-1 7.24041E-1 7.44489E-1 7.63573E-1 7.87852E-1 8.08782E-1 8.17244E-1 8.1998E-1
7.97889E-1 7.98127E-1 7.9842E-1 7.9865E-1 7.98879E-1 7.99074E-1 7.98116E-1 7.93058E-1 7.85013E-1 7.74629E-1 7.63184E-1 7.53076E-1 7.43108E-1 7.33402E-1 7.23833E-1 7.1456E-1 7.05494E-1 6.9673E-1 6.86798E-1 6.77597E-1 6.70718E-1 6.63214E-1 6.55044E-1 6.48275E-1 6.4262E-1 6.36582E-1 6.29022E-1 6.2387E-1 6.191E-1 6.15323E-1 6.11042E-1 6.0767E-1 6.0491E-1 6.01268E-1 5.99522E-1 5.98134E-1 5.97503E-1 5.97251E-1 5.97755E-1 5.98765E-1 6.00532E-1 6.01647E-1 6.04658E-1 6.08913E-1 6.12813E-1 6.18087E-1 6.24124E-1 6.31915E-1 6.39854E-1 6.4625E-1 6.55802E-1 6.6784E-1 6.79461E-1 6.9053E-1 7.0599E-1 7.2079E-1 7.35609E-1 7.53331E-1 7.74604E-1 7.96302E-1 8.10373E-1 8.12753E-1 8.15491E-1
7.97593E-1 7.97861E-1 7.98098E-1 7.98327E-1 7.98556E-1 7.98806E-1 7.99024E-1 7.99239E-1 7.95059E-1 7.88621E-1 7.79335E-1 7.69327E-1 7.59553E-1 7.48584E-1 7.37965E-1 7.29897E-1 7.2079E-1 7.1199E-1 7.02412E-1 6.94256E-1 6.85921E-1 6.7833E-1 6.70088E-1 6.63319E-1 6.57551E-1 6.50785E-1 6.45005E-1 6.39854E-1 6.33562E-1 6.29276E-1 6.2539E-1 6.21992E-1 6.18973E-1 6.16589E-1 6.1469E-1 6.13319E-1 6.1119E-1 6.11042E-1 6.11548E-1 6.12434E-1 6.14079E-1 6.16336E-1 6.19839E-1 6.22372E-1 6.26404E-1 6.31662E-1 6.38461E-1 6.4549E-1 6.53421E-1 6.61068E-1 6.71977E-1 6.81449E-1 6.93133E-1 7.04253E-1 7.19686E-1 7.34494E-1 7.50256E-1 7.67074E-1 7.85367E-1 8.00293E-1 8.06249E-1 8.08631E-1 8.11712E-1
7.97325E-1 7.97593E-1 7.97827E-1 7.98059E-1 7.98286E-1 7.98509E-1 7.98729E-1 7.98969E-1 7.9918E-1 7.95918E-1 7.91393E-1 7.82847E-1 7.73259E-1 7.62479E-1 7.51786E-1 7.43709E-1 7.34838E-1 7.24934E-1 7.16531E-1 7.08323E-1 7.01418E-1 6.92759E-1 6.84187E-1 6.77199E-1 6.71474E-1 6.64582E-1 6.58815E-1 6.53547E-1 6.48655E-1 6.44245E-1 6.38841E-1 6.35315E-1 6.32295E-1 6.29656E-1 6.27903E-1 6.26509E-1 6.25644E-1 6.24124E-1 6.24504E-1 6.2539E-1 6.27016E-1 6.29656E-1 6.32675E-1 6.36582E-1 6.40467E-1 6.45131E-1 6.51291E-1 6.58436E-1 6.66327E-1 6.75082E-1 6.84939E-1 6.95608E-1 7.07332E-1 7.18724E-1 7.32431E-1 7.47048E-1 7.62714E-1 7.79335E-1 7.9371E-1 7.9928E-1 8.01799E-1 8.04878E-1 8.07613E-1
7.97035E-1 7.97272E-1 7.97532E-1 7.97763E-1 7.98018E-1 7.98211E-1 7.98432E-1 7.98645E-1 7.98881E-1 7.99114E-1 7.98817E-1 7.94145E-1 7.86677E-1 7.7761E-1 7.68414E-1 7.60497E-1 7.50495E-1 7.4048E-1 7.32066E-1 7.23956E-1 7.16038E-1 7.08446E-1 7.01293E-1 6.9436E-1 6.87799E-1 6.80214E-1 6.74474E-1 6.69101E-1 6.64077E-1 6.59573E-1 6.5555E-1 6.5205E-1 6.47263E-1 6.44752E-1 6.43E-1 6.4148E-1 6.40593E-1 6.40361E-1 6.4072E-1 6.41607E-1 6.41987E-1 6.44372E-1 6.47516E-1 6.51291E-1 6.55802E-1 6.61194E-1 6.67336E-1 6.74474E-1 6.80947E-1 6.8978E-1 6.99573E-1 7.10157E-1 7.21894E-1 7.34494E-1 7.48006E-1 7.61204E-1 7.76707E-1 7.92903E-1 7.99228E-1 7.98852E-1 7.98445E-1 8.00227E-1 8.02969E-1
7.96744E-1 7.96979E-1 7.97211E-1 7.9744E-1 7.9772E-1 7.97913E-1 7.98132E-1 7.98373E-1 7.98582E-1 7.98788E-1 7.98963E-1 7.99185E-1 7.96134E-1 7.913E-1 7.83532E-1 7.74629E-1 7.65979E-1 7.57446E-1 7.49181E-1 7.41082E-1 7.31823E-1 7.24323E-1 7.17125E-1 7.10281E-1 7.03757E-1 6.97581E-1 6.91759E-1 6.84939E-1 6.79335E-1 6.7548E-1 6.71327E-1 6.6784E-1 6.64329E-1 6.61825E-1 6.60078E-1 6.5694E-1 6.56055E-1 6.55802E-1 6.56182E-1 6.57193E-1 6.58815E-1 6.61194E-1 6.64203E-1 6.66579E-1 6.71096E-1 6.76465E-1 6.82578E-1 6.89655E-1 6.98577E-1 7.06217E-1 7.1456E-1 7.25179E-1 7.38206E-1 7.49181E-1 7.62479E-1 7.76822E-1 7.92358E-1 7.99233E-1 7.98949E-1 7.9857E-1 7.98111E-1 7.97673E-1 7.99197E-1
7.96454E-1 7.96687E-1 7.96917E-1 7.97172E-1 7.97397E-1 7.97589E-1 7.97807E-1 7.98072E-1 7.98281E-1 7.98486E-1 7.98686E-1 7.98883E-1 7.99074E-1 7.9926E-1 7.94571E-1 7.88993E-1 7.81265E-1 7.72911E-1 7.64807E-1 7.55906E-1 7.49181E-1 7.41785E-1 7.33159E-1 7.25546E-1 7.19829E-1 7.13718E-1 7.07951E-1 7.01915E-1 6.96979E-1 6.93133E-1 6.87549E-1 6.83456E-1 6.80465E-1 6.77953E-1 6.76088E-1 6.74474E-1 6.73593E-1 6.73215E-1 6.72082E-1 6.7309E-1 6.74726E-1 6.76968E-1 6.79963E-1 6.84313E-1 6.883E-1 6.92155E-1 6.98204E-1 7.06114E-1 7.14087E-1 7.21649E-1 7.31235E-1 7.43108E-1 7.54502E-1 7.64006E-1 7.77053E-1 7.91578E-1 7.9914E-1 7.98947E-1 7.98638E-1 7.98211E-1 7.97802E-1 7.97391E-1 7.96924E-1
7.9614E-1 7.9637E-1 7.96653E-1 7.96878E-1 7.97101E-1 7.97293E-1 7.97534E-1 7.97745E-1 7.97952E-1 7.98184E-1 7.98384E-1 7.98579E-1 7.98768E-1 7.98954E-1 7.99158E-1 7.98332E-1 7.94254E-1 7.87782E-1 7.79335E-1 7.71654E-1 7.65042E-1 7.578E-1 7.49898E-1 7.43229E-1 7.37602E-1 7.30018E-1 7.23589E-1 7.18355E-1 7.13471E-1 7.09539E-1 7.04998E-1 7.01418E-1 6.98328E-1 6.9436E-1 6.92259E-1 6.9078E-1 6.89905E-1 6.89655E-1 6.9003E-1 6.9078E-1 6.90905E-1 6.93258E-1 6.96605E-1 7.00423E-1 7.04378E-1 7.09663E-1 7.16408E-1 7.23466E-1 7.29775E-1 7.3736E-1 7.48006E-1 7.58372E-1 7.6956E-1 7.80138E-1 7.9274E-1 7.99264E-1 7.98985E-1 7.98659E-1 7.98304E-1 7.97925E-1 7.97518E-1 7.97081E-1 7.96617E-1
7.95882E-1 7.96138E-1 7.96363E-1 7.96612E-1 7.96833E-1 7.97049E-1 7.97263E-1 7.97472E-1 7.97677E-1 7.97879E-1 7.98079E-1 7.983E-1 7.98491E-1 7.98675E-1 7.98876E-1 7.99031E-1 7.99201E-1 7.96567E-1 7.92794E-1 7.85742E-1 7.79335E-1 7.71305E-1 7.64475E-1 7.57919E-1 7.52381E-1 7.4561E-1 7.38569E-1 7.33402E-1 7.28577E-1 7.24078E-1 7.20075E-1 7.16531E-1 7.13594E-1 7.11022E-1 7.07456E-1 7.0599E-1 7.05122E-1 7.0475E-1 7.05122E-1 7.0599E-1 7.07456E-1 7.09663E-1 7.11517E-1 7.15299E-1 7.19215E-1 7.25057E-1 7.31114E-1 7.37965E-1 7.4573E-1 7.54145E-1 7.62126E-1 7.7235E-1 7.83303E-1 7.92949E-1 7.9914E-1 7.98997E-1 7.98693E-1 7.98391E-1 7.98039E-1 7.97661E-1 7.97256E-1 7.96824E-1 7.96304E-1
