app/enm/output/Ardea_cinerea/Ardea_cinerea.asc
ncols         365
nrows         372
xllcorner     10.224615574
yllcorner     43.742729801
cellsize      5.0E-4
NODATA_value  -9999
[rows 140 to 167 of 372, columns 126 to 188 of 365]
1.06974E-1 1.06933E-1 1.06974E-1 1.07107E-1 1.06933E-1 1.07281E-1 1.07701E-1 1.08221E-1 1.0885E-1 1.0959E-1 1.76603E-1 1.78198E-1 1.79527E-1 1.81531E-1 1.84126E-1 1.86406E-1 1.89238E-1 1.92486E-1 1.96476E-1 1.99871E-1 2.03744E-1 2.08445E-1 2.14259E-1 2.19968E-1 2.25385E-1 2.321E-1 2.40405E-1 2.48513E-1 2.57227E-1 2.65641E-1 2.79269E-1 2.93639E-1 3.08902E-1 3.25887E-1 3.44734E-1 3.65214E-1 3.87271E-1 4.10495E-1 4.3651E-1 4.64011E-1 4.93594E-1 5.25202E-1 5.58828E-1 5.98806E-1 6.33374E-1 6.7208E-1 7.11568E-1 7.55921E-1 7.95408E-1 8.29175E-1 8.64413E-1 8.75561E-1 8.78074E-1 8.80662E-1 8.83127E-1 8.85851E-1 8.87842E-1 8.90179E-1 8.9257E-1 8.95447E-1 8.976E-1 8.99394E-1 9.01516E-1
1.10872E-1 1.108E-1 1.108E-1 1.10872E-1 1.1101E-1 1.11263E-1 1.11263E-1 1.11727E-1 1.12308E-1 1.13106E-1 1.81757E-1 1.83222E-1 1.8487E-1 1.87043E-1 1.88721E-1 1.90875E-1 1.93587E-1 1.97082E-1 2.00476E-1 2.03681E-1 2.07745E-1 2.12785E-1 2.174E-1 2.22898E-1 2.28044E-1 2.35308E-1 2.42402E-1 2.50207E-1 2.58662E-1 2.679E-1 2.77875E-1 2.90002E-1 3.04511E-1 3.21059E-1 3.38632E-1 3.57691E-1 3.78403E-1 4.00766E-1 4.28645E-1 4.52119E-1 4.80269E-1 5.10427E-1 5.46131E-1 5.80394E-1 6.12443E-1 6.49695E-1 6.94592E-1 7.339E-1 7.73235E-1 8.07345E-1 8.48686E-1 8.71474E-1 8.74073E-1 8.76715E-1 8.7987E-1 8.82341E-1 8.84378E-1 8.86768E-1 8.89498E-1 8.918E-1 8.94061E-1 8.95853E-1 8.98737E-1
1.15831E-1 1.1527E-1 1.15195E-1 1.15233E-1 1.15345E-1 1.15531E-1 1.15794E-1 1.162E-1 1.16388E-1 1.17024E-1 1.87614E-1 1.89004E-1 1.90698E-1 1.92524E-1 1.94535E-1 1.96575E-1 1.98929E-1 2.01887E-1 2.05112E-1 2.0819E-1 2.12525E-1 2.16806E-1 2.21496E-1 2.26671E-1 2.3196E-1 2.38196E-1 2.44936E-1 2.52346E-1 2.60335E-1 2.69148E-1 2.78685E-1 2.89061E-1 3.01142E-1 3.18123E-1 3.33169E-1 3.5122E-1 3.70773E-1 3.9427E-1 4.17442E-1 4.39557E-1 4.67366E-1 4.99651E-1 5.29914E-1 5.6262E-1 5.93234E-1 6.33734E-1 6.70483E-1 7.08868E-1 7.49679E-1 7.88639E-1 8.2587E-1 8.59922E-1 8.70759E-1 8.73771E-1 8.76334E-1 8.78858E-1 8.81264E-1 8.84095E-1 8.86491E-1 8.88844E-1 8.91154E-1 8.93425E-1 8.95553E-1
1.20606E-1 1.20412E-1 1.20302E-1 1.19837E-1 1.19875E-1 1.19991E-1 1.20224E-1 1.20567E-1 1.21035E-1 1.21577E-1 1.94475E-1 1.95256E-1 1.96696E-1 1.98318E-1 2.00207E-1 2.02299E-1 2.04712E-1 2.07491E-1 2.10471E-1 2.13358E-1 2.17004E-1 2.21027E-1 2.25521E-1 2.30371E-1 2.35732E-1 2.41546E-1 2.47996E-1 2.54739E-1 2.6332E-1 2.70637E-1 2.79728E-1 2.89646E-1 3.01718E-1 3.13552E-1 3.27708E-1 3.44862E-1 3.65842E-1 3.85615E-1 4.07381E-1 4.2839E-1 4.56857E-1 4.8406E-1 5.13075E-1 5.45039E-1 5.78428E-1 6.1308E-1 6.48498E-1 6.85698E-1 7.24184E-1 7.62174E-1 8.00175E-1 8.37596E-1 8.66066E-1 8.7009E-1 8.72706E-1 8.75284E-1 8.77818E-1 8.80226E-1 8.83125E-1 8.85487E-1 8.87852E-1 8.9008E-1 8.9236E-1
1.25652E-1 1.25409E-1 1.25248E-1 1.25127E-1 1.25087E-1 1.25167E-1 1.24846E-1 1.25127E-1 1.2549E-1 1.25969E-1 2.0107E-1 2.02237E-1 2.03533E-1 2.05026E-1 2.06149E-1 2.08103E-1 2.10407E-1 2.12903E-1 2.15699E-1 2.1878E-1 2.22224E-1 2.25999E-1 2.29816E-1 2.35025E-1 2.39472E-1 2.45009E-1 2.51026E-1 2.5851E-1 2.65797E-1 2.72691E-1 2.81101E-1 2.91645E-1 3.01891E-1 3.13107E-1 3.23649E-1 3.40208E-1 3.58153E-1 3.77207E-1 3.98122E-1 4.20327E-1 4.44787E-1 4.70556E-1 4.97523E-1 5.26915E-1 5.58605E-1 5.91897E-1 6.27235E-1 6.63177E-1 7.0467E-1 7.37916E-1 7.75337E-1 8.11416E-1 8.50766E-1 8.66395E-1 8.69028E-1 8.71656E-1 8.74161E-1 8.76707E-1 8.79297E-1 8.81762E-1 8.84486E-1 8.86779E-1 8.89113E-1
1.30508E-1 1.3018E-1 1.2993E-1 1.29763E-1 1.2968E-1 1.2968E-1 1.29763E-1 1.29971E-1 1.29805E-1 2.06654E-1 2.07467E-1 2.08358E-1 2.09496E-1 2.10898E-1 2.12437E-1 2.14246E-1 2.1583E-1 2.18117E-1 2.20759E-1 2.23631E-1 2.26877E-1 2.3044E-1 2.34391E-1 2.39269E-1 2.43128E-1 2.48366E-1 2.54073E-1 2.61169E-1 2.68136E-1 2.74678E-1 2.82739E-1 2.92642E-1 3.02395E-1 3.13019E-1 3.24454E-1 3.36964E-1 3.51999E-1 3.69541E-1 3.89034E-1 4.10941E-1 4.34117E-1 4.58522E-1 4.84097E-1 5.15685E-1 5.42277E-1 5.73703E-1 6.06244E-1 6.46637E-1 6.83061E-1 7.15581E-1 7.52561E-1 7.93191E-1 8.28625E-1 8.56689E-1 8.64918E-1 8.67481E-1 8.70494E-1 8.7309E-1 8.7573E-1 8.7816E-1 8.8103E-1 8.83066E-1 8.85458E-1
1.36625E-1 1.36196E-1 1.35378E-1 1.35154E-1 1.35032E-1 1.34945E-1 1.34945E-1 1.35032E-1 1.35241E-1 2.14758E-1 2.14693E-1 2.15478E-1 2.16453E-1 2.17629E-1 2.1921E-1 2.20667E-1 2.22629E-1 2.24716E-1 2.26877E-1 2.29262E-1 2.32239E-1 2.3559E-1 2.39759E-1 2.43855E-1 2.47775E-1 2.52733E-1 2.58433E-1 2.64407E-1 2.70954E-1 2.7716E-1 2.85762E-1 2.94234E-1 3.03348E-1 3.13285E-1 3.24089E-1 3.35839E-1 3.48649E-1 3.62677E-1 3.83346E-1 4.01229E-1 4.22538E-1 4.45449E-1 4.73424E-1 5.0047E-1 5.25807E-1 5.55535E-1 5.90656E-1 6.2375E-1 6.58294E-1 6.89883E-1 7.31709E-1 7.68464E-1 8.0409E-1 8.34861E-1 8.61058E-1 8.64204E-1 8.66482E-1 8.69133E-1 8.72074E-1 8.75044E-1 8.77568E-1 8.79654E-1 8.821E-1
1.42458E-1 1.4205E-1 1.41696E-1 1.4138E-1 1.41163E-1 1.40489E-1 1.40399E-1 1.40399E-1 1.40534E-1 2.22604E-1 2.23009E-1 2.23674E-1 2.24487E-1 2.24952E-1 2.26179E-1 2.27563E-1 2.29262E-1 2.31414E-1 2.33629E-1 2.35803E-1 2.38553E-1 2.41474E-1 2.44936E-1 2.48809E-1 2.52496E-1 2.57683E-1 2.62777E-1 2.68359E-1 2.74437E-1 2.80788E-1 2.88073E-1 2.96017E-1 3.04651E-1 3.13997E-1 3.24089E-1 3.35184E-1 3.47129E-1 3.60244E-1 3.76205E-1 3.93003E-1 4.1318E-1 4.34779E-1 4.60446E-1 4.85497E-1 5.09639E-1 5.38922E-1 5.72108E-1 6.03793E-1 6.36944E-1 6.67316E-1 7.06854E-1 7.41927E-1 7.77884E-1 8.10693E-1 8.47903E-1 8.60809E-1 8.6313E-1 8.65832E-1 8.68904E-1 8.71522E-1 8.74472E-1 8.76556E-1 8.79364E-1
1.48708E-1 1.48244E-1 1.47774E-1 1.47399E-1 1.4708E-1 1.46893E-1 1.46706E-1 1.46613E-1 1.46109E-1 2.30831E-1 2.31098E-1 2.31597E-1 2.32354E-1 2.33182E-1 2.34236E-1 2.35449E-1 2.3644E-1 2.38196E-1 2.4019E-1 2.42125E-1 2.45009E-1 2.47849E-1 2.51026E-1 2.54512E-1 2.57988E-1 2.62326E-1 2.67036E-1 2.72306E-1 2.77956E-1 2.84206E-1 2.90973E-1 2.98379E-1 3.06293E-1 3.16214E-1 3.24561E-1 3.34919E-1 3.46171E-1 3.5985E-1 3.73212E-1 3.85652E-1 4.04002E-1 4.27052E-1 4.48593E-1 4.72134E-1 4.94535E-1 5.2458E-1 5.52519E-1 5.82937E-1 6.15833E-1 6.49165E-1 6.83207E-1 7.17364E-1 7.52359E-1 7.87666E-1 8.21696E-1 8.52004E-1 8.59351E-1 8.62445E-1 8.65232E-1 8.67904E-1 8.70536E-1 8.73045E-1 8.75593E-1
1.55894E-1 1.55353E-1 1.54822E-1 1.53708E-1 1.53367E-1 1.53084E-1 1.52842E-1 1.52649E-1 1.52552E-1 2.40307E-1 2.40451E-1 2.4002E-1 2.40523E-1 2.41171E-1 2.42026E-1 2.432E-1 2.44498E-1 2.45949E-1 2.47124E-1 2.49106E-1 2.51386E-1 2.53998E-1 2.56922E-1 2.60182E-1 2.63785E-1 2.67743E-1 2.71669E-1 2.76595E-1 2.82575E-1 2.87657E-1 2.93994E-1 3.00942E-1 3.0951E-1 3.17724E-1 3.25459E-1 3.35184E-1 3.47033E-1 3.5859E-1 3.70998E-1 3.82688E-1 3.98995E-1 4.16384E-1 4.37468E-1 4.59665E-1 4.83878E-1 5.09181E-1 5.35458E-1 5.63881E-1 5.94358E-1 6.25678E-1 6.60212E-1 6.93345E-1 7.28084E-1 7.62497E-1 7.96563E-1 8.29693E-1 8.54649E-1 8.58327E-1 8.61509E-1 8.64232E-1 8.66917E-1 8.69481E-1 8.72084E-1
1.62215E-1 1.61612E-1 1.60951E-1 1.60453E-1 1.59353E-1 1.59001E-1 1.58651E-1 1.58409E-1 2.48708E-1 2.4856E-1 2.4856E-1 2.48782E-1 2.48265E-1 2.48782E-1 2.49437E-1 2.5043E-1 2.51536E-1 2.5287E-1 2.54437E-1 2.56252E-1 2.57594E-1 2.59951E-1 2.62622E-1 2.66032E-1 2.6899E-1 2.72612E-1 2.76756E-1 2.81837E-1 2.86425E-1 2.91141E-1 2.97111E-1 3.04477E-1 3.11614E-1 3.19419E-1 3.26742E-1 3.37057E-1 3.46937E-1 3.57805E-1 3.69511E-1 3.82175E-1 3.95772E-1 4.10516E-1 4.2676E-1 4.48108E-1 4.71601E-1 4.95519E-1 5.20425E-1 5.47981E-1 5.7956E-1 6.06381E-1 6.37511E-1 6.69855E-1 7.08928E-1 7.39047E-1 7.72928E-1 8.06324E-1 8.41525E-1 8.54461E-1 8.57348E-1 8.60125E-1 8.6354E-1 8.65817E-1 8.68472E-1
1.69508E-1 1.68828E-1 1.68088E-1 1.67518E-1 1.6694E-1 1.6653E-1 1.6606E-1 1.6508E-1 2.58405E-1 2.581E-1 2.57948E-1 2.57948E-1 2.581E-1 2.58405E-1 2.5894E-1 2.58892E-1 2.59721E-1 2.60873E-1 2.62326E-1 2.63707E-1 2.65485E-1 2.67586E-1 2.70241E-1 2.72372E-1 2.74999E-1 2.78361E-1 2.82657E-1 2.86826E-1 2.91393E-1 2.95762E-1 3.01977E-1 3.07767E-1 3.14353E-1 3.21574E-1 3.29472E-1 3.38075E-1 3.47321E-1 3.57316E-1 3.6821E-1 3.80146E-1 3.9286E-1 4.06682E-1 4.21459E-1 4.39549E-1 4.58262E-1 4.80655E-1 5.04542E-1 5.34028E-1 5.61166E-1 5.86545E-1 6.16323E-1 6.50711E-1 6.82835E-1 7.11986E-1 7.45251E-1 7.84824E-1 8.16863E-1 8.45563E-1 8.53521E-1 8.567E-1 8.59485E-1 8.61815E-1 8.64479E-1
1.77923E-1 1.77038E-1 1.75616E-1 1.74959E-1 1.74314E-1 1.73779E-1 1.73236E-1 1.72804E-1 2.69593E-1 2.69119E-1 2.67872E-1 2.67636E-1 2.67636E-1 2.67793E-1 2.68029E-1 2.68596E-1 2.69226E-1 2.70175E-1 2.70492E-1 2.71669E-1 2.7317E-1 2.7524E-1 2.77308E-1 2.79728E-1 2.82083E-1 2.85514E-1 2.88393E-1 2.92235E-1 2.96443E-1 3.01028E-1 3.06119E-1 3.11777E-1 3.17903E-1 3.24272E-1 3.31584E-1 3.39567E-1 3.48169E-1 3.57512E-1 3.6891E-1 3.78532E-1 3.90379E-1 4.03402E-1 4.19083E-1 4.34129E-1 4.48146E-1 4.68424E-1 4.93294E-1 5.17214E-1 5.4271E-1 5.6834E-1 6.00087E-1 6.29266E-1 6.59986E-1 6.88309E-1 7.24607E-1 7.57232E-1 7.89171E-1 8.23397E-1 8.48498E-1 8.53269E-1 8.56103E-1 8.58479E-1 8.61657E-1
1.85947E-1 1.85093E-1 1.8429E-1 1.83557E-1 1.82146E-1 1.81477E-1 1.80857E-1 1.80304E-1 2.8035E-1 2.79617E-1 2.79211E-1 2.78818E-1 2.77683E-1 2.77521E-1 2.77616E-1 2.77956E-1 2.78361E-1 2.79091E-1 2.79891E-1 2.80788E-1 2.81265E-1 2.83068E-1 2.84852E-1 2.86992E-1 2.89061E-1 2.92066E-1 2.95167E-1 2.9855E-1 3.01805E-1 3.06119E-1 3.1073E-1 3.15856E-1 3.21483E-1 3.28473E-1 3.34359E-1 3.41648E-1 3.49516E-1 3.5926E-1 3.6881E-1 3.77735E-1 3.88736E-1 4.02147E-1 4.15002E-1 4.28968E-1 4.42441E-1 4.60458E-1 4.79988E-1 5.02528E-1 5.26387E-1 5.5179E-1 5.78959E-1 6.06954E-1 6.37686E-1 6.6814E-1 6.99881E-1 7.31748E-1 7.6329E-1 7.95079E-1 8.26658E-1 8.4932E-1 8.52285E-1 8.54708E-1 8.57871E-1
1.94478E-1 1.9359E-1 1.92755E-1 1.91873E-1 1.90986E-1 1.90347E-1 1.89593E-1 1.88189E-1 2.91531E-1 2.90774E-1 2.90201E-1 2.89615E-1 2.89114E-1 2.8878E-1 2.88824E-1 2.87824E-1 2.88073E-1 2.8849E-1 2.89061E-1 2.8973E-1 2.90805E-1 2.92066E-1 2.93571E-1 2.94672E-1 2.96684E-1 2.99064E-1 3.01805E-1 3.04811E-1 3.08279E-1 3.12057E-1 3.16214E-1 3.20488E-1 3.26283E-1 3.31955E-1 3.37417E-1 3.44087E-1 3.52398E-1 3.60441E-1 3.6921E-1 3.77413E-1 3.88943E-1 4.0005E-1 4.12002E-1 4.24939E-1 4.38878E-1 4.53758E-1 4.69717E-1 4.88755E-1 5.11256E-1 5.35547E-1 5.60699E-1 5.86651E-1 6.14385E-1 6.43914E-1 6.74322E-1 7.06784E-1 7.37478E-1 7.72947E-1 8.00651E-1 8.30996E-1 8.48064E-1 8.50899E-1 8.54152E-1
2.03463E-1 2.01681E-1 2.00754E-1 1.99718E-1 1.9887E-1 1.98137E-1 1.97295E-1 1.96446E-1 3.03403E-1 3.01341E-1 3.00652E-1 2.99806E-1 2.99205E-1 2.98704E-1 2.98479E-1 2.98307E-1 2.98207E-1 2.97452E-1 2.97794E-1 2.98307E-1 2.99064E-1 3.00095E-1 3.01287E-1 3.02742E-1 3.0455E-1 3.05842E-1 3.08206E-1 3.10907E-1 3.14427E-1 3.17454E-1 3.21212E-1 3.25459E-1 3.30766E-1 3.35558E-1 3.40606E-1 3.46746E-1 3.54421E-1 3.61903E-1 3.70012E-1 3.77617E-1 3.88321E-1 3.98697E-1 4.09873E-1 4.21896E-1 4.34906E-1 4.48805E-1 4.6377E-1 4.79792E-1 5.00142E-1 5.20781E-1 5.44594E-1 5.69111E-1 5.98843E-1 6.2362E-1 6.5233E-1 6.81826E-1 7.17342E-1 7.48633E-1 7.76272E-1 8.06876E-1 8.37952E-1 8.46988E-1 8.49901E-1
2.12883E-1 2.11911E-1 2.10761E-1 2.08913E-1 2.07968E-1 2.07153E-1 2.06078E-1 2.05207E-1 2.04401E-1 3.14662E-1 3.13697E-1 3.11582E-1 3.10786E-1 3.10095E-1 3.09598E-1 3.09158E-1 3.08894E-1 3.08806E-1 3.08806E-1 3.08206E-1 3.0863E-1 3.09334E-1 3.10215E-1 3.11526E-1 3.12841E-1 3.14531E-1 3.16468E-1 3.18443E-1 3.21121E-1 3.23831E-1 3.27185E-1 3.31491E-1 3.35745E-1 3.40417E-1 3.44945E-1 3.50947E-1 3.57218E-1 3.63964E-1 3.714E-1 3.79534E-1 3.88321E-1 3.97749E-1 4.07946E-1 4.19192E-1 4.31268E-1 4.44107E-1 4.57958E-1 4.72831E-1 4.9076E-1 5.05676E-1 5.26971E-1 5.51498E-1 5.79475E-1 6.02867E-1 6.3019E-1 6.58379E-1 6.90656E-1 7.20636E-1 7.47577E-1 7.8357E-1 8.13926E-1 8.38849E-1 8.46033E-1
2.22866E-1 2.21665E-1 2.20603E-1 2.19535E-1 2.18482E-1 2.17434E-1 2.1547E-1 2.14499E-1 2.13522E-1 3.27519E-1 3.26341E-1 3.25152E-1 3.24147E-1 3.2316E-1 3.21302E-1 3.20668E-1 3.20141E-1 3.1978E-1 3.19509E-1 3.19509E-1 3.1969E-1 3.20051E-1 3.1978E-1 3.20668E-1 3.21574E-1 3.22921E-1 3.24819E-1 3.26742E-1 3.29026E-1 3.31306E-1 3.33986E-1 3.37323E-1 3.41158E-1 3.45327E-1 3.49997E-1 3.55086E-1 3.60736E-1 3.66929E-1 3.73397E-1 3.80759E-1 3.88822E-1 3.97539E-1 4.06896E-1 4.18431E-1 4.28087E-1 4.39884E-1 4.52981E-1 4.68463E-1 4.83272E-1 4.97131E-1 5.13921E-1 5.36712E-1 5.60139E-1 5.82607E-1 6.09538E-1 6.39782E-1 6.67167E-1 6.95996E-1 7.22222E-1 7.5555E-1 7.85312E-1 8.14525E-1 8.39764E-1
2.34227E-1 2.31996E-1 2.30893E-1 2.29794E-1 2.2863E-1 2.27461E-1 2.26307E-1 2.25227E-1 2.2414E-1 3.40855E-1 3.39627E-1 3.38229E-1 3.37008E-1 3.35711E-1 3.34733E-1 3.33893E-1 3.33055E-1 3.31306E-1 3.30766E-1 3.30473E-1 3.30396E-1 3.30396E-1 3.30658E-1 3.31213E-1 3.31862E-1 3.32048E-1 3.3335E-1 3.34919E-1 3.36776E-1 3.39017E-1 3.41537E-1 3.44372E-1 3.47704E-1 3.50753E-1 3.54892E-1 3.59457E-1 3.64559E-1 3.70112E-1 3.77024E-1 3.8279E-1 3.90067E-1 3.97854E-1 4.07643E-1 4.17039E-1 4.25798E-1 4.36667E-1 4.49937E-1 4.6262E-1 4.76189E-1 4.89479E-1 5.07096E-1 5.2378E-1 5.43081E-1 5.63743E-1 5.90902E-1 6.16258E-1 6.42649E-1 6.7169E-1 7.00499E-1 7.29451E-1 7.58511E-1 7.87203E-1 8.16386E-1
2.4512E-1 2.43965E-1 2.42741E-1 2.41523E-1 2.39162E-1 2.3803E-1 2.36832E-1 2.35556E-1 2.34227E-1 3.56221E-1 3.54759E-1 3.53219E-1 3.50236E-1 3.48903E-1 3.47704E-1 3.4665E-1 3.45518E-1 3.44563E-1 3.43706E-1 3.43151E-1 3.41537E-1 3.41348E-1 3.41269E-1 3.41458E-1 3.41837E-1 3.42391E-1 3.43341E-1 3.44468E-1 3.45136E-1 3.46841E-1 3.48938E-1 3.51333E-1 3.54129E-1 3.57707E-1 3.60834E-1 3.64857E-1 3.6891E-1 3.74508E-1 3.80061E-1 3.8524E-1 3.91835E-1 3.99944E-1 4.0775E-1 4.16281E-1 4.24392E-1 4.35554E-1 4.46453E-1 4.58073E-1 4.70528E-1 4.83977E-1 4.98302E-1 5.14404E-1 5.30815E-1 5.49276E-1 5.71986E-1 5.95937E-1 6.20399E-1 6.46887E-1 6.73888E-1 7.03738E-1 7.32113E-1 7.60737E-1 7.92304E-1
2.55533E-1 2.54338E-1 2.53147E-1 2.51873E-1 2.50394E-1 2.48194E-1 2.46868E-1 2.45486E-1 2.43965E-1 2.42669E-1 3.67991E-1 3.66295E-1 3.64324E-1 3.61489E-1 3.59913E-1 3.58884E-1 3.57316E-1 3.56159E-1 3.55086E-1 3.54308E-1 3.53449E-1 3.51817E-1 3.5143E-1 3.51237E-1 3.51333E-1 3.51527E-1 3.52108E-1 3.52867E-1 3.54032E-1 3.54502E-1 3.56159E-1 3.58197E-1 3.60834E-1 3.63584E-1 3.66332E-1 3.69811E-1 3.74306E-1 3.78329E-1 3.83303E-1 3.88011E-1 3.94724E-1 4.01318E-1 4.08374E-1 4.16173E-1 4.24611E-1 4.33907E-1 4.43882E-1 4.54554E-1 4.66152E-1 4.78505E-1 4.91826E-1 5.06036E-1 5.21126E-1 5.38231E-1 5.55525E-1 5.77997E-1 6.01613E-1 6.28893E-1 6.51945E-1 6.78535E-1 7.05746E-1 7.38988E-1 7.67063E-1
2.67548E-1 2.66385E-1 2.6507E-1 2.63527E-1 2.62134E-1 2.60913E-1 2.59467E-1 2.57875E-1 2.55306E-1 2.53886E-1 3.83266E-1 3.81029E-1 3.79106E-1 3.77275E-1 3.75466E-1 3.73902E-1 3.70998E-1 3.69511E-1 3.68127E-1 3.66929E-1 3.65851E-1 3.64956E-1 3.64261E-1 3.63667E-1 3.62298E-1 3.62199E-1 3.62298E-1 3.62792E-1 3.63386E-1 3.64261E-1 3.65453E-1 3.67129E-1 3.68327E-1 3.70597E-1 3.72893E-1 3.76212E-1 3.79653E-1 3.83509E-1 3.87804E-1 3.92547E-1 3.97539E-1 4.03402E-1 4.09765E-1 4.16823E-1 4.24392E-1 4.32706E-1 4.41656E-1 4.51296E-1 4.63425E-1 4.73412E-1 4.85605E-1 4.98541E-1 5.14283E-1 5.27415E-1 5.43257E-1 5.59978E-1 5.84866E-1 6.08296E-1 6.30039E-1 6.55219E-1 6.84578E-1 7.10785E-1 7.38075E-1
2.8132E-1 2.80109E-1 2.78565E-1 2.76005E-1 2.74559E-1 2.73211E-1 2.71472E-1 2.69899E-1 2.68334E-1 2.66698E-1 4.00328E-1 3.9666E-1 3.94477E-1 3.92405E-1 3.90445E-1 3.88387E-1 3.86667E-1 3.84931E-1 3.83201E-1 3.80351E-1 3.7894E-1 3.77735E-1 3.76618E-1 3.75604E-1 3.74997E-1 3.74508E-1 3.74104E-1 3.73095E-1 3.73397E-1 3.73801E-1 3.74508E-1 3.75706E-1 3.77126E-1 3.78838E-1 3.80657E-1 3.82688E-1 3.85549E-1 3.88822E-1 3.92547E-1 3.96698E-1 4.01318E-1 4.06362E-1 4.12002E-1 4.18866E-1 4.24939E-1 4.32374E-1 4.40443E-1 4.50276E-1 4.59885E-1 4.6881E-1 4.79792E-1 4.93704E-1 5.06516E-1 5.18498E-1 5.32997E-1 5.50484E-1 5.67019E-1 5.86549E-1 6.0883E-1 6.35112E-1 6.60437E-1 6.85444E-1 7.11691E-1
2.94546E-1 2.93107E-1 2.91787E-1 2.90275E-1 2.88783E-1 2.87215E-1 2.84331E-1 2.82617E-1 2.80912E-1 2.79133E-1 2.77444E-1 4.14531E-1 4.1207E-1 4.08352E-1 4.05702E-1 4.03788E-1 4.01724E-1 3.99628E-1 3.97434E-1 3.95772E-1 3.94009E-1 3.91107E-1 3.89444E-1 3.88218E-1 3.87287E-1 3.86374E-1 3.85549E-1 3.85137E-1 3.84845E-1 3.8392E-1 3.84314E-1 3.84931E-1 3.85755E-1 3.86994E-1 3.88528E-1 3.90483E-1 3.92756E-1 3.94829E-1 3.98275E-1 4.01406E-1 4.05421E-1 4.09765E-1 4.15416E-1 4.20915E-1 4.26127E-1 4.32595E-1 4.4076E-1 4.48805E-1 4.57387E-1 4.65479E-1 4.76772E-1 4.87491E-1 4.99137E-1 5.10564E-1 5.25607E-1 5.39953E-1 5.55152E-1 5.71246E-1 5.89205E-1 6.12051E-1 6.3583E-1 6.61066E-1 6.86224E-1
3.08251E-1 3.06936E-1 3.05553E-1 3.04087E-1 3.02454E-1 3.00828E-1 2.99023E-1 2.9724E-1 2.94122E-1 2.92025E-1 2.90359E-1 4.31559E-1 4.28928E-1 4.26087E-1 4.23476E-1 4.21311E-1 4.17325E-1 4.14786E-1 4.1254E-1 4.10623E-1 4.08498E-1 4.06274E-1 4.04464E-1 4.02783E-1 4.00261E-1 3.98784E-1 3.97644E-1 3.96803E-1 3.96069E-1 3.95667E-1 3.95457E-1 3.95562E-1 3.95038E-1 3.95772E-1 3.96803E-1 3.9817E-1 3.99944E-1 4.01935E-1 4.04783E-1 4.07216E-1 4.10087E-1 4.13815E-1 4.18648E-1 4.23407E-1 4.27996E-1 4.33796E-1 4.40984E-1 4.4792E-1 4.55694E-1 4.62965E-1 4.73064E-1 4.82802E-1 4.93348E-1 5.04597E-1 5.16681E-1 5.29592E-1 5.44346E-1 5.59107E-1 5.74833E-1 5.91811E-1 6.1363E-1 6.35855E-1 6.6256E-1
3.22619E-1 3.21349E-1 3.18579E-1 3.17066E-1 3.15276E-1 3.13776E-1 3.11926E-1 3.10084E-1 3.07812E-1 3.05814E-1 3.02714E-1 3.00656E-1 4.44516E-1 4.41728E-1 4.38949E-1 4.36515E-1 4.33423E-1 4.30785E-1 4.26896E-1 4.2472E-1 4.22005E-1 4.19626E-1 4.17473E-1 4.15416E-1 4.13599E-1 4.11894E-1 4.0923E-1 4.07946E-1 4.06789E-1 4.0606E-1 4.05421E-1 4.05102E-1 4.04996E-1 4.05208E-1 4.04889E-1 4.05723E-1 4.06896E-1 4.08694E-1 4.10731E-1 4.12755E-1 4.15416E-1 4.18974E-1 4.22114E-1 4.26237E-1 4.30292E-1 4.35999E-1 4.41769E-1 4.4792E-1 4.54782E-1 4.62275E-1 4.70528E-1 4.79324E-1 4.88888E-1 4.99137E-1 5.10202E-1 5.22098E-1 5.34713E-1 5.49989E-1 5.63672E-1 5.79074E-1 5.953E-1 6.1819E-1 6.40721E-1
3.37575E-1 3.36355E-1 3.34967E-1 3.3349E-1 3.31554E-1 3.28612E-1 3.26697E-1 3.24516E-1 3.22437E-1 3.20278E-1 3.18309E-1 3.15723E-1 4.64285E-1 4.59614E-1 4.56546E-1 4.53602E-1 4.50556E-1 4.47653E-1 4.44628E-1 4.41993E-1 4.39214E-1 4.35017E-1 4.32485E-1 4.30071E-1 4.27867E-1 4.25707E-1 4.23735E-1 4.22005E-1 4.19083E-1 4.18015E-1 4.16931E-1 4.16065E-1 4.15416E-1 4.152E-1 4.152E-1 4.15542E-1 4.15416E-1 4.1639E-1 4.17798E-1 4.193E-1 4.21678E-1 4.24173E-1 4.27116E-1 4.30513E-1 4.34018E-1 4.38432E-1 4.43321E-1 4.48711E-1 4.54668E-1 4.61242E-1 4.68347E-1 4.76189E-1 4.84918E-1 4.9406E-1 5.04018E-1 5.14746E-1 5.26216E-1 5.40076E-1 5.51454E-1 5.65417E-1 5.81437E-1 5.99189E-1 6.19002E-1
3.53208E-1 3.51964E-1 3.50626E-1 3.48907E-1 3.47178E-1 3.45662E-1 3.43675E-1 3.39899E-1 3.37669E-1 3.35435E-1 3.33304E-1 3.30628E-1 3.2806E-1 4.79964E-1 4.76613E-1 4.71627E-1 4.68421E-1 4.65091E-1 4.61889E-1 4.58698E-1 4.55694E-1 4.5264E-1 4.4971E-1 4.45119E-1 4.42778E-1 4.4022E-1 4.37874E-1 4.35332E-1 4.33371E-1 4.31821E-1 4.30292E-1 4.27666E-1 4.26566E-1 4.25798E-1 4.25378E-1 4.25049E-1 4.25158E-1 4.25579E-1 4.26237E-1 4.26676E-1 4.28216E-1 4.30071E-1 4.32374E-1 4.35017E-1 4.38097E-1 4.41769E-1 4.45795E-1 4.50163E-1 4.56017E-1 4.61031E-1 4.67191E-1 4.74111E-1 4.82567E-1 4.89715E-1 4.98441E-1 5.08418E-1 5.20054E-1 5.31182E-1 5.41655E-1 5.54284E-1 5.69496E-1 5.83803E-1 5.99063E-1
